timestamp,ch1,ch2,ch3,ch4,ch5,ch6,ch7,ch8,noise
0.005,7,8,3,3,0,-4,1,-1,0.0
0.01,-1,7,14,1,3,3,12,4,0.0
0.015,0,3,-2,-3,-6,-10,-19,-2,0.0
0.02,-1,14,-42,-19,-9,-6,-14,-14,0.0
0.025,-8,-13,4,2,3,6,7,-1,0.0
0.03,0,-7,-3,6,1,-1,3,2,0.0
0.035,-3,0,-2,-1,3,3,8,1,0.0
0.04,-1,-15,17,14,4,-1,2,0,0.0
0.045,1,2,-43,-17,-7,-3,-4,-4,0.0
0.05,3,9,-7,-6,0,0,-3,0,0.0
0.055,0,-9,45,30,11,5,3,-1,0.0
0.06,0,8,1,2,-7,-2,-3,1,0.0
0.065,-6,-18,21,13,8,3,0,0,0.0
0.07,-3,-4,-11,-19,-4,-2,-5,-2,0.0
0.075,-1,-6,18,1,-4,0,0,-2,0.0
0.08,1,0,7,4,8,3,3,2,0.0
0.085,-2,14,-22,2,-2,-4,-7,0,0.0
0.09,-2,3,8,14,-8,-2,-4,-2,0.0
0.095,3,0,-4,26,26,4,0,0,0.0
0.1,-7,-8,-10,-12,-15,-2,0,-3,0.0
0.105,-7,-14,-4,-22,-3,0,0,-2,0.0
0.11,1,-9,1,3,-3,-4,-6,-4,0.0
0.115,-4,-2,1,4,4,0,-3,-5,0.0
0.12,2,2,-5,-1,0,-1,1,3,0.0
0.125,-1,0,-3,-3,0,-1,-1,-2,0.0
0.13,-5,-52,6,12,2,0,-1,-2,0.0
0.135,9,94,14,-30,-10,-1,-1,2,0.0
0.14,-5,-18,1,-7,1,0,-1,0,0.0
0.145,4,-8,1,9,4,2,4,3,0.0
0.15,-17,-3,-14,-7,-4,-7,-9,-5,0.0
0.155,11,-90,54,19,3,4,5,-2,0.0
0.16,-2,-60,10,-4,-3,0,1,0,0.0
0.165,-14,-41,-21,-5,-3,-5,-7,-8,0.0
0.17,9,61,-39,-10,-3,-1,0,2,0.0
0.17500000000000002,-5,-19,-20,-1,0,-4,-1,9,0.0
0.18,72,104,62,8,1,3,2,40,0.0
0.185,-55,-104,-12,25,11,18,18,3,0.0
0.19,-16,-72,55,-27,-18,-16,-16,-46,0.0
0.195,11,57,-31,-2,-2,-1,-1,-3,0.0
0.2,5,22,-103,-14,-3,-4,-4,3,0.0
0.20500000000000002,15,54,115,18,2,1,5,15,0.0
0.21,20,29,-111,3,7,6,2,5,0.0
0.215,-12,-71,15,-28,-7,-6,-5,-5,0.0
0.22,-15,43,37,42,22,2,-4,-15,0.0
0.225,-36,-33,-19,-69,-71,-12,-8,-14,0.0
0.23,-6,34,30,23,7,4,4,4,0.0
0.23500000000000001,-1,-24,37,7,-1,-3,9,-2,0.0
0.24,-1,-17,8,4,17,8,-3,-4,0.0
0.245,18,31,-11,15,16,-1,-3,0,0.0
0.25,6,-22,19,45,26,4,4,9,0.0
0.255,11,38,-11,-8,5,4,0,10,0.0
0.26,-18,-67,6,-81,-74,-22,-5,-12,0.0
0.265,-9,-34,-27,21,2,-3,-2,-5,0.0
0.27,-33,-24,-35,-42,-21,-14,-12,-13,0.0
0.275,-12,-83,-47,32,39,6,-7,-3,0.0
0.28,-17,-19,49,1,11,2,3,-11,0.0
0.28500000000000003,18,-10,-45,-23,-10,-10,-9,-3,0.0
0.29,18,16,27,8,13,4,1,12,0.0
0.295,4,-14,-22,14,-7,1,0,-7,0.0
0.3,-29,-2,-27,-12,-8,-5,-2,-7,0.0
0.305,-7,10,28,4,9,0,-1,2,0.0
0.31,8,-2,-1,6,0,2,0,3,0.0
0.315,7,76,0,-12,-9,0,5,2,0.0
0.32,-6,-25,5,10,-2,0,0,-5,0.0
0.325,21,104,35,11,19,2,-3,3,0.0
0.33,4,-5,6,-5,-7,0,2,2,0.0
0.335,-3,-14,31,-9,-17,-7,-8,-5,0.0
0.34,6,-55,-47,7,14,3,0,-1,0.0
0.34500000000000003,-1,7,24,2,5,4,6,-1,0.0
0.35000000000000003,-23,-98,-66,-36,-19,-8,-8,-10,0.0
0.355,12,47,32,12,1,0,0,1,0.0
0.36,-5,-17,2,15,5,-5,-4,-4,0.0
0.365,5,-21,-28,-5,0,-2,-1,-4,0.0
0.37,0,-29,33,1,-7,2,5,6,0.0
0.375,-8,-38,-21,1,3,-4,-8,-5,0.0
0.38,-14,-3,-19,9,3,6,8,1,0.0
0.385,0,-35,-4,-12,-6,-2,-5,-6,0.0
0.39,8,69,38,7,7,2,3,5,0.0
0.395,-10,-13,-20,11,1,-2,-2,1,0.0
0.4,0,0,0,-1,-10,-1,0,0,0.0
0.405,20,87,14,10,4,4,7,7,0.0
0.41000000000000003,-4,-23,38,-12,-4,-1,-2,-5,0.0
0.41500000000000004,-7,-3,5,0,-1,0,-1,-3,0.0
0.42,11,-3,-12,5,1,-2,-3,-3,0.0
0.425,0,-15,-2,3,6,0,-2,2,0.0
0.43,4,19,4,6,0,1,3,3,0.0
0.435,1,12,-10,-8,-6,-3,-2,-2,0.0
0.44,-16,-44,-8,2,1,-2,-5,-5,0.0
0.445,-3,-37,33,0,-3,-3,-2,-2,0.0
0.45,-12,-54,-69,-34,-10,-3,-4,-3,0.0
0.455,6,-7,7,-1,-2,0,1,3,0.0
0.46,0,-41,-24,4,3,-3,-5,-8,0.0
0.465,-2,-10,1,-20,-3,-3,-4,-4,0.0
0.47000000000000003,2,-7,1,24,2,2,2,1,0.0
0.47500000000000003,2,51,3,-17,-6,-1,0,1,0.0
0.48,-3,-16,-4,13,3,1,9,5,0.0
0.485,-3,-10,14,9,5,2,3,0,0.0
0.49,0,20,13,1,-2,-2,-1,-4,0.0
0.495,-5,-17,-9,1,-4,-3,-5,12,0.0
0.5,7,25,-3,-7,2,0,-2,0,0.0
0.505,3,1,-10,-7,5,2,-3,-2,0.0
0.51,20,93,7,-7,-8,-1,6,13,0.0
0.515,-16,-49,-12,-56,-10,-2,4,-8,0.0
0.52,-2,12,-18,-24,-4,-3,-6,-1,0.0
0.525,-5,-18,-32,-10,3,-1,3,1,0.0
0.53,-7,1,52,9,15,4,9,7,0.0
0.535,9,-2,2,78,1,-2,-6,-12,0.0
0.54,-8,48,67,25,3,1,1,1,0.0
0.545,-6,-23,-55,-14,-14,-10,-12,-10,0.0
0.55,-5,-3,15,-31,-1,1,6,7,0.0
0.555,-1,3,-18,1,-3,3,24,39,0.0
0.56,-4,-6,30,16,-1,-4,-57,-31,0.0
0.5650000000000001,4,0,-11,41,1,-2,-9,-1,0.0
0.5700000000000001,1,-1,2,19,0,-1,2,0,0.0
0.5750000000000001,-8,-9,64,31,4,-1,-4,-8,0.0
0.58,5,8,-30,-34,-3,1,15,8,0.0
0.585,-5,-5,-39,-27,-9,-6,-1,0,0.0
0.59,9,14,8,-12,1,-1,-9,-3,0.0
0.595,-4,-26,38,47,8,2,-3,-10,0.0
0.6,-5,-2,31,-17,-3,-2,9,6,0.0
0.605,-6,-15,-37,27,-8,-3,-3,-12,0.0
0.61,-3,-21,-39,-49,-4,-3,2,-1,0.0
0.615,-2,-4,-6,4,1,-4,-7,-14,0.0
0.62,8,16,26,23,6,3,17,6,0.0
0.625,9,15,58,44,19,4,-17,-17,0.0
0.63,0,24,18,68,-11,0,1,2,0.0
0.635,-8,-9,-76,-116,-24,-9,-7,-7,0.0
0.64,-3,-4,-59,-24,-10,-7,-4,-2,0.0
0.645,4,13,16,-22,-1,-2,6,8,0.0
0.65,-1,-12,15,45,13,4,-2,-5,0.0
0.655,3,14,31,30,9,3,-3,-4,0.0
0.66,5,16,-8,5,8,43,10,5,0.0
0.665,-8,-30,-15,-29,-17,-50,-4,-3,0.0
0.67,-6,-14,23,9,6,3,-1,-3,0.0
0.675,-2,0,-87,-29,-3,-2,49,40,0.0
0.68,-6,-17,50,-13,-3,-10,-27,-17,0.0
0.685,1,-59,0,22,11,25,3,-4,0.0
0.6900000000000001,0,-59,-47,-10,-4,-4,-8,-2,0.0
0.6950000000000001,-10,11,33,7,-6,-9,-7,-3,0.0
0.7000000000000001,5,-12,-57,6,-3,-5,10,9,0.0
0.705,-2,10,21,-9,-2,5,11,-9,0.0
0.71,1,27,52,-6,-1,-9,-4,-4,0.0
0.715,-1,-20,-124,-21,-5,-1,-24,-16,0.0
0.72,-17,-15,0,-1,-7,-11,0,-10,0.0
0.725,-9,-80,-10,-14,-7,-4,-12,-4,0.0
0.73,6,4,-52,17,7,12,13,12,0.0
0.735,2,21,127,33,10,3,-8,-4,0.0
0.74,-18,11,-89,-66,-26,-21,-13,-9,0.0
0.745,-6,-1,-54,-9,-2,1,10,7,0.0
0.75,18,37,16,18,3,0,14,5,0.0
0.755,15,48,-12,-4,3,3,-16,-7,0.0
0.76,-7,-44,-51,5,-3,-3,12,2,0.0
0.765,22,89,127,19,4,3,-9,0,0.0
0.77,-20,-33,-86,-27,-7,-4,1,-3,0.0
0.775,1,6,76,-4,-1,-1,38,15,0.0
0.78,18,6,13,9,-2,-6,-35,-23,0.0
0.785,10,34,-54,3,4,10,38,10,0.0
0.79,-31,-14,37,3,-4,-7,-51,-81,0.0
0.795,4,-4,19,10,8,3,1,31,0.0
0.8,7,4,111,8,7,15,76,40,0.0
0.805,-5,-6,-20,-5,-6,-26,-103,-46,0.0
0.81,-11,-92,25,-11,0,8,62,21,0.0
0.8150000000000001,-14,-18,-76,-10,-4,-9,-31,1,0.0
0.8200000000000001,11,35,72,16,6,-2,-22,23,0.0
0.8250000000000001,-19,-39,-70,-11,-9,1,-3,-41,0.0
0.8300000000000001,9,30,-21,-14,-3,0,24,48,0.0
0.835,-3,-48,-18,2,-4,1,-8,-25,0.0
0.84,-6,-18,29,3,3,2,23,24,0.0
0.845,-8,-6,99,9,-1,1,-42,-1,0.0
0.85,11,24,-75,22,2,-5,-28,-2,0.0
0.855,4,-99,7,1,-2,-2,27,-16,0.0
0.86,25,101,5,33,10,8,-4,1,0.0
0.865,-10,-73,75,-12,3,8,30,19,0.0
0.87,8,-43,-19,-11,-8,-6,-17,-13,0.0
0.875,7,9,35,25,-4,-5,-22,-3,0.0
0.88,-6,-27,-32,-19,-4,-6,4,4,0.0
0.885,5,41,-21,18,6,8,23,41,0.0
0.89,-1,-10,51,0,-1,0,-33,26,0.0
0.895,-10,26,24,-12,1,2,23,75,0.0
0.9,-8,-3,-28,28,6,-3,-13,-52,0.0
0.905,1,19,-23,-10,3,3,17,9,0.0
0.91,-3,1,-3,-15,-13,-6,-11,-1,0.0
0.915,10,16,-22,-1,-8,-4,-4,-8,0.0
0.92,12,-31,-11,5,8,5,1,13,0.0
0.925,-14,60,-65,-6,-16,-5,0,4,0.0
0.93,-19,43,85,-19,0,2,9,-20,0.0
0.935,3,84,-32,-3,11,5,-12,-49,0.0
0.9400000000000001,-1,-17,-23,10,7,1,0,10,0.0
0.9450000000000001,15,-15,10,9,17,4,12,-14,0.0
0.9500000000000001,4,-54,-88,-11,2,-3,14,32,0.0
0.9550000000000001,-25,-64,-31,-28,-57,-27,-39,-29,0.0
0.96,-17,-23,-49,28,28,7,-8,-47,0.0
0.965,3,32,22,-39,-4,-1,4,8,0.0
0.97,7,19,-37,-19,-38,-7,1,-9,0.0
0.975,7,-7,-5,-2,32,16,9,3,0.0
0.98,-10,-68,-4,-1,-1,-7,-2,24,0.0
0.985,-6,-28,41,21,8,0,-30,-13,0.0
0.99,-6,-8,-3,-28,-35,-10,-6,-14,0.0
0.995,-8,7,-10,-22,-6,-4,-5,-22,0.0
1.0,5,12,37,2,24,3,1,8,0.0
1.0050000000000001,5,-6,-33,4,1,5,15,9,0.0
1.01,-9,9,78,-6,8,1,-6,-12,0.0
1.0150000000000001,-6,-19,-64,18,-63,-22,-12,-8,0.0
1.02,-8,0,25,-30,-21,-8,-4,10,0.0
1.025,1,-19,-12,1,12,-1,7,0,0.0
1.03,3,28,-38,12,21,3,-6,-13,0.0
1.035,-1,-2,-34,9,30,4,4,4,0.0
1.04,0,-7,1,-3,-5,-2,-12,-15,0.0
1.045,1,-23,-26,-4,-15,3,14,17,0.0
1.05,-7,-38,14,19,-1,0,-3,-5,0.0
1.055,9,-42,3,-15,6,5,6,15,0.0
1.06,6,58,21,-2,-9,-7,0,2,0.0
1.065,-6,-1,2,-7,1,-2,-3,-2,0.0
1.07,6,3,-77,23,2,-8,-6,-5,0.0
1.075,-3,-8,84,-5,13,11,4,2,0.0
1.08,-17,-12,-46,-30,-36,-13,-5,-10,0.0
1.085,-2,-13,-50,-5,0,-1,2,3,0.0
1.09,3,43,44,18,20,2,0,-1,0.0
1.095,3,11,-25,2,4,0,-3,-11,0.0
1.1,4,-11,-46,2,4,-2,-5,7,0.0
1.105,1,40,58,14,11,6,6,-3,0.0
1.11,4,-35,-34,3,-11,-3,6,6,0.0
1.115,-8,8,7,-32,-11,1,-8,-5,0.0
1.12,0,-8,6,-18,-19,-7,1,6,0.0
1.125,2,-19,-87,-36,-20,-4,-2,4,0.0
1.1300000000000001,-4,-34,68,-16,14,-2,-2,-3,0.0
1.135,2,8,-81,34,31,8,14,2,0.0
1.1400000000000001,-6,10,49,-2,1,-2,-4,-8,0.0
1.145,13,76,-2,11,-2,-5,0,6,0.0
1.1500000000000001,4,53,24,20,7,10,8,2,0.0
1.155,-7,-44,-10,-10,7,-4,-6,10,0.0
1.16,-11,-77,-28,-17,-35,-1,0,-8,0.0
1.165,15,11,4,2,-2,-3,0,-3,0.0
1.17,-9,-80,-18,11,18,10,8,12,0.0
1.175,-1,-23,59,2,19,3,0,-7,0.0
1.18,3,-49,-5,33,-18,-12,-2,-5,0.0
1.185,3,-39,-61,-44,-35,-6,-8,3,0.0
1.19,3,45,11,-6,-8,1,2,3,0.0
1.195,-9,-47,14,-11,1,-2,-12,-22,0.0
1.2,-2,-15,22,14,27,6,0,5,0.0
1.205,-3,-2,-17,17,17,3,4,-1,0.0
1.21,24,16,-47,49,66,13,1,10,0.0
1.215,-13,36,80,-22,-77,-17,-1,1,0.0
1.22,12,85,-31,-29,-59,-16,-6,3,0.0
1.225,-14,-74,52,-19,1,-3,-5,-9,0.0
1.23,-13,-36,-22,-13,-5,0,-2,-8,0.0
1.235,8,23,20,36,41,11,5,3,0.0
1.24,7,-52,-3,11,21,2,-4,-4,0.0
1.245,0,36,-12,7,-3,0,6,9,0.0
1.25,47,80,33,11,-3,6,9,14,0.0
1.2550000000000001,-19,-94,-16,6,13,0,-1,-3,0.0
1.26,-3,-36,12,-24,-15,2,-1,-2,0.0
1.2650000000000001,4,-11,6,28,16,-5,-4,1,0.0
1.27,-8,9,-47,1,-30,-7,-5,-15,0.0
1.2750000000000001,26,64,19,-9,-12,0,7,14,0.0
1.28,-3,1,-77,6,26,7,-1,-7,0.0
1.285,-14,-55,48,-12,-10,-7,-4,-6,0.0
1.29,-10,-27,7,-4,3,-4,-4,-2,0.0
1.295,-12,-67,-15,-10,-1,-6,-5,-9,0.0
1.3,-15,-18,2,25,24,5,-3,-4,0.0
1.305,-12,-103,-102,2,-18,-8,-9,-13,0.0
1.31,12,3,8,-4,-9,-2,4,5,0.0
1.315,12,6,-9,-8,-17,5,1,-1,0.0
1.32,0,-16,-69,-16,4,3,6,5,0.0
1.325,-31,-76,2,-50,-21,-12,-13,-15,0.0
1.33,-9,-23,49,-3,-15,-9,-8,-5,0.0
1.335,5,50,-90,33,47,7,-1,-2,0.0
1.34,16,54,119,-18,-44,-8,-1,1,0.0
1.345,8,101,73,60,32,17,16,17,0.0
1.35,11,35,-29,-21,15,0,-2,0,0.0
1.355,8,52,-19,-43,-51,-10,0,3,0.0
1.36,-2,-31,33,24,28,-2,-7,-11,0.0
1.365,1,-10,-10,-2,18,-1,-4,-7,0.0
1.37,17,34,45,9,-14,3,5,12,0.0
1.375,-11,-61,16,25,28,0,-6,-6,0.0
1.3800000000000001,-8,5,7,-23,-1,2,1,-7,0.0
1.385,0,-15,41,15,2,-2,-1,1,0.0
1.3900000000000001,-9,-16,59,85,34,4,-5,-5,0.0
1.395,-16,24,-34,-16,-27,-12,-9,-10,0.0
1.4000000000000001,9,19,-9,-17,15,1,-5,-2,0.0
1.405,-21,-34,-50,-31,-28,-13,-9,-11,0.0
1.41,-12,-1,40,1,-15,1,1,-8,0.0
1.415,-1,-46,-7,-30,-17,-8,0,3,0.0
1.42,-1,-9,-20,10,6,4,9,4,0.0
1.425,-3,-1,-10,5,9,3,-1,0,0.0
1.43,-6,-31,-27,-34,-11,-9,-8,-4,0.0
1.435,-3,-8,29,47,6,2,0,-2,0.0
1.44,-3,8,-31,16,16,5,3,1,0.0
1.445,14,28,-15,-56,-12,-1,1,5,0.0
1.45,-19,-57,-43,-39,-20,-5,-6,-7,0.0
1.455,6,14,27,28,23,8,6,7,0.0
1.46,-6,-60,-17,-17,-10,-8,-7,-3,0.0
1.465,-5,-23,25,48,1,6,6,-1,0.0
1.47,-10,-27,-33,-12,-3,-3,-1,-2,0.0
1.475,-12,-12,-45,-89,-7,-8,-6,-6,0.0
1.48,-1,0,5,35,-10,-6,-2,2,0.0
1.485,3,0,0,-3,-9,-6,-5,1,0.0
1.49,12,66,7,19,10,6,2,1,0.0
1.495,-4,-28,-3,5,-4,0,3,0,0.0
1.5,7,32,-10,4,12,2,-2,-2,0.0
1.5050000000000001,-4,-25,2,9,-14,-4,-1,0,0.0
1.51,-10,-38,-36,-65,-18,-7,-8,-4,0.0
1.5150000000000001,4,5,2,0,7,2,1,1,0.0
1.52,-4,14,16,7,-11,-4,0,-2,0.0
1.5250000000000001,6,20,1,-26,10,5,1,1,0.0
1.53,-7,-23,3,24,10,-5,-3,-3,0.0
1.5350000000000001,-6,-21,13,-1,-10,-5,-5,-3,0.0
1.54,-5,-47,-18,-5,-10,0,1,1,0.0
1.545,4,18,8,30,20,3,1,1,0.0
1.55,-5,15,-15,-84,-49,-14,-6,-4,0.0
1.555,1,0,19,36,27,7,2,-6,0.0
1.56,-2,-12,10,17,-12,-7,-4,-5,0.0
1.565,32,94,46,-9,0,2,7,20,0.0
1.57,-10,-28,-3,39,10,6,4,-6,0.0
1.575,7,1,-8,12,-12,-4,-5,2,0.0
1.58,-7,5,-2,-59,-3,-3,-5,-2,0.0
1.585,3,-3,-15,-3,-11,-2,2,0,0.0
1.59,-4,-28,3,11,17,-1,-1,-1,0.0
1.595,8,33,20,22,2,4,3,2,0.0
1.6,-5,-18,10,9,5,2,1,5,0.0
1.605,-8,-17,-7,1,1,0,-4,-7,0.0
1.61,4,8,-36,-19,-8,-6,-5,-2,0.0
1.615,0,-5,20,22,-11,1,3,2,0.0
1.62,-4,14,-9,-12,16,-1,-3,-11,0.0
1.625,-6,-23,-3,-5,7,2,0,-4,0.0
1.6300000000000001,-8,14,-46,-21,-8,-1,2,-1,0.0
1.635,-1,-12,10,-7,0,-2,0,0,0.0
1.6400000000000001,9,51,29,46,7,2,2,-3,0.0
1.645,1,9,-13,-26,-6,-3,-2,-5,0.0
1.6500000000000001,-4,-28,28,37,0,-3,0,-3,0.0
1.655,-4,-10,-46,-19,-3,-2,-5,-1,0.0
1.6600000000000001,-10,-11,-14,-53,-12,-5,-6,-2,0.0
1.665,-4,-15,15,28,-1,-1,2,4,0.0
1.67,12,-1,-23,-10,1,3,0,-7,0.0
1.675,-15,-21,3,-22,2,0,1,3,0.0
1.68,-4,-23,-8,47,2,3,2,-4,0.0
1.685,-7,10,-50,-93,-12,-7,6,2,0.0
1.69,8,-29,19,14,2,0,-11,9,0.0
1.695,-11,20,30,42,5,1,8,17,0.0
1.7,-27,-30,-5,18,0,-2,-12,-54,0.0
1.705,8,19,-9,16,1,-3,-6,2,0.0
1.71,0,-26,-18,-87,-2,4,7,17,0.0
1.715,-8,-2,18,11,3,9,24,-2,0.0
1.72,17,19,-3,-27,-5,-14,-10,-3,0.0
1.725,-28,-29,13,34,-7,-6,-33,-7,0.0
1.73,-4,-2,15,10,2,0,13,13,0.0
1.735,50,4,-9,-6,-2,-5,-29,-22,0.0
1.74,-1,2,6,9,3,7,35,36,0.0
1.745,3,-24,0,4,-1,1,-2,-2,0.0
1.75,16,16,14,15,2,-4,-15,-34,0.0
1.7550000000000001,-56,17,-23,-17,-2,4,13,13,0.0
1.76,7,-28,4,26,-1,-4,-9,-11,0.0
1.7650000000000001,7,-24,-2,-44,2,-1,6,3,0.0
1.77,-26,-1,-3,20,-6,-16,-31,-36,0.0
1.7750000000000001,32,8,-29,1,2,-1,4,2,0.0
1.78,-9,1,-7,-16,-1,1,-14,11,0.0
1.7850000000000001,-13,43,10,18,-1,6,13,27,0.0
1.79,12,-7,6,19,1,-2,5,-31,0.0
1.795,-19,19,-21,-22,-10,-15,-19,-32,0.0
1.8,-20,-74,18,1,8,14,14,15,0.0
1.805,8,-12,-16,9,-8,-2,8,4,0.0
1.81,-16,7,-6,-4,-9,-7,-8,13,0.0
1.815,4,-4,9,-11,-5,-4,-8,7,0.0
1.82,15,34,-7,-4,8,5,5,3,0.0
1.825,-10,-44,-9,23,18,4,-2,-18,0.0
1.83,-16,-73,-8,-8,-16,0,0,6,0.0
1.835,1,2,-16,-1,-3,-4,-2,1,0.0
1.84,-4,8,-32,-21,-14,-4,-2,8,0.0
1.845,11,-10,7,-3,-7,-5,-8,-14,0.0
1.85,-2,-3,-8,13,14,-2,-4,5,0.0
1.855,6,3,1,-1,2,1,5,-3,0.0
1.86,-1,16,11,-4,-9,-1,2,-7,0.0
1.865,-3,-27,4,10,6,1,0,-4,0.0
1.87,9,13,-9,-1,0,9,12,15,0.0
1.875,-2,-2,-5,-5,4,0,1,-3,0.0
1.8800000000000001,7,17,15,-3,-3,-4,-2,7,0.0
1.885,-3,-7,-14,1,-4,0,-5,-13,0.0
1.8900000000000001,23,98,3,-2,-5,-6,5,13,0.0
1.895,-12,-93,44,14,1,1,0,4,0.0
1.9000000000000001,-4,-14,-40,-16,-10,-4,-6,-8,0.0
1.905,2,-3,18,12,-1,-3,9,4,0.0
1.9100000000000001,-11,-3,-4,-1,18,1,-3,-19,0.0
1.915,8,11,9,5,1,4,3,7,0.0
1.92,12,68,8,-13,4,-5,-15,1,0.0
1.925,-1,9,-13,0,-9,-1,7,0,0.0
1.93,-5,-20,-20,-19,-10,1,4,7,0.0
1.935,3,16,-12,-11,1,0,-1,7,0.0
1.94,-5,-32,6,-4,-14,-4,3,6,0.0
1.945,1,20,19,0,-12,-4,-10,-14,0.0
1.95,-6,-35,-2,10,12,-1,-1,-3,0.0
1.955,2,-9,-6,-35,-9,4,7,8,0.0
1.96,6,5,-7,15,25,9,12,19,0.0
1.965,1,6,14,14,2,-3,-11,-2,0.0
1.97,-4,-10,11,-1,-12,-4,15,1,0.0
1.975,-10,17,1,11,-8,-7,-21,-51,0.0
1.98,5,14,-29,-8,-1,4,3,31,0.0
1.985,-8,-6,14,-3,-2,-2,-6,-28,0.0
1.99,11,-11,-9,6,1,7,14,40,0.0
1.995,-3,-6,-3,-3,-4,-4,0,-8,0.0
2.0,-8,-10,-1,-2,1,11,15,-5,0.0
2.005,0,7,-11,-3,1,-14,22,-7,0.0
2.0100000000000002,-4,-8,11,-7,-7,-1,-29,-33,0.0
2.015,14,6,5,13,6,6,17,39,0.0
2.02,4,5,5,8,-15,-5,-18,-14,0.0
2.025,-4,-16,-17,-7,5,8,21,19,0.0
2.0300000000000002,-9,-6,17,7,25,-4,-16,-37,0.0
2.035,1,11,-9,-7,-2,-2,5,0,0.0
2.04,2,-8,20,-3,-1,2,14,7,0.0
2.045,-2,-3,-41,-9,-17,-6,0,23,0.0
2.05,-5,10,6,-20,-10,-8,-29,-3,0.0
2.055,-3,-33,16,15,10,8,9,5,0.0
2.06,-1,-2,-7,-3,-4,-3,2,-18,0.0
2.065,-6,6,10,-4,-3,-3,-25,-21,0.0
2.07,3,13,6,6,1,-4,-17,10,0.0
2.075,1,9,-5,-9,-4,-3,-2,-2,0.0
2.08,0,9,-5,4,-1,-6,-5,-7,0.0
2.085,2,16,13,-4,1,2,-11,9,0.0
2.09,-4,-18,-2,-10,-7,2,20,3,0.0
2.095,11,65,24,12,-1,-3,-7,33,0.0
2.1,-3,-7,24,5,2,-3,49,1,0.0
2.105,1,-4,-23,-1,1,-3,-26,-21,0.0
2.11,-2,-1,2,3,-1,-1,3,-4,0.0
2.115,-7,-10,-9,-10,-1,-1,0,-5,0.0
2.12,-8,-9,18,-4,-1,-1,6,-1,0.0
2.125,-1,4,0,0,1,-1,21,12,0.0
2.13,-6,-6,2,9,-1,1,-38,12,0.0
2.1350000000000002,-2,-31,-3,-3,-2,-4,5,-7,0.0
2.14,-5,-9,-29,-5,8,1,-16,-9,0.0
2.145,3,11,17,0,-4,-4,-8,-4,0.0
2.15,-7,-31,4,-6,-5,4,20,14,0.0
2.1550000000000002,-5,0,-21,-10,-8,-4,-5,-13,0.0
2.16,5,3,5,-1,-5,-4,-13,0,0.0
2.165,-5,-16,2,-3,-2,1,-11,8,0.0
2.17,0,13,12,9,6,2,13,-12,0.0
2.1750000000000003,-3,-5,3,3,-5,-6,-14,-15,0.0
2.18,-2,-12,6,-9,1,-1,-5,0,0.0
2.185,1,-4,-6,2,-2,0,-1,13,0.0
2.19,0,-2,-14,-5,-7,2,62,27,0.0
2.195,0,39,12,2,-1,-4,-37,-28,0.0
2.2,-2,-11,10,3,-1,-8,-30,-12,0.0
2.205,-3,-20,-11,1,3,3,-9,3,0.0
2.21,-1,6,5,-1,-2,2,7,13,0.0
2.215,-11,-19,-3,0,2,0,14,5,0.0
2.22,6,17,-5,1,-2,0,-1,1,0.0
2.225,-8,-8,6,-1,2,-1,6,-12,0.0
2.23,-7,-18,-2,1,-3,1,-1,4,0.0
2.235,-4,1,-12,0,0,-4,-5,-1,0.0
2.24,-4,-4,8,10,0,-1,-13,-8,0.0
2.245,2,22,-5,-8,-4,-1,1,-12,0.0
2.25,-1,12,13,4,2,0,-8,-3,0.0
2.255,3,-11,5,1,1,-2,-2,5,0.0
2.2600000000000002,2,13,-1,3,-3,-1,-2,-4,0.0
2.265,-3,-13,-3,-2,-1,0,7,8,0.0
2.27,1,-4,-5,2,-2,-5,-10,-10,0.0
2.275,1,-10,-2,6,0,0,0,-4,0.0
2.2800000000000002,0,-14,-7,-4,-1,-1,24,15,0.0
2.285,-3,-1,-11,-8,-1,-1,-3,5,0.0
2.29,1,4,1,1,-2,-3,-6,7,0.0
2.295,-12,-28,-15,-5,1,-4,-15,-25,0.0
2.3000000000000003,-4,-34,32,1,4,4,24,36,0.0
2.305,-4,6,-21,11,-1,-6,-24,-43,0.0
2.31,0,0,-31,-10,-6,-6,-7,-8,0.0
2.315,6,7,-7,1,2,2,19,19,0.0
2.32,-3,2,-4,-9,3,2,-11,-9,0.0
2.325,3,11,11,11,9,3,9,12,0.0
2.33,-2,-9,-6,-18,-15,-3,-7,-8,0.0
2.335,0,14,-6,9,-7,-7,-10,-10,0.0
2.34,-3,-34,13,2,-6,-3,21,20,0.0
2.345,-1,23,-16,-11,11,1,-13,-33,0.0
2.35,4,20,2,41,15,4,20,47,0.0
2.355,1,19,-6,-26,-22,-3,-23,-29,0.0
2.36,-1,21,-8,-19,1,-3,-3,1,0.0
2.365,6,18,-2,37,0,-1,8,-10,0.0
2.37,-6,-26,1,-49,-14,-3,-4,-20,0.0
2.375,-6,6,-8,9,12,5,15,10,0.0
2.38,2,3,3,5,-5,-3,-17,-8,0.0
2.3850000000000002,3,5,-17,-30,6,0,1,6,0.0
2.39,-7,-13,-4,0,-10,-2,-10,-15,0.0
2.395,4,-8,8,-18,-14,2,3,7,0.0
2.4,-5,9,-21,-9,3,-5,-15,-26,0.0
2.4050000000000002,-12,-28,-3,23,6,-4,-2,22,0.0
2.41,3,27,2,-2,5,-6,-19,-47,0.0
2.415,1,-3,-5,10,-2,-3,2,9,0.0
2.42,-2,18,-40,7,-6,1,-4,-9,0.0
2.4250000000000003,4,-23,25,6,-8,4,15,10,0.0
2.43,1,16,-28,-24,-8,-2,-5,1,0.0
2.435,-5,-25,8,1,-4,-4,-5,10,0.0
2.44,3,2,-5,15,4,2,-9,-13,0.0
2.445,-5,-15,-3,-15,-3,-1,-2,1,0.0
2.45,5,15,5,7,6,0,3,-3,0.0
2.455,2,0,3,-1,5,2,4,2,0.0
2.46,-3,2,17,9,-9,-8,-14,-3,0.0
2.465,0,7,-2,7,3,-3,3,5,0.0
2.47,-1,-4,3,-1,-8,1,3,4,0.0
2.475,2,5,-1,-20,-10,-2,6,-2,0.0
2.48,-5,-23,-8,1,9,0,-11,-9,0.0
2.485,0,-5,9,-7,-8,2,20,15,0.0
2.49,5,34,23,34,6,-6,-31,-28,0.0
2.495,-3,-5,6,15,9,3,4,1,0.0
2.5,-3,-1,-14,-17,-8,-8,-12,-6,0.0
2.505,7,11,5,10,-4,2,4,11,0.0
2.5100000000000002,0,3,-3,-2,9,-3,15,16,0.0
2.515,-7,-18,-4,-23,-2,6,6,-4,0.0
2.52,1,9,24,-2,4,-6,1,-10,0.0
2.525,-3,-9,-2,-13,-8,-6,-24,-1,0.0
2.5300000000000002,-1,-7,13,7,-5,-4,-6,0,0.0
2.535,0,5,3,4,4,1,-1,8,0.0
2.54,-1,-6,-19,7,0,4,-3,0,0.0
2.545,1,0,14,-5,-1,1,19,-4,0.0
2.5500000000000003,-2,-13,-18,-26,-1,-7,-12,2,0.0
2.555,1,3,-11,2,-2,-6,-4,-11,0.0
2.56,-4,-13,4,6,4,14,9,6,0.0
2.565,-4,-5,-10,3,-7,-15,-21,-14,0.0
2.57,0,1,1,5,-2,4,2,8,0.0
2.575,-3,-7,28,56,7,-4,0,-1,0.0
2.58,-3,-34,-49,-29,-6,4,51,27,0.0
2.585,-6,-3,-24,-59,-13,-5,-32,-46,0.0
2.59,1,-13,-9,-24,-1,-3,-6,-6,0.0
2.595,1,2,18,7,1,-3,-1,1,0.0
2.6,2,8,45,27,0,-2,7,1,0.0
2.605,-7,-2,-8,20,2,5,10,15,0.0
2.61,2,-2,-2,-11,4,5,11,2,0.0
2.615,1,9,7,0,-2,1,0,-2,0.0
2.62,-1,14,-27,-20,-9,-10,-26,-13,0.0
2.625,3,-8,7,4,-2,0,8,8,0.0
2.63,-8,-10,6,7,-2,5,0,0,0.0
2.6350000000000002,-1,4,-19,0,4,-5,-3,2,0.0
2.64,-6,-2,-7,-8,-2,2,-10,-9,0.0
2.645,1,-7,-5,-15,-11,-3,-2,1,0.0
2.65,1,15,30,27,14,2,11,2,0.0
2.6550000000000002,-6,-30,2,-15,-2,2,-2,-4,0.0
2.66,-3,-8,1,-29,-12,-8,-9,-6,0.0
2.665,1,6,6,6,1,0,-2,0,0.0
2.67,-8,-28,-11,6,0,3,2,2,0.0
2.6750000000000003,7,12,-8,-1,3,-6,-3,0,0.0
2.68,-3,7,-4,7,7,3,-8,-5,0.0
2.685,11,66,-7,-14,-3,-2,5,7,0.0
2.69,-6,-24,4,9,-6,-5,0,0,0.0
2.695,11,60,-32,-16,-3,-2,-1,-5,0.0
2.7,-4,-32,22,12,-2,-4,-5,10,0.0
2.705,5,-24,-14,3,2,-2,8,0,0.0
2.71,-3,8,10,7,-3,4,-4,-3,0.0
2.715,-10,-30,-14,-7,-2,1,-2,-3,0.0
2.72,0,1,-11,-9,-1,-4,-4,-4,0.0
2.725,0,-6,-6,6,4,3,4,4,0.0
2.73,-1,-3,-11,-12,-7,-3,0,0,0.0
2.735,-3,-18,16,0,4,2,-2,-1,0.0
2.74,4,30,-9,2,5,2,3,-5,0.0
2.745,-5,-20,7,-15,0,-1,-9,16,0.0
2.75,1,4,-6,31,-3,-3,9,-2,0.0
2.755,-4,16,-5,9,-5,-6,-15,-5,0.0
2.7600000000000002,-3,-38,22,-18,-6,-7,-24,-3,0.0
2.765,-22,-24,1,6,3,-3,-3,-3,0.0
2.77,22,35,15,-9,0,5,7,8,0.0
2.775,-7,-13,-13,-11,-4,-1,3,-25,0.0
2.7800000000000002,2,23,-34,-5,-4,-2,1,-6,0.0
2.785,-10,-49,31,9,0,5,4,8,0.0
2.79,-1,14,-25,-11,-3,-5,-11,-18,0.0
2.795,1,-15,3,-7,2,2,3,7,0.0
2.8000000000000003,3,21,17,9,1,-3,0,0,0.0
2.805,9,15,2,3,-1,0,-1,4,0.0
2.81,-15,-48,-24,-12,1,-1,-2,4,0.0
2.815,7,72,11,-1,-3,0,3,4,0.0
2.82,1,18,-4,14,0,1,5,11,0.0
2.825,2,48,-13,6,1,0,6,9,0.0
2.83,34,-14,-21,-11,-5,-6,-6,-23,0.0
2.835,-40,-43,-5,-1,-1,-1,-10,-11,0.0
2.84,10,72,-30,-19,-2,6,20,16,0.0
2.845,-28,-42,39,4,-4,-3,6,45,0.0
2.85,10,-66,7,24,3,0,4,-25,0.0
2.855,26,65,1,-15,-3,2,-3,13,0.0
2.86,-47,-17,64,20,0,-10,-30,-51,0.0
2.865,-21,-67,-36,-18,-1,2,6,-6,0.0
2.87,-19,-69,9,-28,-9,-2,-3,16,0.0
2.875,34,-43,-13,13,3,-3,10,-5,0.0
2.88,-12,-22,26,17,3,4,4,46,0.0
2.8850000000000002,13,18,8,14,-6,-11,-10,0,0.0
2.89,-15,-2,-28,-27,-13,-8,-18,-13,0.0
2.895,-19,33,13,7,14,10,13,10,0.0
2.9,39,-34,-1,3,-6,-4,6,13,0.0
2.9050000000000002,43,14,22,-25,6,4,2,-18,0.0
2.91,-23,33,-3,11,-1,0,3,-2,0.0
2.915,-11,-18,-5,-12,-12,-13,-11,0,0.0
2.92,-7,32,-13,26,12,13,29,0,0.0
2.9250000000000003,24,57,38,18,0,6,7,2,0.0
2.93,-22,22,-9,-7,0,-8,-5,-7,0.0
2.935,-57,-84,-28,-28,-4,-7,-32,-23,0.0
2.94,-15,-33,50,27,-5,-11,-28,-46,0.0
2.945,14,-50,-76,-17,-8,1,17,16,0.0
2.95,32,34,16,-57,-1,2,2,19,0.0
2.955,-35,-33,-2,33,7,3,-1,-7,0.0
2.96,-23,7,9,25,4,-2,-15,-8,0.0
2.965,-31,-20,-79,-50,-29,-20,-36,-31,0.0
2.97,20,17,11,38,4,5,15,20,0.0
2.975,-4,-25,13,6,3,5,4,8,0.0
2.98,31,-66,-28,47,17,9,17,12,0.0
2.985,1,-65,-32,4,-1,-9,-12,-28,0.0
2.99,11,60,-40,-67,-16,-19,-26,-10,0.0
2.995,22,2,37,-12,-41,-4,11,-4,0.0
3.0,36,35,10,-17,12,1,-1,3,0.0
3.005,4,48,23,52,35,12,13,-2,0.0
3.0100000000000002,-17,-52,-23,5,5,2,-10,3,0.0
3.015,56,33,-6,-12,9,7,36,26,0.0
3.02,-29,-6,0,-6,-32,-22,-53,-26,0.0
3.025,-22,-33,-7,6,-15,-10,-20,-15,0.0
3.0300000000000002,-23,6,-3,7,25,15,14,9,0.0
3.035,-18,-14,-3,-40,-28,-7,4,-10,0.0
3.04,8,-98,-14,18,19,-1,10,10,0.0
3.045,21,68,14,4,12,-4,-2,8,0.0
3.0500000000000003,-6,30,53,36,-62,-4,-4,-25,0.0
3.055,14,-15,-27,-7,8,4,-3,9,0.0
3.06,-1,42,-3,-70,2,0,8,-8,0.0
3.065,10,-7,54,12,-12,3,0,7,0.0
3.0700000000000003,-10,-13,45,50,45,3,9,10,0.0
3.075,5,28,-21,-40,-2,0,6,3,0.0
3.08,1,29,-7,38,10,1,-20,5,0.0
3.085,-8,-8,-19,2,4,-7,-17,-24,0.0
3.09,-18,-13,-25,2,-17,0,10,14,0.0
3.095,4,0,-9,24,-2,3,-3,-8,0.0
3.1,13,-14,-51,-50,-19,-9,-11,-23,0.0
3.105,-1,41,45,4,-2,11,21,8,0.0
3.11,-9,-1,-15,-14,6,5,5,15,0.0
3.115,31,59,23,30,-5,-6,-11,9,0.0
3.12,-3,-14,-24,1,7,2,21,6,0.0
3.125,-23,-94,-42,-10,4,6,6,-2,0.0
3.13,8,18,31,19,8,0,-14,-3,0.0
3.1350000000000002,-16,-13,-30,-25,-1,-13,-3,-7,0.0
3.14,-7,-23,81,-20,-23,-5,-4,-17,0.0
3.145,28,25,-41,-45,-1,0,1,17,0.0
3.15,-34,-19,-33,18,-4,-3,5,12,0.0
3.1550000000000002,11,-26,-22,60,14,-1,-6,-26,0.0
3.16,0,7,36,-51,-10,5,11,15,0.0
3.165,4,7,56,7,12,1,2,-10,0.0
3.17,20,-27,31,27,3,-1,3,17,0.0
3.1750000000000003,3,56,-4,16,7,2,-4,7,0.0
3.18,-17,18,-64,38,4,9,14,9,0.0
3.185,-17,-19,-32,16,-18,-8,-22,-43,0.0
3.19,11,-15,-114,-98,-12,-9,3,-7,0.0
3.1950000000000003,-21,-24,104,-5,-17,-18,-23,-16,0.0
3.2,16,38,83,16,35,8,-3,11,0.0
3.205,9,74,103,-4,0,7,17,21,0.0
3.21,-7,13,69,32,16,1,-8,-12,0.0
3.215,14,-7,-21,6,5,4,7,9,0.0
3.22,-22,-37,-55,32,-15,1,7,-10,0.0
3.225,-27,-64,-12,-68,-28,-14,-14,-15,0.0
3.23,11,10,-20,-23,6,0,7,-13,0.0
3.235,9,7,-41,-14,-1,-7,-5,5,0.0
3.24,-4,26,-9,14,-4,4,5,2,0.0
3.245,-13,82,-25,40,9,4,6,4,0.0
3.25,0,-17,-6,-5,-7,1,12,1,0.0
3.255,-7,-18,5,16,11,3,15,7,0.0
3.2600000000000002,-5,-20,-10,-13,-17,-19,-42,-13,0.0
3.265,0,-18,-13,0,0,-3,-14,-4,0.0
3.27,-8,3,10,6,3,3,25,-3,0.0
3.275,20,-22,7,0,-3,-5,-24,-6,0.0
3.2800000000000002,-3,9,-19,2,-15,-2,9,5,0.0
3.285,-5,7,-11,-5,12,7,5,-10,0.0
3.29,14,-19,10,48,17,4,1,20,0.0
3.295,-31,-60,-6,-37,0,4,0,-13,0.0
3.3000000000000003,14,69,-12,-24,6,-5,6,6,0.0
3.305,7,17,7,20,4,3,4,9,0.0
3.31,2,17,7,10,-7,-2,-11,-26,0.0
3.315,-1,1,0,6,-6,1,9,25,0.0
3.3200000000000003,17,29,5,-15,-6,-4,-4,19,0.0
3.325,-1,-75,0,27,0,7,10,-13,0.0
3.33,-4,32,2,-23,-4,-2,-5,12,0.0
3.335,-23,-9,-4,-5,-7,-9,-13,-33,0.0
3.34,-2,-10,-4,-11,-2,1,6,-7,0.0
3.345,-3,-10,17,6,1,-8,-8,26,0.0
3.35,-9,-13,7,5,-6,-3,-10,-12,0.0
3.355,8,3,5,4,8,8,5,8,0.0
3.36,7,-41,-8,17,3,2,9,-12,0.0
3.365,-1,6,-17,28,-8,0,3,27,0.0
3.37,-37,-20,-8,-31,1,-9,-25,-93,0.0
3.375,18,14,2,-19,-5,-1,12,52,0.0
3.38,17,7,-28,4,9,11,20,6,0.0
3.3850000000000002,1,-1,-4,-14,-8,-5,6,55,0.0
3.39,29,23,-2,37,4,12,10,-9,0.0
3.395,-10,-51,-2,-45,2,-17,-43,-3,0.0
3.4,14,4,3,-43,0,-1,8,-16,0.0
3.4050000000000002,-6,10,-5,-3,8,6,13,12,0.0
3.41,-1,-45,2,-74,-12,-2,-8,-17,0.0
3.415,-59,-27,4,31,-9,-18,-27,-2,0.0
3.42,23,5,17,61,4,1,12,25,0.0
3.4250000000000003,19,-3,-9,-42,-6,-2,9,3,0.0
3.43,25,16,13,32,13,10,20,77,0.0
3.435,-39,-33,31,-18,-28,-18,-17,-101,0.0
3.44,-31,-24,-9,9,-6,2,-7,-12,0.0
3.4450000000000003,-32,1,20,14,17,1,-4,-52,0.0
3.45,28,4,39,36,-10,-10,0,35,0.0
3.455,37,52,19,8,-15,11,36,58,0.0
3.46,-30,-21,5,-32,-14,-10,-17,-23,0.0
3.465,-5,-13,-30,4,-3,-1,-11,-30,0.0
3.47,-18,-5,-75,-35,8,3,5,3,0.0
3.475,20,7,-2,59,28,10,17,12,0.0
3.48,-3,-8,-32,-30,-8,-11,-24,-7,0.0
3.485,5,1,-46,-26,-2,-3,-4,-10,0.0
3.49,-14,30,43,22,-3,-11,-17,-7,0.0
3.495,-3,-4,-32,15,10,19,27,-7,0.0
3.5,-15,-14,-8,-23,-8,-12,-22,16,0.0
3.505,12,-17,-6,2,-3,-7,-43,-38,0.0
3.5100000000000002,8,37,-52,15,-2,12,18,2,0.0
3.515,-13,9,6,-11,-4,-5,24,23,0.0
3.52,-11,-20,14,-2,4,-4,-28,-77,0.0
3.525,6,7,-17,0,1,3,6,29,0.0
3.5300000000000002,-1,-22,31,12,-21,-18,-20,-12,0.0
3.535,8,7,12,-8,5,5,10,-1,0.0
3.54,12,55,-1,28,11,4,5,6,0.0
3.545,-7,-2,13,-18,-18,-6,5,-11,0.0
3.5500000000000003,6,-21,3,-3,2,8,50,22,0.0
3.555,2,20,-10,1,6,-6,-45,-43,0.0
3.56,-6,-22,-21,-4,2,4,14,18,0.0
3.565,7,-45,-11,1,-3,-5,-2,32,0.0
3.5700000000000003,-6,1,-3,-5,-3,-5,-17,-90,0.0
3.575,-7,-32,-6,-8,1,-8,-10,15,0.0
3.58,-2,-21,-17,0,-5,1,46,37,0.0
3.585,-10,4,10,13,2,1,-61,-27,0.0
3.59,-2,-3,-3,-7,-2,0,9,69,0.0
3.595,12,20,-17,1,0,-8,-3,-3,0.0
3.6,-4,-61,21,-9,-9,-2,-29,-91,0.0
3.605,-15,31,-5,5,5,5,79,46,0.0
3.61,-11,-15,-1,1,-4,-14,-81,-57,0.0
3.615,1,9,-18,-16,4,7,5,-11,0.0
3.62,4,7,17,-7,-3,7,36,69,0.0
3.625,11,19,-6,-5,-3,-4,41,3,0.0
3.63,-10,-20,-24,2,-3,-4,-30,31,0.0
3.6350000000000002,17,34,-13,8,4,6,-24,14,0.0
3.64,-18,1,0,-9,1,-8,-31,-29,0.0
3.645,-18,1,18,-2,-6,0,42,52,0.0
3.65,-10,-4,19,-1,1,5,18,-15,0.0
3.6550000000000002,-1,1,2,18,-2,-12,-82,-4,0.0
3.66,9,19,3,20,6,-1,15,73,0.0
3.665,12,-42,-2,-27,-1,6,72,24,0.0
3.67,-9,3,-5,-5,-5,-6,-4,-18,0.0
3.6750000000000003,-10,-12,-27,-14,-3,6,45,28,0.0
3.68,2,17,12,-10,-6,-6,-17,-79,0.0
3.685,19,11,10,31,7,0,-4,32,0.0
3.69,11,-7,20,7,2,8,15,6,0.0
3.6950000000000003,2,26,27,3,-4,-1,-16,-59,0.0
3.7,8,11,-11,-9,5,7,14,43,0.0
3.705,-16,-20,-3,1,-8,-11,-39,-31,0.0
3.71,-3,-41,-24,-14,0,0,26,-29,0.0
3.715,-7,-12,-2,25,-6,-13,-58,91,0.0
3.72,2,6,-17,-36,-14,1,25,80,0.0
3.725,-3,18,25,10,6,-3,-46,-11,0.0
3.73,26,22,-1,-3,13,5,60,127,0.0
3.735,-8,-19,-4,-1,-19,0,48,39,0.0
3.74,-15,-11,-4,-2,8,1,-5,35,0.0
3.745,-17,-16,-16,-8,0,2,-33,-18,0.0
3.75,5,-1,8,9,-7,-2,26,48,0.0
3.755,7,41,15,1,9,4,20,-30,0.0
3.7600000000000002,4,31,-16,9,-8,-7,-54,-65,0.0
3.765,0,-13,-2,-20,-10,-9,-19,-23,0.0
3.77,0,25,-15,11,6,3,2,1,0.0
3.775,-2,-19,18,-11,-6,-6,-29,-18,0.0
3.7800000000000002,-5,-15,-2,-5,-5,0,10,7,0.0
3.785,10,18,-1,3,11,-3,-11,-6,0.0
3.79,-8,-8,4,-19,-6,-2,-9,8,0.0
3.795,13,-13,13,-11,14,5,37,15,0.0
3.8000000000000003,-1,-5,9,35,3,-2,11,3,0.0
3.805,4,15,2,-7,0,-2,10,4,0.0
3.81,-9,-7,-4,-50,-20,-6,-34,-29,0.0
3.815,-7,4,-13,6,-2,4,25,-13,0.0
3.8200000000000003,0,-15,-6,8,0,-5,-14,-5,0.0
3.825,6,19,11,18,9,3,-14,-8,0.0
3.83,-10,-16,-19,-4,-2,-7,-15,-16,0.0
3.835,-6,-22,2,-5,-2,4,8,-4,0.0
3.84,5,0,-1,0,-10,-4,4,11,0.0
3.845,-1,10,-13,16,9,2,1,0,0.0
3.85,-5,-12,12,4,-25,-1,-8,-3,0.0
3.855,0,9,-8,-8,35,2,12,7,0.0
3.86,-8,-13,9,15,6,-1,-3,-4,0.0
3.865,-2,9,8,-19,-3,0,3,-7,0.0
3.87,-1,0,8,22,0,3,-1,1,0.0
3.875,-2,-17,-5,-6,-15,-4,-3,-5,0.0
3.88,1,6,3,1,4,-2,3,-3,0.0
3.8850000000000002,-4,-6,9,0,-1,3,1,-5,0.0
3.89,2,2,3,5,3,-4,-4,4,0.0
3.895,0,0,-3,-3,-16,-8,-12,-9,0.0
3.9,3,3,14,-4,11,2,5,4,0.0
3.9050000000000002,1,0,9,-9,-10,6,6,3,0.0
3.91,0,4,8,-2,4,-10,-21,-9,0.0
3.915,-5,-8,-4,3,5,4,11,-1,0.0
3.92,-3,-3,-4,-8,-13,-5,-4,0,0.0
3.9250000000000003,2,-4,-13,-5,-3,-1,-6,4,0.0
3.93,5,15,1,5,-4,8,10,6,0.0
3.935,-8,-13,-5,-2,8,-9,-13,-14,0.0
3.94,1,-5,-9,-22,-10,-4,-3,1,0.0
3.9450000000000003,-6,-5,-17,-4,-8,-7,-13,-14,0.0
3.95,1,3,-31,-14,11,6,1,2,0.0
3.955,0,0,21,4,-10,1,2,5,0.0
3.96,-2,-3,32,20,-14,8,16,5,0.0
3.9650000000000003,-2,-9,-20,1,25,1,12,-1,0.0
3.97,-2,7,-13,4,7,-11,-24,-9,0.0
3.975,0,-3,-11,-4,-1,4,-3,0,0.0
3.98,0,-4,-23,-13,0,-6,-1,1,0.0
3.985,-5,-14,7,9,-16,-1,-16,-12,0.0
3.99,1,8,-2,-10,-1,0,17,9,0.0
3.995,1,-1,21,34,-3,0,6,-1,0.0
4.0,-1,-6,-21,-4,2,1,-8,-4,0.0
4.005,7,32,-8,2,-11,-4,7,4,0.0
4.01,-7,-15,4,1,3,-1,-5,-6,0.0
4.015,2,7,-19,-15,-1,0,1,1,0.0
4.0200000000000005,0,10,6,-6,-2,-5,-4,-1,0.0
4.025,-8,-6,8,-7,-3,0,-5,-7,0.0
4.03,2,17,4,11,2,-2,-2,-6,0.0
4.035,0,-8,6,-2,-3,3,5,8,0.0
4.04,-6,-7,12,13,3,-2,10,-1,0.0
4.045,2,-15,-2,-3,-3,-6,-14,-5,0.0
4.05,0,0,40,3,-3,2,1,2,0.0
4.055,-7,-42,-46,-20,-6,0,4,4,0.0
4.0600000000000005,2,29,-28,-19,2,1,3,2,0.0
4.065,2,26,30,9,-1,1,5,4,0.0
4.07,7,37,-30,-15,-4,-4,-1,-1,0.0
4.075,-14,-70,-14,22,2,2,-2,-8,0.0
4.08,-8,-29,-27,-19,-3,-3,-4,-6,0.0
4.085,-12,-29,-28,2,2,-4,-5,-8,0.0
4.09,-5,-38,-26,7,-1,2,1,6,0.0
4.095,7,-29,-1,-22,-4,-4,-4,-22,0.0
4.1,-5,68,25,18,2,0,-5,0,0.0
4.105,-28,-106,24,-1,-5,-4,-5,0,0.0
4.11,-38,-69,35,-2,-2,-9,0,-26,0.0
4.115,4,-44,38,16,1,8,12,24,0.0
4.12,-15,-11,-6,-19,3,-2,-9,-31,0.0
4.125,-3,-14,8,30,-1,-7,-12,-12,0.0
4.13,82,100,72,-19,-11,2,8,27,0.0
4.135,0,-37,-5,-19,2,15,33,49,0.0
4.14,-25,-95,-41,-8,-3,-18,-31,-38,0.0
4.1450000000000005,-29,-96,80,1,0,2,-9,-17,0.0
4.15,-3,3,-19,30,3,-2,-4,0,0.0
4.155,-7,75,-20,-10,1,0,12,-4,0.0
4.16,-22,-56,-45,-14,-2,4,14,39,0.0
4.165,37,-83,6,-21,-9,-3,-1,-25,0.0
4.17,-32,-49,-43,-30,0,-4,-16,-5,0.0
4.175,39,12,-7,-5,-2,-2,-7,8,0.0
4.18,-24,1,33,30,4,4,8,-1,0.0
4.1850000000000005,16,77,-49,-36,-5,-13,0,-4,0.0
4.19,2,-51,12,3,1,5,3,10,0.0
4.195,-12,-17,1,-6,0,-5,-5,-29,0.0
4.2,-34,-65,15,-4,-3,-1,-12,-26,0.0
4.205,10,62,21,15,-2,5,13,13,0.0
4.21,39,-26,-30,5,-2,3,5,19,0.0
4.215,-67,-35,4,-21,-5,-7,-4,-8,0.0
4.22,13,4,21,12,-1,-2,-10,1,0.0
4.225,6,8,-20,-12,7,12,13,14,0.0
4.23,-62,-20,6,3,1,-7,-4,-25,0.0
4.235,0,-77,-36,-8,-9,-12,-34,-18,0.0
4.24,107,90,38,7,3,14,36,27,0.0
4.245,-59,-23,-5,-48,-5,-20,-40,-17,0.0
4.25,78,82,-25,-12,2,13,32,27,0.0
4.255,-33,9,-37,-23,-1,-9,-32,-23,0.0
4.26,13,-31,-29,17,2,6,4,2,0.0
4.265,61,56,-11,-37,-7,3,16,24,0.0
4.2700000000000005,30,8,24,15,4,2,4,-1,0.0
4.275,3,28,0,7,2,6,11,10,0.0
4.28,-30,1,-3,-18,-3,-3,1,-5,0.0
4.285,-96,-58,-36,-36,-6,-6,-12,-22,0.0
4.29,-35,-37,61,29,-1,-7,-16,-20,0.0
4.295,43,54,19,35,2,0,6,8,0.0
4.3,49,27,-14,-65,-1,3,0,22,0.0
4.305,29,19,-41,45,-3,5,14,10,0.0
4.3100000000000005,-15,64,-24,-13,4,5,-3,1,0.0
4.315,35,-4,57,-26,2,-6,-11,-10,0.0
4.32,-38,-28,-32,18,6,2,4,-6,0.0
4.325,-6,28,11,-29,-6,-9,-12,-3,0.0
4.33,-3,-21,2,26,-1,0,1,-2,0.0
4.335,19,20,-28,-13,-8,-1,5,7,0.0
4.34,-17,14,9,-16,-2,-2,-4,-4,0.0
4.345,31,45,40,67,4,2,9,14,0.0
4.3500000000000005,-20,-105,14,-4,-7,-7,-20,-11,0.0
4.355,-26,13,10,32,9,2,6,-7,0.0
4.36,22,82,-12,1,-1,6,3,14,0.0
4.365,12,-8,-15,13,0,-6,-6,-2,0.0
4.37,18,3,-13,-5,-23,-14,-4,-2,0.0
4.375,9,30,-27,6,-27,-2,1,3,0.0
4.38,-44,-56,-24,11,56,-4,-14,-22,0.0
4.385,-33,-30,-5,-4,9,5,3,-2,0.0
4.39,-20,-7,-15,-12,6,-1,-5,-4,0.0
4.3950000000000005,44,6,-16,1,-6,12,19,16,0.0
4.4,58,-53,0,23,-27,-9,-2,2,0.0
4.405,-40,-6,31,47,0,5,7,5,0.0
4.41,-5,-51,-21,8,-5,-15,3,-11,0.0
4.415,-25,45,13,-59,3,-13,-31,-21,0.0
4.42,-16,-40,43,12,-13,3,12,0,0.0
4.425,45,23,-72,14,17,1,19,13,0.0
4.43,-35,47,37,9,11,21,7,11,0.0
4.4350000000000005,21,-26,29,5,2,-8,-15,-6,0.0
4.44,-42,-68,25,-19,-11,-11,-19,-20,0.0
4.445,-25,17,91,-98,-36,-13,-4,-6,0.0
4.45,11,14,-120,-41,17,12,13,6,0.0
4.455,-31,7,66,60,-10,-3,2,-4,0.0
4.46,22,7,-7,13,3,2,7,20,0.0
4.465,18,10,-50,37,0,4,1,5,0.0
4.47,14,-3,11,-6,1,-3,-6,-1,0.0
4.4750000000000005,-17,-2,37,-7,14,3,-1,-10,0.0
4.48,4,0,6,5,-17,-3,-2,-1,0.0
4.485,9,-75,51,10,2,1,1,0,0.0
4.49,36,53,23,-2,1,7,11,28,0.0
4.495,-64,-90,24,-7,-3,-12,-42,-44,0.0
4.5,18,2,42,8,-7,-14,-30,-38,0.0
4.505,-3,-6,-8,-1,7,4,-6,-3,0.0
4.51,-8,-8,48,-4,-7,-7,-11,-21,0.0
4.515,3,-34,-30,-7,-4,5,24,22,0.0
4.5200000000000005,13,36,-6,-8,1,4,8,18,0.0
4.525,21,33,18,11,6,-2,-8,-2,0.0
4.53,-40,-75,-31,-17,-14,-12,-35,-36,0.0
4.535,9,-1,-6,-2,1,3,21,20,0.0
4.54,13,64,-45,20,6,4,2,8,0.0
4.545,2,-27,-82,-23,0,3,12,3,0.0
4.55,-14,-11,-17,16,-7,-8,-5,-1,0.0
4.555,7,3,66,4,2,-2,5,0,0.0
4.5600000000000005,-7,32,-5,23,-2,3,2,-1,0.0
4.565,-1,28,63,-14,-5,-6,-7,0,0.0
4.57,-5,-10,-57,-9,-2,-4,-24,-26,0.0
4.575,8,-15,-128,-3,1,3,3,-15,0.0
4.58,6,48,-8,6,-1,-4,1,21,0.0
4.585,8,-32,-63,60,9,17,20,7,0.0
4.59,11,54,58,-20,-1,-6,4,15,0.0
4.595,-10,-45,-72,-20,-7,-12,-13,5,0.0
4.6000000000000005,-2,65,35,27,13,2,-3,-5,0.0
4.605,11,111,-38,-103,-16,-5,-5,-24,0.0
4.61,4,-43,15,41,0,7,13,12,0.0
4.615,16,18,-3,41,5,1,14,-12,0.0
4.62,-15,-50,13,-35,-34,-11,-6,6,0.0
4.625,12,-24,31,-30,13,2,-12,46,0.0
4.63,-1,30,8,8,2,-4,-2,-42,0.0
4.635,-10,34,24,8,4,3,9,4,0.0
4.64,-74,-100,-67,-5,7,-6,-12,4,0.0
4.6450000000000005,-27,-18,-15,-12,1,0,3,-15,0.0
4.65,5,-1,14,8,0,-1,-1,-13,0.0
4.655,34,36,18,7,3,5,6,1,0.0
4.66,22,28,23,-4,-2,1,11,2,0.0
4.665,-1,9,3,29,-1,-1,-2,2,0.0
4.67,-26,-99,22,6,3,-1,-2,5,0.0
4.675,-33,-72,-12,-34,-11,-7,-5,-6,0.0
4.68,9,-61,-7,-20,-6,-2,2,5,0.0
4.6850000000000005,3,-18,50,36,-5,-4,-9,-7,0.0
4.69,-12,-49,-39,-3,0,-5,-6,-7,0.0
4.695,32,9,12,22,4,7,12,19,0.0
4.7,-39,-59,-80,-44,-10,-6,-10,-15,0.0
4.705,-22,-21,-2,12,-4,-5,-6,-22,0.0
4.71,-5,39,78,11,-4,-4,4,14,0.0
4.715,3,25,-33,-5,5,2,-5,14,0.0
4.72,37,41,-14,8,14,3,2,-1,0.0
4.7250000000000005,15,-6,3,9,-17,-2,6,-2,0.0
4.73,11,3,-39,-27,0,2,9,14,0.0
4.735,13,20,61,5,3,-1,-4,8,0.0
4.74,-4,13,-51,1,-9,1,4,-2,0.0
4.745,-30,-10,7,-4,5,-6,-17,-24,0.0
4.75,-8,6,14,7,-10,-5,-2,9,0.0
4.755,1,14,22,-5,-17,-6,-5,-6,0.0
4.76,11,0,63,16,2,1,2,-6,0.0
4.765,28,-14,-25,13,8,5,6,15,0.0
4.7700000000000005,2,19,14,3,8,3,4,2,0.0
4.775,-6,-2,-52,-15,12,1,-3,-8,0.0
4.78,-3,-53,42,16,6,8,11,11,0.0
4.785,-9,63,-5,-47,-8,-6,-3,-3,0.0
4.79,-7,-20,-63,-17,0,-3,-4,-11,0.0
4.795,-4,12,108,63,-5,-6,-7,-1,0.0
4.8,-11,-94,-23,-1,-6,4,-2,-5,0.0
4.805,1,0,-16,2,-2,-1,2,-6,0.0
4.8100000000000005,0,-32,-86,0,1,-1,0,5,0.0
4.815,30,103,66,25,8,4,6,16,0.0
4.82,-12,-29,-58,-91,5,-4,-6,-14,0.0
4.825,5,-29,3,48,-28,-10,-5,-4,0.0
4.83,12,18,10,-45,-5,2,4,10,0.0
4.835,-11,-41,-26,9,-8,-1,-4,-11,0.0
4.84,-21,0,72,6,7,-2,15,-7,0.0
4.845,0,-16,42,25,18,8,-3,2,0.0
4.8500000000000005,9,38,46,29,8,1,-1,5,0.0
4.855,-2,-40,-17,-25,-11,-10,-7,0,0.0
4.86,50,113,47,50,7,14,23,21,0.0
4.865,-16,-79,-96,-68,-13,-10,-6,-4,0.0
4.87,-4,-40,67,33,0,1,-2,-10,0.0
4.875,-14,-13,40,-29,-2,-1,-6,-14,0.0
4.88,-10,-18,-93,-17,-9,-5,-11,-13,0.0
4.885,5,51,96,8,13,11,25,15,0.0
4.89,-8,9,40,30,5,2,-1,-4,0.0
4.8950000000000005,0,40,-53,-107,-13,-10,-2,5,0.0
4.9,-14,-15,58,32,-2,-8,-10,-2,0.0
4.905,3,-66,-40,9,7,1,-2,-13,0.0
4.91,-4,-1,-33,-21,-12,-4,3,8,0.0
4.915,-17,-14,0,36,3,3,7,-2,0.0
4.92,0,2,7,3,-5,-3,-21,-12,0.0
4.925,3,8,-6,-48,-8,-3,-4,9,0.0
4.93,18,48,-39,-9,-3,2,29,4,0.0
4.9350000000000005,-9,-26,-1,54,6,-6,-11,-6,0.0
4.94,12,23,58,100,14,10,1,0,0.0
4.945,-12,-10,-31,-38,-10,-9,-15,-8,0.0
4.95,-7,-12,-10,-36,-18,-9,-18,-10,0.0
4.955,-3,-17,-30,-40,-4,2,0,7,0.0
4.96,-1,1,30,82,3,1,20,5,0.0
4.965,10,31,32,34,6,8,26,14,0.0
4.97,8,2,26,108,9,9,25,104,0.0
4.9750000000000005,-5,-20,-9,-62,-15,-11,-2,44,0.0
4.98,-1,0,26,-21,-15,-7,5,86,0.0
4.985,8,2,-69,-70,-66,-20,30,84,0.0
4.99,0,10,59,86,90,49,25,8,0.0
4.995,-50,-56,-75,-76,-38,-84,-6,5,0.0
5.0,25,18,18,81,7,9,-16,30,0.0
5.005,2,-3,-35,-40,0,-5,1,-36,0.0
5.01,-2,-5,28,-18,-9,18,18,16,0.0
5.015,-6,-13,-60,-51,-7,18,2,-6,0.0
5.0200000000000005,-11,2,-8,-67,5,5,76,-21,0.0
5.025,10,16,22,94,35,1,-62,-42,0.0
5.03,7,-3,-7,15,1,-12,-22,-19,0.0
5.035,5,-3,-19,-5,-4,14,-75,-53,0.0
5.04,-8,-13,-18,-91,-46,-27,-18,-6,0.0
5.045,-3,-7,70,90,29,26,28,-12,0.0
5.05,-8,-3,5,-26,-24,-30,-38,-39,0.0
5.055,15,37,33,57,21,16,26,19,0.0
5.0600000000000005,-13,-41,-21,-32,4,5,-3,-2,0.0
5.065,2,47,39,11,6,-8,15,13,0.0
5.07,-32,-108,-49,-47,-10,-5,-1,-27,0.0
5.075,24,-10,14,21,-1,10,15,2,0.0
5.08,-10,-68,-10,-15,6,-1,-6,-22,0.0
5.085,0,11,-7,18,3,-4,-18,-15,0.0
5.09,-5,-17,-27,-9,-12,-12,-11,-15,0.0
5.095,31,0,38,23,8,11,10,-1,0.0
5.1000000000000005,-43,9,3,-16,-1,1,-19,-23,0.0
5.105,7,-30,26,30,-3,-3,-4,15,0.0
5.11,-36,-32,-100,-78,-22,-7,-4,-7,0.0
5.115,-65,-110,48,19,5,0,15,-2,0.0
5.12,-61,-34,24,-8,2,-8,-20,-21,0.0
5.125,-76,-6,-21,-10,-1,-2,-7,-3,0.0
5.13,-79,67,-6,22,6,3,2,-8,0.0
5.135,-55,14,34,72,3,2,0,-4,0.0
5.14,-32,64,-4,5,5,3,2,2,0.0
5.1450000000000005,-59,-3,-11,-5,-1,0,-4,-4,0.0
5.15,0,-72,-20,-36,-7,-8,-12,-7,0.0
5.155,44,32,-57,8,-3,4,8,5,0.0
5.16,67,-25,60,-21,-12,-6,-5,-5,0.0
5.165,86,-7,-8,-5,2,-5,2,0,0.0
5.17,87,71,43,12,-3,-9,-24,-8,0.0
5.175,62,22,3,8,21,13,10,0,0.0
5.18,67,20,-31,35,0,-6,-2,-7,0.0
5.1850000000000005,47,3,-9,59,-9,1,-5,-6,0.0
5.19,33,-4,4,-46,-19,-9,4,-1,0.0
5.195,26,9,1,19,0,1,-4,3,0.0
5.2,23,20,-20,-41,1,-4,-11,-6,0.0
5.205,9,-13,29,21,6,8,12,6,0.0
5.21,15,10,2,2,-8,3,1,3,0.0
5.215,-1,-3,40,88,13,3,5,-2,0.0
5.22,0,-15,-87,-85,18,6,2,-1,0.0
5.2250000000000005,-7,5,27,3,6,2,0,9,0.0
5.23,1,9,51,60,-4,1,1,-2,0.0
5.235,-7,12,-1,-28,-15,-5,-13,-6,0.0
5.24,-8,7,16,45,-11,-5,-1,-2,0.0
5.245,-1,9,35,55,0,-2,31,19,0.0
5.25,-7,4,2,-30,3,-5,-36,-9,0.0
5.255,-19,-23,-41,-38,-13,-15,-3,3,0.0
5.26,-7,2,4,-24,1,4,0,9,0.0
5.265,2,-12,-36,-28,1,3,8,4,0.0
5.2700000000000005,-6,5,51,41,11,7,18,10,0.0
5.275,-1,7,-38,-41,1,4,-2,15,0.0
5.28,-3,6,41,95,6,3,10,-8,0.0
5.285,-12,-10,-64,-96,-19,-8,-14,-6,0.0
5.29,-11,-15,-5,-27,-10,-10,2,-11,0.0
5.295,1,12,-18,-13,5,9,8,9,0.0
5.3,-4,8,15,23,2,2,-3,3,0.0
5.305,-3,-9,7,3,6,-1,-13,-14,0.0
5.3100000000000005,-1,-22,-43,-18,-13,-2,-3,-1,0.0
5.315,-6,37,24,-3,2,4,7,-3,0.0
5.32,6,1,37,58,4,-4,-8,-5,0.0
5.325,-9,-10,-49,-20,-2,-7,-16,-13,0.0
5.33,10,-3,-20,-3,1,-1,12,5,0.0
5.335,-4,-9,23,-6,1,0,0,-9,0.0
5.34,0,3,9,17,1,-4,-4,1,0.0
5.345,-7,-3,-9,1,-7,-2,-8,-5,0.0
5.3500000000000005,-2,9,-6,-15,0,1,13,0,0.0
5.355,-6,-16,-37,-30,-8,-4,-5,-9,0.0
5.36,-2,9,-11,-39,-8,-4,-9,-1,0.0
5.365,-7,-13,-2,0,11,7,1,-3,0.0
5.37,5,-2,1,14,3,-4,-1,2,0.0
5.375,-1,4,28,25,23,7,1,-3,0.0
5.38,0,-7,-19,-1,-16,-6,3,0,0.0
5.385,-6,-10,-7,-60,-27,-8,-8,-5,0.0
5.39,-5,0,-7,20,-14,-1,15,0,0.0
5.3950000000000005,-4,-6,5,0,-1,0,-21,-1,0.0
5.4,1,12,-4,-7,13,0,-3,0,0.0
5.405,-2,1,30,33,11,1,0,-1,0.0
5.41,-5,0,-1,-4,1,1,0,0,0.0
5.415,3,-5,-19,15,5,-2,4,0,0.0
5.42,2,1,-25,-8,-15,-2,-2,-2,0.0
5.425,-10,-9,41,-9,-3,3,-4,-10,0.0
5.43,-9,-14,-43,-13,1,-5,-3,-4,0.0
5.4350000000000005,-1,-1,9,12,-2,-3,3,2,0.0
5.44,-3,-1,0,-1,4,0,-3,-3,0.0
5.445,0,3,19,2,-1,-6,-2,3,0.0
5.45,2,15,-15,12,6,2,-6,-8,0.0
5.455,2,2,29,15,5,-1,3,0,0.0
5.46,-15,-31,-72,-48,-24,-9,-6,-5,0.0
5.465,4,8,3,13,4,1,8,1,0.0
5.47,-2,-3,14,0,3,-2,-8,-5,0.0
5.4750000000000005,-2,1,-13,-2,-6,0,2,-10,0.0
5.48,2,8,1,-19,7,6,6,3,0.0
5.485,-3,-8,13,48,-2,-6,-5,-1,0.0
5.49,0,7,33,2,0,-2,-3,2,0.0
5.495,-10,-11,-5,-12,-9,-7,-3,-6,0.0
5.5,3,9,5,-6,1,2,-1,1,0.0
5.505,-2,3,-10,-5,2,1,-2,-4,0.0
5.51,1,3,13,9,0,-1,0,1,0.0
5.515,-1,-3,4,-13,-7,-1,-2,0,0.0
5.5200000000000005,-5,-4,0,-4,1,0,-1,-6,0.0
5.525,-4,-4,7,0,-14,-5,-4,-1,0.0
5.53,0,1,-5,-5,0,-1,1,1,0.0
5.535,1,0,-1,2,-2,0,0,1,0.0
5.54,-5,-5,2,-1,-2,-4,-5,-7,0.0
5.545,2,3,-2,-5,3,-5,-3,0,0.0
5.55,3,6,7,3,4,5,6,5,0.0
5.555,-1,2,-6,6,2,4,3,1,0.0
5.5600000000000005,-3,-14,-5,12,7,-1,0,-2,0.0
5.565,-3,-2,3,-13,-12,0,17,1,0.0
5.57,-9,-11,-28,-20,-6,-6,-56,-13,0.0
5.575,-4,-5,7,6,-8,-1,1,-1,0.0
5.58,5,12,32,7,6,4,3,4,0.0
5.585,4,2,-8,-1,8,0,-4,2,0.0
5.59,2,-2,-22,10,-3,-3,5,6,0.0
5.595,-2,3,19,-5,0,0,-2,-4,0.0
5.6000000000000005,-1,-6,-2,-1,-7,-7,-8,3,0.0
5.605,-3,-2,-5,10,-6,-5,-13,-2,0.0
5.61,-1,2,23,21,1,6,4,-1,0.0
5.615,-3,-7,-39,-43,-1,-4,-3,-2,0.0
5.62,-2,-5,-13,-36,-4,-1,6,-3,0.0
5.625,0,3,-21,-9,4,3,-1,-1,0.0
5.63,-2,-1,17,9,-1,-3,4,0,0.0
5.635,-1,-2,-1,19,-3,-3,-1,1,0.0
5.64,0,0,4,4,-1,0,-4,-2,0.0
5.6450000000000005,1,1,-2,-9,3,2,2,14,0.0
5.65,-1,-1,-6,-3,-1,-4,5,-1,0.0
5.655,-5,-2,7,8,-2,3,15,-4,0.0
5.66,0,2,3,2,-2,-3,-18,-2,0.0
5.665,-4,-3,-1,5,1,-3,1,-4,0.0
5.67,-3,-1,4,-5,0,2,9,2,0.0
5.675,0,-3,5,5,-6,-4,6,7,0.0
5.68,-1,1,3,5,-1,1,9,-5,0.0
5.6850000000000005,-2,1,-1,-12,3,0,-28,-9,0.0
5.69,0,-2,-6,-10,3,-1,1,1,0.0
5.695,-2,-2,5,-7,-9,-3,-5,-3,0.0
5.7,0,1,5,8,2,-1,2,1,0.0
5.705,0,0,17,17,-2,-1,0,-2,0.0
5.71,2,0,-26,-26,-2,-2,12,1,0.0
5.715,-5,-9,-11,-1,0,2,-27,-8,0.0
5.72,-9,3,-9,3,-2,0,1,3,0.0
5.7250000000000005,0,43,33,8,4,4,12,-3,0.0
5.73,-15,-3,-20,2,-7,-7,-5,-10,0.0
5.735,8,16,6,-2,0,-3,3,2,0.0
5.74,-7,31,-20,-7,-3,2,-1,0,0.0
5.745,-11,15,29,5,2,2,-6,0,0.0
5.75,7,25,9,4,-1,-6,5,-3,0.0
5.755,5,2,-8,1,-1,-2,26,-16,0.0
5.76,11,-14,0,-4,-2,0,-2,-1,0.0
5.765,2,-20,-23,-11,0,-1,0,0,0.0
5.7700000000000005,1,13,31,30,-2,1,-2,-1,0.0
5.775,-2,-10,11,0,1,-5,3,5,0.0
5.78,8,3,-11,-7,2,5,7,4,0.0
5.785,16,-55,57,37,0,1,3,-2,0.0
5.79,-9,-29,-26,-111,-18,-8,-11,-7,0.0
5.795,-9,0,3,18,0,5,-5,5,0.0
5.8,-20,-6,62,19,-5,-27,-40,-17,0.0
5.805,2,19,-3,2,2,2,-9,-3,0.0
5.8100000000000005,15,-7,-6,7,5,0,-2,8,0.0
5.815,-2,-3,-2,13,10,11,-7,4,0.0
5.82,-7,10,-28,-17,1,6,12,5,0.0
5.825,-10,-20,0,8,-7,-10,5,-5,0.0
5.83,8,-5,-28,-10,-3,0,14,0,0.0
5.835,-2,-10,-15,-19,-5,-2,1,5,0.0
5.84,-1,-16,2,20,0,2,9,-3,0.0
5.845,-1,6,33,-1,-2,-8,-10,-5,0.0
5.8500000000000005,-1,3,3,25,6,8,5,0,0.0
5.855,-8,-4,70,80,-6,-4,-17,-6,0.0
5.86,0,-12,-49,-45,-10,-17,17,-11,0.0
5.865,3,0,-31,-36,-2,7,-10,1,0.0
5.87,-5,-12,0,8,3,-2,-13,1,0.0
5.875,-5,3,5,-11,0,-5,-2,-9,0.0
5.88,12,-2,35,43,3,4,-18,3,0.0
5.885,-16,-12,-32,-6,-7,-5,11,-3,0.0
5.89,-3,-4,8,24,-1,3,1,4,0.0
5.8950000000000005,5,15,-14,-14,1,-4,-15,4,0.0
5.9,14,-43,5,44,2,6,10,11,0.0
5.905,16,-20,-82,-90,-3,2,13,5,0.0
5.91,-19,5,7,6,0,2,-29,-10,0.0
5.915,2,0,29,26,-6,-7,1,-5,0.0
5.92,8,20,-2,-18,2,6,3,6,0.0
5.925,2,10,25,120,13,8,3,1,0.0
5.93,-1,-50,-69,-104,-29,-18,-5,-9,0.0
5.9350000000000005,-6,-20,-73,-74,-19,-5,-11,-6,0.0
5.94,-2,13,24,40,0,-9,-6,-9,0.0
5.945,0,12,18,-1,18,12,16,7,0.0
5.95,-2,18,12,48,28,15,13,9,0.0
5.955,-7,0,22,53,22,-4,-38,-5,0.0
5.96,-11,-13,-23,-43,-18,-2,-15,-10,0.0
5.965,-15,10,-89,-51,-27,-21,-3,-8,0.0
5.97,4,-4,22,8,-5,-1,7,2,0.0
5.9750000000000005,6,7,-8,-2,-4,5,19,9,0.0
5.98,-4,-6,17,31,4,-1,-13,-12,0.0
5.985,-12,-6,36,10,0,-2,-15,-6,0.0
5.99,1,-10,-11,-7,-6,-6,-2,-4,0.0
5.995,3,-31,-36,-10,-1,-2,6,-6,0.0
6.0,-19,-23,43,30,3,2,3,-2,0.0
6.005,2,52,-9,-50,-5,-4,1,2,0.0
6.01,-29,5,17,12,1,-3,-6,-13,0.0
6.015000000000001,-12,-11,19,-13,-1,0,4,-6,0.0
6.0200000000000005,0,-4,-28,-10,3,1,1,3,0.0
6.025,7,-14,3,25,0,3,0,-1,0.0
6.03,3,-40,-4,6,-4,-2,3,2,0.0
6.035,12,107,28,19,1,2,5,5,0.0
6.04,3,0,28,-10,1,2,3,1,0.0
6.045,4,5,28,2,1,0,-4,4,0.0
6.05,8,4,8,12,1,2,2,1,0.0
6.055,16,-18,-23,-47,-11,-7,0,-2,0.0
6.0600000000000005,-4,24,-28,-27,0,4,27,1,0.0
6.065,4,-13,9,51,-8,-4,-13,-1,0.0
6.07,4,52,-15,-41,0,5,4,7,0.0
6.075,-1,3,-2,0,1,-8,10,0,0.0
6.08,9,-41,-5,7,6,4,4,8,0.0
6.085,-8,-27,1,-16,-5,-5,-7,-5,0.0
6.09,7,-8,14,28,-2,-3,-4,-1,0.0
6.095,0,4,-9,-16,1,9,5,7,0.0
6.1000000000000005,-2,10,-3,-9,-1,-1,2,-2,0.0
6.105,-9,-20,-13,3,3,-1,0,-8,0.0
6.11,0,7,18,16,0,0,-10,0,0.0
6.115,-6,-14,-12,-9,3,1,-7,-7,0.0
6.12,-2,4,19,20,4,-1,0,-1,0.0
6.125,-4,-3,-37,-27,-9,-2,8,-7,0.0
6.13,-5,6,2,-63,-10,-6,3,0,0.0
6.135,-2,-43,-7,10,0,4,-5,1,0.0
6.140000000000001,4,1,-11,-9,-5,-3,-4,4,0.0
6.1450000000000005,-2,86,47,26,10,11,15,7,0.0
6.15,-9,-31,23,27,5,-11,0,-9,0.0
6.155,-4,35,-11,11,-3,-4,-21,-8,0.0
6.16,7,10,48,13,7,7,-7,5,0.0
6.165,8,-21,-10,20,-2,-8,-27,-6,0.0
6.17,-44,-38,-55,-74,-25,-11,-12,-27,0.0
6.175,-12,-8,13,-43,-6,-6,22,-2,0.0
6.18,2,7,-52,-63,-14,-10,-23,-8,0.0
6.1850000000000005,9,20,72,65,5,1,6,12,0.0
6.19,14,10,14,52,11,5,4,5,0.0
6.195,3,-10,9,11,13,12,7,6,0.0
6.2,-7,-2,-30,42,-9,-8,3,-2,0.0
6.205,5,-33,-52,-78,-6,-5,4,-1,0.0
6.21,12,11,10,23,-13,-2,-2,7,0.0
6.215,-6,-12,-10,-38,2,2,2,5,0.0
6.22,1,10,28,1,10,3,8,1,0.0
6.2250000000000005,-8,-15,-17,-13,1,-11,-29,-13,0.0
6.23,8,11,3,21,7,16,-5,-3,0.0
6.235,-14,3,21,14,-6,-11,29,6,0.0
6.24,32,28,-6,-16,-2,0,-17,-1,0.0
6.245,-22,-37,10,-1,-5,-5,10,12,0.0
6.25,-16,50,-5,5,3,-8,-10,-46,0.0
6.255,3,-30,-13,20,0,4,-4,2,0.0
6.26,9,-1,-13,-16,-6,0,-10,3,0.0
6.265000000000001,-1,4,4,-6,-3,1,6,19,0.0
6.2700000000000005,10,-9,7,13,12,15,1,13,0.0
6.275,-3,-3,-4,0,-6,-17,-8,-15,0.0
6.28,-10,-2,-14,0,-4,-10,-1,-7,0.0
6.285,-6,-7,19,-9,-7,1,-6,-6,0.0
6.29,1,-9,5,21,5,2,-19,11,0.0
6.295,5,6,-18,-16,0,8,13,0,0.0
6.3,-8,-13,4,-5,1,18,-19,-3,0.0
6.305,5,3,-7,2,4,-6,30,-3,0.0
6.3100000000000005,0,-2,-15,-21,-2,-19,-13,-4,0.0
6.315,0,2,11,8,-8,-4,-34,-6,0.0
6.32,-4,-7,-11,-10,-12,-13,9,2,0.0
6.325,-1,-1,-10,14,9,-9,-1,-5,0.0
6.33,8,9,15,-4,10,32,50,16,0.0
6.335,5,-7,-13,3,14,14,-15,-1,0.0
6.34,-14,-7,3,13,-3,-5,4,-4,0.0
6.345,-4,-8,-7,-5,-8,-9,-15,-7,0.0
6.3500000000000005,-3,-5,35,16,-9,-21,1,6,0.0
6.355,6,-6,-22,-11,-15,1,-26,-3,0.0
6.36,-7,4,15,2,-1,-5,5,-7,0.0
6.365,5,5,0,7,26,14,7,1,0.0
6.37,6,0,15,42,-8,4,15,10,0.0
6.375,-7,-10,-47,-57,4,6,7,-1,0.0
6.38,-18,7,16,16,-4,-10,-1,-5,0.0
6.385,7,-11,-44,-44,3,6,-9,-4,0.0
6.390000000000001,10,-18,25,5,3,-7,-9,-1,0.0
6.3950000000000005,7,31,-14,39,2,-2,6,10,0.0
6.4,1,2,41,-26,23,10,3,-2,0.0
6.405,5,0,-1,58,-43,-18,-2,-15,0.0
6.41,-51,-20,12,14,-3,-4,-12,-13,0.0
6.415,22,-24,-3,-40,-9,-5,7,5,0.0
6.42,-27,96,-2,-29,0,-1,7,2,0.0
6.425,53,-22,-1,-7,16,13,-2,9,0.0
6.43,-50,48,98,17,0,-4,-5,-15,0.0
6.4350000000000005,-19,-24,-43,23,-1,-9,-5,-7,0.0
6.44,21,-48,13,-16,0,2,-6,4,0.0
6.445,14,10,31,-3,-2,10,23,14,0.0
6.45,23,66,-12,-8,-5,-11,-6,-1,0.0
6.455,-23,-13,32,11,0,-4,0,-17,0.0
6.46,-32,-47,-32,-3,-13,-9,-12,-13,0.0
6.465,2,-2,-13,0,-6,-3,-8,-6,0.0
6.47,32,-73,-41,-13,2,6,12,18,0.0
6.4750000000000005,22,86,40,6,0,-4,9,12,0.0
6.48,17,-20,-16,8,-3,0,5,-1,0.0
6.485,-20,-6,9,-8,0,2,-6,-3,0.0
6.49,10,-2,-32,-24,4,0,1,-1,0.0
6.495,-1,-19,11,12,-3,-1,-4,1,0.0
6.5,1,-3,-11,8,-2,0,5,7,0.0
6.505,-9,24,7,-8,2,2,0,-2,0.0
6.51,-5,-28,-23,-15,-4,-3,-10,-8,0.0
6.515000000000001,-5,-13,13,9,-6,-5,-3,-5,0.0
6.5200000000000005,5,7,3,-10,9,6,8,1,0.0
6.525,-8,1,4,7,7,7,-8,4,0.0
6.53,12,0,-42,22,-50,-11,2,7,0.0
6.535,-16,-25,34,12,10,-10,-5,-23,0.0
6.54,-30,-2,-5,-17,-6,-10,-6,-12,0.0
6.545,15,19,85,-47,28,9,0,5,0.0
6.55,29,-6,-89,48,-33,-5,2,11,0.0
6.555,-30,-17,26,28,-21,-7,-1,-6,0.0
6.5600000000000005,-20,-40,-91,-27,-15,-9,-15,-14,0.0
6.565,-18,-9,52,20,-3,-7,-1,-3,0.0
6.57,16,27,75,-22,35,13,9,9,0.0
6.575,25,9,-11,-15,3,2,-5,9,0.0
6.58,0,-2,29,25,2,5,5,-6,0.0
6.585,-9,1,-26,-7,-8,-7,-12,-13,0.0
6.59,2,-1,-19,-21,11,1,1,1,0.0
6.595,-11,-8,11,-2,1,3,3,-1,0.0
6.6000000000000005,33,33,14,7,3,5,8,24,0.0
6.605,-28,-17,-47,-11,-11,-3,-3,-16,0.0
6.61,-5,-5,19,-13,7,-4,-6,-5,0.0
6.615,-3,-4,-16,4,0,2,0,6,0.0
6.62,12,-5,2,3,2,5,7,11,0.0
6.625,-7,-2,19,5,-8,-5,-4,-4,0.0
6.63,-19,-12,-15,-8,3,-4,-6,-11,0.0
6.635,10,3,1,-6,3,3,3,9,0.0
6.640000000000001,3,3,14,3,-1,-1,-4,-1,0.0
6.6450000000000005,-6,-1,35,0,-7,-4,-4,0,0.0
6.65,-6,23,-7,0,7,1,-2,-2,0.0
6.655,8,-18,1,-14,-1,5,8,7,0.0
6.66,-1,-3,16,5,-2,-3,-3,-4,0.0
6.665,-7,-3,-28,1,-5,-1,0,-1,0.0
6.67,-4,4,5,-10,1,-4,-12,0,0.0
6.675,2,15,28,2,-2,-5,-7,-4,0.0
6.68,-3,-23,-6,1,2,2,-1,-4,0.0
6.6850000000000005,0,23,-39,-1,1,0,4,1,0.0
6.69,-5,-9,15,-2,3,1,4,1,0.0
6.695,-3,6,-13,0,2,6,7,-2,0.0
6.7,-11,-27,-10,-5,-6,-17,-20,-9,0.0
6.705,-9,-5,-29,-8,-3,0,-10,-5,0.0
6.71,-2,-4,1,-3,0,4,6,1,0.0
6.715,-2,8,2,11,7,3,-7,-3,0.0
6.72,6,21,11,6,2,3,6,3,0.0
6.7250000000000005,13,-95,-65,-4,-14,0,11,9,0.0
6.73,-7,89,2,-25,-1,-2,-10,-7,0.0
6.735,-1,-26,5,-5,-4,-4,2,8,0.0
6.74,2,2,34,28,-6,-2,34,1,0.0
6.745,-2,-4,-5,11,4,-5,-24,-3,0.0
6.75,-12,-58,-17,-14,2,-1,-15,-14,0.0
6.755,6,22,-21,0,-3,2,1,4,0.0
6.76,6,-3,-34,-20,0,-2,4,7,0.0
6.765000000000001,-19,-10,54,43,2,0,-5,-17,0.0
6.7700000000000005,-8,-50,-57,4,-9,-1,20,5,0.0
6.775,10,27,13,-20,3,-1,20,9,0.0
6.78,6,-28,-4,7,1,-8,-63,-1,0.0
6.785,10,16,-20,-35,-16,-9,-5,3,0.0
6.79,7,13,28,11,8,-2,-20,-28,0.0
6.795,-1,-30,-17,7,1,2,-32,-10,0.0
6.8,5,19,27,19,12,9,-3,13,0.0
6.805,-17,1,-33,-58,-4,1,-1,-26,0.0
6.8100000000000005,4,-5,25,26,-4,8,2,18,0.0
6.815,-9,-8,-10,-8,-9,-6,-41,-8,0.0
6.82,-8,6,7,5,2,4,-2,-14,0.0
6.825,9,40,20,17,10,-5,12,7,0.0
6.83,1,-106,-30,-3,14,10,21,18,0.0
6.835,32,60,-18,3,-1,0,11,2,0.0
6.84,-32,-55,6,-10,-5,-10,2,-6,0.0
6.845,-52,-10,-14,6,8,5,11,-10,0.0
6.8500000000000005,-8,-33,3,-14,-12,-5,0,-4,0.0
6.855,-13,-103,-9,-1,-8,-11,-8,-6,0.0
6.86,-12,34,-6,-13,3,16,23,-4,0.0
6.865,27,-27,-26,-1,-8,-5,0,11,0.0
6.87,3,26,6,-1,-3,-3,-6,7,0.0
6.875,-17,-8,2,-37,4,-4,-13,-32,0.0
6.88,30,29,57,59,11,27,29,26,0.0
6.885,-44,-35,-99,-101,-36,-44,4,-4,0.0
6.890000000000001,7,29,6,-21,-3,-12,-39,-29,0.0
6.8950000000000005,12,1,5,20,1,3,19,11,0.0
6.9,12,17,-5,-8,2,3,7,4,0.0
6.905,30,51,75,110,39,40,16,34,0.0
6.91,-17,-42,-60,-21,-29,-26,6,-4,0.0
6.915,-23,1,-50,-97,-17,-16,-3,-11,0.0
6.92,6,3,3,47,0,-4,-10,-2,0.0
6.925,2,-8,12,-2,-16,7,5,2,0.0
6.93,0,32,15,-12,33,9,7,-3,0.0
6.9350000000000005,0,8,36,72,-45,-7,7,11,0.0
6.94,-12,-10,-40,-51,-7,-8,-20,-5,0.0
6.945,11,-5,10,38,10,3,4,-6,0.0
6.95,3,14,15,-6,11,8,1,2,0.0
6.955,-1,8,-8,-3,14,4,18,9,0.0
6.96,5,-28,-5,-22,0,-10,0,-2,0.0
6.965,16,27,23,12,-14,-7,-14,-9,0.0
6.97,12,-90,-47,-5,-4,11,6,12,0.0
6.9750000000000005,8,18,46,4,4,-6,-8,-5,0.0
6.98,-104,-105,-31,-7,-11,-14,-16,-38,0.0
6.985,-27,9,18,-23,8,0,-10,-10,0.0
6.99,-15,-11,14,4,-4,-5,5,5,0.0
6.995,9,2,-12,24,10,9,10,5,0.0
7.0,25,19,0,-17,-1,0,1,0,0.0
7.005,14,5,10,16,2,0,14,10,0.0
7.01,11,36,23,-8,-4,4,-6,-3,0.0
7.015000000000001,-6,-11,-24,-39,-3,-1,11,22,0.0
7.0200000000000005,16,33,6,-6,-7,-11,-15,-41,0.0
7.025,5,-4,-11,-7,0,3,15,31,0.0
7.03,6,-6,19,21,-8,-14,-37,-52,0.0
7.035,-8,0,56,21,13,5,-4,-22,0.0
7.04,28,0,-75,-2,-4,-3,-30,12,0.0
7.045,-23,-21,0,-6,-8,-9,-13,-23,0.0
7.05,-20,1,18,4,8,8,-7,-7,0.0
7.055,-14,28,29,4,-2,4,21,8,0.0
7.0600000000000005,15,-7,27,7,1,6,106,42,0.0
7.065,2,-16,-18,-5,-5,-21,-73,-79,0.0
7.07,-1,12,-9,-6,-8,-12,4,15,0.0
7.075,-3,-26,-4,9,-2,-6,-18,-5,0.0
7.08,14,37,10,4,0,13,17,7,0.0
7.085,4,-13,-1,-7,7,10,11,17,0.0
7.09,3,7,13,5,-1,-2,11,7,0.0
7.095,13,17,-14,1,8,2,0,-4,0.0
7.1000000000000005,-7,-24,-17,-3,-10,0,-12,-2,0.0
7.105,-2,1,-11,-35,-9,-1,7,9,0.0
7.11,3,23,30,16,-3,-7,-10,0,0.0
7.115,17,31,-28,2,5,5,8,11,0.0
7.12,-15,-6,5,-4,5,-5,-19,-8,0.0
7.125,9,30,4,0,0,-3,-6,6,0.0
7.13,9,17,-16,6,-2,7,30,21,0.0
7.135,-10,-27,-5,8,-30,-10,-6,-2,0.0
7.140000000000001,-9,-9,3,-19,-4,-7,-20,-21,0.0
7.1450000000000005,9,4,-1,6,6,8,9,5,0.0
7.15,-2,-2,-7,-3,8,0,-6,2,0.0
7.155,-4,-5,-6,10,3,-2,-14,-8,0.0
7.16,5,-38,-32,-5,-6,-8,-17,-5,0.0
7.165,4,93,40,8,-2,0,-8,16,0.0
7.17,-12,-32,2,6,2,2,9,5,0.0
7.175,-6,-19,-1,-9,6,3,-3,-5,0.0
7.18,-1,-14,4,5,-3,1,3,8,0.0
7.1850000000000005,5,-25,-18,-5,8,0,3,4,0.0
7.19,-11,-31,-11,-11,-7,-5,-3,-14,0.0
7.195,-6,-13,16,0,-2,1,-4,-3,0.0
7.2,1,12,-11,7,10,-1,6,1,0.0
7.205,0,-24,-13,-5,-1,-5,-3,1,0.0
7.21,2,10,-23,-19,-16,1,-8,-5,0.0
7.215,-18,-51,-17,-11,-10,-5,3,-1,0.0
7.22,-8,10,13,-6,-4,-4,-12,-25,0.0
7.2250000000000005,18,34,-18,-5,11,4,11,10,0.0
7.23,0,33,14,12,-4,-1,3,3,0.0
7.235,4,-2,-2,11,9,-1,-5,-5,0.0
7.24,2,19,14,5,-3,-3,4,13,0.0
7.245,-5,-36,-7,-23,-13,0,2,-6,0.0
7.25,8,16,-4,2,5,2,4,1,0.0
7.255,6,30,-3,14,6,2,1,3,0.0
7.26,-3,-10,21,-17,-8,-3,0,14,0.0
7.265000000000001,-2,-26,-12,20,-9,-4,9,-10,0.0
7.2700000000000005,1,6,5,-4,-1,4,1,9,0.0
7.275,-10,1,2,-2,8,-1,-5,-19,0.0
7.28,4,6,11,3,13,9,21,10,0.0
7.285,-6,-14,65,22,-4,-6,-5,-4,0.0
7.29,35,111,-8,-10,-9,2,16,17,0.0
7.295,-8,-93,6,-2,-3,-4,-8,-7,0.0
7.3,7,18,11,-6,-2,3,4,0,0.0
7.305,-12,-50,-16,-5,8,6,3,1,0.0
7.3100000000000005,-1,-12,55,36,53,12,-2,-3,0.0
7.315,-1,27,-60,-8,-68,-23,-1,5,0.0
7.32,-7,0,-18,-39,-19,-9,-16,-4,0.0
7.325,-4,-11,32,44,6,1,0,3,0.0
7.33,-8,-21,-10,-3,4,-2,-5,-7,0.0
7.335,11,30,29,14,35,11,6,6,0.0
7.34,1,0,11,-6,16,2,-3,-2,0.0
7.345,-8,4,-42,56,-4,-1,-4,0,0.0
7.3500000000000005,-6,3,31,-94,-40,-9,-2,-4,0.0
7.355,0,27,15,65,-2,0,-1,-1,0.0
7.36,-11,-6,-52,-49,-13,-7,-11,-6,0.0
7.365,11,-15,20,0,15,3,5,4,0.0
7.37,-16,-95,62,122,22,1,-8,-10,0.0
7.375,-28,-78,-85,-114,-30,-5,1,-4,0.0
7.38,20,42,105,77,7,2,0,7,0.0
7.385,-31,0,48,73,22,4,-1,-7,0.0
7.390000000000001,14,-31,-42,-49,-32,-13,-9,-5,0.0
7.3950000000000005,-29,-21,31,-78,-3,-4,-5,-8,0.0
7.4,-1,-27,-35,27,5,3,-1,-3,0.0
7.405,13,15,26,-25,7,6,7,8,0.0
7.41,-1,23,-58,-19,-16,-9,-3,-1,0.0
7.415,27,30,11,-42,6,3,1,7,0.0
7.42,1,20,-9,8,13,4,0,0,0.0
7.425,4,12,17,82,-1,2,0,3,0.0
7.43,31,10,-55,-78,8,-2,1,4,0.0
7.4350000000000005,-25,13,-23,23,3,-3,-5,-1,0.0
7.44,26,-71,-45,-43,-13,-15,-11,-6,0.0
7.445,-14,-27,-40,-59,-19,1,0,-10,0.0
7.45,-76,-9,24,49,14,2,-2,-15,0.0
7.455,13,13,-10,22,3,2,3,5,0.0
7.46,-23,-26,35,46,-18,-5,-5,-6,0.0
7.465,25,-51,-38,-56,-8,-11,-8,2,0.0
7.47,6,0,27,0,-1,3,2,-4,0.0
7.4750000000000005,21,33,-5,28,16,6,4,12,0.0
7.48,-1,-11,10,-10,2,3,2,-2,0.0
7.485,-6,-23,-17,-43,-15,-13,-9,-8,0.0
7.49,22,93,39,40,10,10,15,19,0.0
7.495,-5,-51,58,60,18,1,-2,-3,0.0
7.5,1,4,0,-12,-14,-4,-4,-2,0.0
7.505,-4,6,-13,-17,-1,1,-1,0,0.0
7.51,-16,-59,-56,-30,-20,-3,-2,-3,0.0
7.515000000000001,20,24,-15,1,6,3,2,1,0.0
7.5200000000000005,-3,25,30,28,-3,-2,1,1,0.0
7.525,-4,17,17,-31,-10,-4,-6,-4,0.0
7.53,4,-45,-6,30,-5,-9,-12,-7,0.0
7.535,-8,38,37,-4,3,3,3,0,0.0
7.54,-23,-25,-62,10,8,2,-1,-5,0.0
7.545,-14,-39,-101,-35,-18,-12,-8,-1,0.0
7.55,-2,-72,17,1,2,-3,14,-15,0.0
7.555,7,18,9,21,1,3,3,1,0.0
7.5600000000000005,-6,25,47,50,3,-1,4,0,0.0
7.565,-18,21,-45,-44,2,-2,-13,-4,0.0
7.57,-5,51,19,-14,-3,-1,2,10,0.0
7.575,-5,-26,18,5,-2,-4,-13,-8,0.0
7.58,44,12,-48,-26,-1,9,16,56,0.0
7.585,-16,2,24,2,7,19,49,29,0.0
7.59,-26,-9,-4,48,-10,-33,-76,-77,0.0
7.595,-10,6,-15,-34,-7,-10,-12,-21,0.0
7.6000000000000005,-9,-17,1,-3,-3,-8,-14,-14,0.0
7.605,12,18,5,2,5,5,5,28,0.0
7.61,7,17,1,-8,8,17,31,31,0.0
7.615,-6,-10,1,19,4,1,0,0,0.0
7.62,1,-8,-11,-28,-1,0,1,-5,0.0
7.625,-2,-7,16,11,-9,-8,-17,-24,0.0
7.63,6,8,-6,-3,1,5,6,14,0.0
7.635,13,-18,-11,0,-4,-4,14,-1,0.0
7.640000000000001,-2,9,27,-25,7,0,-21,-4,0.0
7.6450000000000005,11,21,-19,16,-4,-6,-6,-6,0.0
7.65,-3,-27,18,-8,-22,-9,0,3,0.0
7.655,11,6,10,-4,1,5,0,12,0.0
7.66,-16,4,0,-18,-7,-4,4,-8,0.0
7.665,9,13,46,18,6,0,2,-4,0.0
7.67,0,-29,-39,-14,22,7,2,5,0.0
7.675,0,12,6,27,-1,-3,-3,1,0.0
7.68,18,56,21,-4,15,7,7,4,0.0
7.6850000000000005,0,-26,-10,-44,-39,-9,-7,-7,0.0
7.69,-6,8,6,1,4,0,10,11,0.0
7.695,-7,-24,-8,-3,0,1,3,1,0.0
7.7,-8,-27,-9,16,6,-6,-7,-15,0.0
7.705,-11,-63,11,5,9,6,4,-5,0.0
7.71,7,16,-11,-9,-7,0,-2,8,0.0
7.715,-5,-8,2,-4,1,-3,-1,-6,0.0
7.72,-5,-45,-5,-8,-8,-3,-5,-7,0.0
7.7250000000000005,4,76,22,9,5,2,2,3,0.0
7.73,-3,-3,25,1,-4,-3,-3,-5,0.0
7.735,-2,-19,0,8,5,2,0,3,0.0
7.74,-9,5,-34,-8,-12,-4,1,-4,0.0
7.745,-1,-2,3,-6,-4,-5,-7,-5,0.0
7.75,2,7,1,10,6,1,1,3,0.0
7.755,8,17,-9,-16,-5,-1,-6,0,0.0
7.76,-8,0,9,3,-2,2,4,1,0.0
7.765000000000001,2,-5,-5,4,6,0,-3,-5,0.0
7.7700000000000005,3,11,-11,4,-1,-1,-2,1,0.0
7.775,-3,-19,-20,-23,-10,-3,-4,-1,0.0
7.78,-8,-20,19,5,-10,-7,-1,-5,0.0
7.785,1,29,-6,3,3,4,-1,-1,0.0
7.79,1,-15,4,-4,-1,-2,2,0,0.0
7.795,-4,11,5,7,4,3,-2,-3,0.0
7.8,-7,-7,-4,-1,1,-1,-3,-3,0.0
7.805000000000001,0,-2,-8,0,1,-1,-4,0,0.0
7.8100000000000005,3,13,7,-1,-2,0,3,0,0.0
7.815,-1,0,-11,6,1,-2,1,0,0.0
7.82,-3,37,-46,-18,-5,0,-1,-3,0.0
7.825,0,-23,11,5,-3,-2,0,-2,0.0
7.83,-2,-6,-33,-2,-9,0,-11,0,0.0
7.835,-2,1,18,2,-1,-2,0,0,0.0
7.84,2,-8,-1,4,2,-1,0,-1,0.0
7.845,3,-2,6,8,6,-1,-5,-3,0.0
7.8500000000000005,-3,3,5,5,4,2,8,-1,0.0
7.855,-5,-5,-22,-20,-6,-1,2,-2,0.0
7.86,1,4,8,0,-1,2,-1,-1,0.0
7.865,-2,-4,6,-12,-4,-5,-5,-3,0.0
7.87,2,2,2,-1,1,0,-1,-1,0.0
7.875,5,1,2,12,1,-3,-3,0,0.0
7.88,2,2,5,4,-4,-2,3,0,0.0
7.885,-8,-3,-12,-9,2,-3,-7,-3,0.0
7.890000000000001,0,-2,5,-6,-2,2,8,3,0.0
7.8950000000000005,-1,2,-28,-3,2,1,2,1,0.0
7.9,3,1,22,0,-2,-1,10,6,0.0
7.905,-8,-5,-12,1,-2,-4,-25,-8,0.0
7.91,2,-1,-17,-11,-2,-1,-3,0,0.0
7.915,0,5,3,9,-3,-2,-3,0,0.0
7.92,3,-4,4,-3,1,1,1,1,0.0
7.925,9,1,0,6,-8,0,10,3,0.0
7.930000000000001,-7,-7,-2,-10,12,2,-2,0,0.0
7.9350000000000005,13,-1,6,-4,-4,-3,-2,0,0.0
7.94,-26,-9,-18,-3,0,-4,-7,-5,0.0
7.945,9,5,10,4,0,-2,-2,-1,0.0
7.95,-6,-4,6,8,-6,-4,1,-2,0.0
7.955,6,-3,4,-11,0,2,1,-4,0.0
7.96,0,3,-3,-3,-1,0,-2,-2,0.0
7.965,1,-10,3,33,-1,-2,0,-1,0.0
7.97,-9,57,10,1,2,7,6,5,0.0
7.9750000000000005,-18,-29,9,-3,0,-1,-5,-4,0.0
7.98,2,-5,-6,-9,-2,-1,-2,-2,0.0
7.985,-15,-19,-1,-13,-1,-4,1,-2,0.0
7.99,8,-7,-14,-2,-3,-5,-7,-1,0.0
7.995,-5,0,-3,-10,2,2,3,1,0.0
8.0,5,7,25,56,0,-2,-4,-6,0.0
8.005,6,6,-18,-61,-4,-3,0,-5,0.0
8.01,-4,-24,16,18,-3,-1,4,0,0.0
8.015,-3,9,-2,0,2,2,24,-1,0.0
8.02,-1,-10,9,-6,-4,-7,-35,-29,0.0
8.025,3,10,-13,1,4,7,3,7,0.0
8.03,-2,-1,21,43,-5,-5,-8,-8,0.0
8.035,-8,-4,-8,-9,0,4,18,9,0.0
8.040000000000001,10,-3,-33,-21,-3,5,96,73,0.0
8.045,-14,-10,11,16,-6,-23,-100,-104,0.0
8.05,10,0,7,6,-7,-1,5,-6,0.0
8.055,-23,-2,3,24,4,7,21,0,0.0
8.06,-3,-4,2,37,0,-5,3,7,0.0
8.065,11,6,-33,5,2,12,81,94,0.0
8.07,-10,-1,-6,-76,-7,-11,-54,-41,0.0
8.075,29,23,28,72,0,-5,12,38,0.0
8.08,-27,-48,-45,-95,-17,-2,-16,-7,0.0
8.085,23,8,7,18,10,13,79,95,0.0
8.09,19,-1,10,3,4,-11,-77,-69,0.0
8.095,-24,13,37,81,0,-4,-12,-20,0.0
8.1,1,-3,-21,-5,13,8,-7,-8,0.0
8.105,-18,-27,-53,-111,-41,-17,-29,-27,0.0
8.11,2,-9,11,23,11,12,68,33,0.0
8.115,20,16,26,31,15,24,58,54,0.0
8.120000000000001,0,11,-6,-40,-11,-15,-59,-75,0.0
8.125,-7,3,11,23,0,-35,-20,14,0.0
8.13,-31,9,-17,13,10,6,39,35,0.0
8.135,-15,-14,24,-40,1,-10,-12,-28,0.0
8.14,0,-6,2,-20,-1,5,26,21,0.0
8.145,2,1,9,-32,10,17,43,33,0.0
8.15,28,-1,-19,34,-15,-2,30,43,0.0
8.155,0,7,-11,-34,5,3,22,65,0.0
8.16,-6,3,23,11,1,13,90,103,0.0
8.165000000000001,-35,-2,9,56,2,-26,-17,9,0.0
8.17,-7,0,12,15,7,11,93,51,0.0
8.175,-1,-7,-32,-27,-8,-2,-32,-12,0.0
8.18,0,14,2,4,-6,-8,-25,-7,0.0
8.185,-6,4,6,24,4,13,-8,-39,0.0
8.19,11,4,14,-16,1,1,32,17,0.0
8.195,-25,-30,-47,-70,-17,1,-20,-37,0.0
8.2,5,9,-6,11,4,-2,84,84,0.0
8.205,-20,-3,17,13,0,-7,-88,-99,0.0
8.21,2,-5,-13,-11,-5,4,45,86,0.0
8.215,-17,-6,-12,-4,-2,-26,-110,-96,0.0
8.22,-4,4,20,28,-2,-3,-21,-1,0.0
8.225,-6,-8,-1,-10,7,21,62,42,0.0
8.23,-25,-6,-14,-26,-11,-7,-32,-22,0.0
8.235,-23,-3,0,11,0,-2,-5,-8,0.0
8.24,-4,1,5,22,12,7,-9,-7,0.0
8.245000000000001,1,0,11,15,1,0,-8,-5,0.0
8.25,-1,5,-13,-34,-10,-6,-53,-31,0.0
8.255,30,3,-3,13,8,-5,19,40,0.0
8.26,8,-7,-3,15,1,-7,-48,-56,0.0
8.265,28,0,0,-10,-24,3,16,22,0.0
8.27,10,-15,-9,-17,-11,-5,-3,-34,0.0
8.275,28,-2,-1,2,6,-6,19,26,0.0
8.28,3,-27,-2,-7,-9,4,1,-19,0.0
8.285,2,21,8,-7,2,-7,-4,-9,0.0
8.290000000000001,7,-2,1,32,12,1,0,5,0.0
8.295,8,2,1,-1,2,-2,1,8,0.0
8.3,8,-9,-11,-41,-33,-12,-26,-22,0.0
8.305,18,-4,-2,9,1,6,21,12,0.0
8.31,-3,-3,-8,-11,-5,-6,-23,-6,0.0
8.315,11,3,3,-2,2,-1,14,20,0.0
8.32,0,16,10,4,15,-1,-85,-38,0.0
8.325,-2,-8,-5,28,40,18,15,3,0.0
8.33,-11,-1,-20,-16,-79,-20,-17,-7,0.0
8.335,2,-5,-1,-8,2,5,0,5,0.0
8.34,3,11,13,20,6,2,18,23,0.0
8.345,4,3,2,-20,2,2,1,22,0.0
8.35,6,-1,4,9,32,1,-30,-16,0.0
8.355,-6,-5,-8,-8,-15,-5,-11,-7,0.0
8.36,3,9,10,5,-8,-1,22,-4,0.0
8.365,7,-38,-5,15,16,2,1,-6,0.0
8.370000000000001,-11,-21,3,-16,21,10,5,-6,0.0
8.375,-18,-9,-27,-27,-47,-11,13,10,0.0
8.38,-3,-4,-1,1,6,-2,2,2,0.0
8.385,2,1,-1,-2,-3,-6,-11,-7,0.0
8.39,5,-17,-7,4,7,0,-1,-1,0.0
8.395,7,5,11,3,5,5,0,-4,0.0
8.4,-1,9,4,7,16,-4,-5,0,0.0
8.405,-9,2,-1,14,-9,-1,-1,-10,0.0
8.41,5,14,-32,-32,-24,-3,-3,2,0.0
8.415000000000001,-8,-3,4,-4,32,6,3,-2,0.0
8.42,-18,3,1,-7,-28,-3,9,1,0.0
8.425,-3,-35,-29,-9,-4,0,10,6,0.0
8.43,-4,-13,14,28,22,-4,-8,1,0.0
8.435,10,-23,-13,5,12,-1,-11,-3,0.0
8.44,-5,-13,9,14,8,6,6,1,0.0
8.445,12,-16,-16,-3,-4,-3,-7,-2,0.0
8.45,-5,-112,-9,-4,-1,-5,-12,-15,0.0
8.455,-28,-13,-23,-9,-4,2,6,-6,0.0
8.46,-2,4,41,13,10,-4,1,3,0.0
8.465,-3,6,15,-4,7,1,-2,0,0.0
8.47,-7,-82,23,11,18,1,-4,-12,0.0
8.475,11,54,4,24,-51,-10,3,5,0.0
8.48,4,-56,5,-12,8,5,-2,-1,0.0
8.485,-25,-12,-55,-24,-23,-7,-4,-3,0.0
8.49,2,103,94,33,17,7,4,7,0.0
8.495000000000001,-8,-46,-98,-24,3,-1,-3,-8,0.0
8.5,3,-5,27,-20,-5,0,2,4,0.0
8.505,22,63,33,-28,-11,-7,-5,-2,0.0
8.51,-6,23,-7,-14,-1,4,6,10,0.0
8.515,8,-2,46,21,6,-4,-6,-2,0.0
8.52,24,22,-58,2,-1,0,-4,-6,0.0
8.525,-6,56,55,48,10,6,9,8,0.0
8.53,-8,-17,-116,-26,-18,-11,-7,-6,0.0
8.535,4,-61,-23,-95,-12,-9,-9,-7,0.0
8.540000000000001,12,-14,-7,13,-6,-10,-10,-7,0.0
8.545,-4,-54,19,-1,5,8,6,1,0.0
8.55,-4,29,29,98,6,5,6,4,0.0
8.555,-1,-13,-29,-19,-4,-1,-2,-5,0.0
8.56,-11,7,-2,-21,-11,-8,-3,-3,0.0
8.565,-9,-6,23,9,-3,-3,-1,-3,0.0
8.57,-5,37,20,-10,-1,0,3,7,0.0
8.575000000000001,14,18,98,53,12,6,4,7,0.0
8.58,-3,69,-93,-4,1,1,3,2,0.0
8.585,-19,-26,4,-3,-11,-5,-4,1,0.0
8.59,6,-10,40,-5,0,-2,-5,-7,0.0
8.595,-15,8,23,1,0,-1,-2,-5,0.0
8.6,-13,9,41,-18,1,3,1,6,0.0
8.605,8,-7,-33,-26,-8,-5,-5,-5,0.0
8.61,9,5,-37,-23,-5,-2,1,7,0.0
8.615,9,10,34,9,3,-3,-3,1,0.0
8.620000000000001,-15,-37,-39,12,3,5,4,-4,0.0
8.625,12,33,-2,5,2,0,2,0,0.0
8.63,9,-14,3,-16,0,-2,-3,1,0.0
8.635,-12,10,0,8,2,0,-1,-5,0.0
8.64,-5,-18,5,22,-3,-2,-2,0,0.0
8.645,-1,-10,-2,-12,-17,-4,1,-2,0.0
8.65,24,22,7,-6,1,1,0,2,0.0
8.655,8,-14,-11,13,5,-1,0,-3,0.0
8.66,8,37,21,-3,3,-4,-3,8,0.0
8.665000000000001,-20,0,26,1,4,1,0,-8,0.0
8.67,-6,-2,-29,-26,-15,-10,-6,-4,0.0
8.675,4,9,2,-3,12,4,3,1,0.0
8.68,-7,-19,30,25,10,9,8,3,0.0
8.685,9,-13,-73,48,22,-6,-7,-1,0.0
8.69,4,-3,6,-28,-40,-8,1,3,0.0
8.695,-18,-21,0,-11,-50,-3,-2,-3,0.0
8.700000000000001,6,16,49,-14,1,-1,-8,-3,0.0
8.705,20,-27,17,3,19,15,9,4,0.0
8.71,5,101,49,33,29,10,15,15,0.0
8.715,12,10,17,7,14,-6,-4,3,0.0
8.72,-7,-20,34,13,17,15,6,-7,0.0
8.725,-16,12,75,-12,-29,-8,-28,-20,0.0
8.73,-14,-17,-16,19,3,6,11,5,0.0
8.735,-24,-19,2,-15,-13,-4,-2,-2,0.0
8.74,29,0,29,33,-10,-45,-8,2,0.0
8.745000000000001,17,81,42,-5,22,3,7,12,0.0
8.75,-1,-74,-73,-37,-2,-9,-20,-21,0.0
8.755,-10,-7,-44,-10,20,-2,14,-1,0.0
8.76,-40,1,44,19,-9,34,6,-7,0.0
8.765,8,-24,-43,-31,-22,-12,2,0,0.0
8.77,0,-95,15,33,20,-13,-25,-16,0.0
8.775,1,-7,-1,-12,11,16,14,21,0.0
8.78,-4,-35,-7,-13,15,7,5,0,0.0
8.785,-30,4,-60,-19,-24,-7,0,-5,0.0
8.790000000000001,-18,41,58,15,0,16,10,10,0.0
8.795,5,17,-18,-5,-11,-13,-17,-14,0.0
8.8,23,-1,-24,-21,-18,-13,-8,28,0.0
8.805,-23,-84,34,6,8,4,-1,-27,0.0
8.81,22,41,10,-8,-4,0,-10,-29,0.0
8.815,-18,4,-9,0,-4,-1,-12,14,0.0
8.82,-3,-3,-39,-18,-19,-12,-13,-20,0.0
8.825000000000001,-11,3,-19,8,-1,-12,2,-6,0.0
8.83,-5,-2,-38,-11,4,8,15,12,0.0
8.835,20,17,34,31,27,12,20,14,0.0
8.84,-18,-1,-15,-20,-13,-2,-6,-31,0.0
8.845,0,-5,-5,1,6,-4,-3,9,0.0
8.85,1,10,25,-9,3,8,14,3,0.0
8.855,4,10,3,-2,-12,-8,-9,16,0.0
8.86,-5,-17,-30,-10,-10,-1,-3,13,0.0
8.865,15,6,-2,-5,-3,1,-5,3,0.0
8.870000000000001,-9,1,-6,0,1,-4,1,-5,0.0
8.875,6,-3,-19,1,-2,-3,1,6,0.0
8.88,8,-26,-18,-5,9,12,27,32,0.0
8.885,-5,13,18,1,-9,-3,-8,2,0.0
8.89,-3,-8,-11,-10,-6,-7,-5,14,0.0
8.895,-5,2,0,6,0,3,0,-22,0.0
8.9,11,4,-2,3,4,4,27,9,0.0
8.905,3,-3,-18,-4,1,-11,-61,11,0.0
8.91,-15,-8,1,-3,-1,1,-6,-27,0.0
8.915000000000001,-29,-30,-22,-24,-17,-12,-30,-13,0.0
8.92,2,29,-7,2,4,-2,-5,3,0.0
8.925,-2,-11,-15,-3,2,7,20,8,0.0
8.93,-12,-44,-27,-11,-7,-9,-12,-10,0.0
8.935,3,-17,48,9,-2,-3,-7,-20,0.0
8.94,-11,-14,-36,-1,2,-4,-8,-15,0.0
8.945,1,-6,-4,-5,-1,1,12,8,0.0
8.950000000000001,0,5,-1,-9,-9,-7,-12,-12,0.0
8.955,-1,10,-3,2,0,4,14,-3,0.0
8.96,3,-3,28,8,2,-7,-8,-4,0.0
8.965,-12,-39,-43,0,-4,4,9,-17,0.0
8.97,2,-5,-9,2,8,-2,0,10,0.0
8.975,-13,-25,-18,4,5,11,9,7,0.0
8.98,-2,0,12,1,-3,-9,-12,-6,0.0
8.985,5,-1,-44,-15,-9,-3,1,-1,0.0
8.99,-7,9,-70,-27,-11,-5,1,5,0.0
8.995000000000001,9,29,-37,-1,-1,-4,-4,3,0.0
9.0,-3,-12,2,-4,-2,-3,-12,-13,0.0
9.005,-1,10,26,5,1,2,13,-1,0.0
9.01,-4,-1,30,11,2,0,2,21,0.0
9.015,13,3,19,7,3,1,0,-5,0.0
9.02,0,-1,-6,-17,-4,-1,-2,-3,0.0
9.025,-6,-7,-25,-23,-10,-7,-1,-4,0.0
9.03,1,2,2,11,-15,-1,2,3,0.0
9.035,-2,-8,14,2,7,2,-2,-8,0.0
9.040000000000001,-3,0,-8,1,3,0,1,1,0.0
9.045,3,9,19,11,10,2,0,0,0.0
9.05,3,5,26,9,6,1,-2,-4,0.0
9.055,5,14,31,32,-4,-2,-1,-5,0.0
9.06,-2,-13,-8,-73,0,1,-2,3,0.0
9.065,0,6,33,52,-24,-9,1,1,0.0
9.07,-4,-14,11,-21,-4,1,5,1,0.0
9.075000000000001,6,-4,-32,-15,-1,-2,-2,-8,0.0
9.08,-4,6,12,26,12,8,4,4,0.0
9.085,0,-6,-21,-19,3,3,0,2,0.0
9.09,-1,8,-3,1,-3,-4,-2,-2,0.0
9.095,0,-5,16,10,-6,-4,-4,-3,0.0
9.1,1,6,27,28,-4,-3,-6,-11,0.0
9.105,-6,-1,-34,-35,11,2,0,-5,0.0
9.11,-7,-6,-9,-7,-4,-2,0,-3,0.0
9.115,3,3,14,-11,3,3,2,4,0.0
9.120000000000001,3,10,-6,4,-6,-3,-1,0,0.0
9.125,6,10,38,3,0,0,2,4,0.0
9.13,0,7,25,-1,3,2,-3,-1,0.0
9.135,-3,-8,-3,-12,-3,-4,-4,-5,0.0
9.14,-6,-14,-24,14,-7,-7,-4,-8,0.0
9.145,6,9,2,-7,3,3,1,8,0.0
9.15,6,-5,-6,8,4,2,3,7,0.0
9.155,-29,3,-7,-10,-10,-5,7,24,0.0
9.16,27,-11,24,15,3,2,-3,-14,0.0
9.165000000000001,-30,-9,-12,-24,-5,-5,-12,-53,0.0
9.17,-4,6,2,2,-4,2,-1,1,0.0
9.175,13,3,-14,18,5,10,69,37,0.0
9.18,-19,20,-9,-9,-4,-9,-53,13,0.0
9.185,6,11,28,14,3,1,-4,-28,0.0
9.19,8,-11,2,-4,-2,-3,-2,4,0.0
9.195,1,1,13,-3,-1,-1,-3,-12,0.0
9.200000000000001,1,-10,-31,-2,0,3,25,17,0.0
9.205,1,-12,-5,5,-1,0,0,-1,0.0
9.21,-7,10,-4,0,2,-2,-3,1,0.0
9.215,5,-4,-21,-7,-1,-4,-14,-9,0.0
9.22,-1,7,13,-5,0,0,2,-11,0.0
9.225,1,-12,-4,7,5,1,-7,6,0.0
9.23,-5,4,-7,-5,-5,-5,2,-8,0.0
9.235,-6,-9,0,-12,-5,-2,-16,-3,0.0
9.24,-7,-4,-26,-18,-7,-5,0,-1,0.0
9.245000000000001,5,-12,6,9,-3,0,9,16,0.0
9.25,-1,-2,16,16,11,4,2,0,0.0
9.255,4,6,-16,4,7,-1,-10,3,0.0
9.26,-8,-5,-24,-26,-9,-4,-8,-38,0.0
9.265,5,-12,-68,-5,0,4,18,51,0.0
9.27,27,27,0,-2,-1,6,13,28,0.0
9.275,-5,0,-6,-12,-7,-6,-17,-10,0.0
9.28,-10,-11,4,4,6,1,3,-20,0.0
9.285,8,20,24,14,1,1,1,-5,0.0
9.290000000000001,-26,-31,-16,-3,-6,-13,-18,-19,0.0
9.295,7,1,8,0,1,2,2,-6,0.0
9.3,4,4,13,4,-1,0,5,21,0.0
9.305,-4,2,-7,-1,-5,-4,-7,0,0.0
9.31,-10,-8,-4,-5,-2,-2,-6,-18,0.0
9.315,2,9,20,-6,-6,-4,-8,-6,0.0
9.32,-2,-3,11,7,-2,-1,0,-5,0.0
9.325000000000001,-7,-3,-2,4,1,0,-1,2,0.0
9.33,-3,-7,-17,-15,-2,-5,-2,-8,0.0
9.335,2,8,-7,-5,-3,-4,-5,-4,0.0
9.34,4,3,-2,2,-2,2,6,6,0.0
9.345,0,2,27,1,1,-1,3,-4,0.0
9.35,3,1,0,1,0,1,-1,3,0.0
9.355,-5,-12,-19,-2,-6,-4,-8,-6,0.0
9.36,-2,1,2,7,0,-2,2,4,0.0
9.365,-2,-3,7,-4,0,-3,-5,-4,0.0
9.370000000000001,-10,-19,-3,4,-1,-1,-2,-2,0.0
9.375,1,0,16,1,-3,-1,-4,-3,0.0
9.38,-3,12,-15,-11,0,1,1,0,0.0
9.385,-4,-10,11,4,-1,-1,0,2,0.0
9.39,0,-8,-6,-2,-4,-2,-2,0,0.0
9.395,3,6,9,6,2,-3,-4,-3,0.0
9.4,-9,-18,-11,1,1,3,4,0,0.0
9.405,-3,0,-4,-13,-4,-1,-2,-2,0.0
9.41,-2,5,4,0,1,0,-1,0,0.0
9.415000000000001,-1,0,-1,1,-3,-2,-4,-3,0.0
9.42,3,3,3,-1,-3,-4,-1,1,0.0
9.425,2,3,5,0,0,1,-1,-2,0.0
9.43,3,5,4,-1,-4,-2,-1,7,0.0
9.435,-1,-3,-6,1,-1,-1,0,2,0.0
9.44,4,2,1,1,0,-2,0,-1,0.0
9.445,0,2,6,4,1,2,2,-1,0.0
9.450000000000001,-1,1,-3,-6,-1,-2,-5,-13,0.0
9.455,-4,-7,-12,-17,-9,-4,-3,0,0.0
9.46,-3,-5,1,2,-4,-1,0,0,0.0
9.465,0,-2,-2,13,7,2,0,-2,0.0
9.47,-2,2,-3,-8,6,2,-2,-3,0.0
9.475,-2,-1,2,1,-4,1,0,-8,0.0
9.48,6,12,28,34,2,-3,-1,2,0.0
9.485,0,5,-9,-14,12,5,-1,2,0.0
9.49,-2,-2,14,-47,-26,-9,-2,-2,0.0
9.495000000000001,-4,-6,-9,-6,4,2,1,-3,0.0
9.5,-2,-12,-21,1,-7,-6,-4,-2,0.0
9.505,2,3,14,16,3,0,0,-2,0.0
9.51,3,5,-1,14,5,3,2,4,0.0
9.515,1,2,10,2,-2,-1,0,-2,0.0
9.52,1,1,7,-4,-1,2,0,1,0.0
9.525,-1,-3,-7,-8,-6,-4,-3,-1,0.0
9.53,-2,-3,-4,7,0,-1,0,-2,0.0
9.535,1,-4,-2,7,-1,1,4,9,0.0
9.540000000000001,-1,-3,-8,-5,2,-2,-12,-3,0.0
9.545,6,10,-8,-9,-5,-1,9,4,0.0
9.55,-11,-1,7,5,-1,-3,15,19,0.0
9.555,0,-4,-3,2,3,-5,-57,-43,0.0
9.56,-5,-6,6,-1,1,1,2,-1,0.0
9.565,2,4,2,-8,-9,-6,-4,0,0.0
9.57,0,-3,-11,5,-1,-1,6,1,0.0
9.575000000000001,-4,-2,-11,5,2,1,16,12,0.0
9.58,-1,1,0,4,1,0,2,2,0.0
9.585,2,0,8,9,-10,-1,27,35,0.0
9.59,-5,-9,-2,-9,6,0,-4,-30,0.0
9.595,-7,-6,-4,-12,5,-1,2,8,0.0
9.6,11,5,14,27,-18,-2,22,18,0.0
9.605,9,2,-13,-14,5,4,15,71,0.0
9.61,-40,18,-16,6,-4,-9,1,-10,0.0
9.615,-9,6,23,-8,6,10,35,5,0.0
9.620000000000001,-9,3,35,-3,4,1,-37,-72,0.0
9.625,5,-1,5,0,0,-7,-74,3,0.0
9.63,-7,-37,-77,-11,-7,-4,-4,30,0.0
9.635,5,5,-15,8,-13,-11,-20,-30,0.0
9.64,0,0,-10,-5,-6,3,31,36,0.0
9.645,-10,26,49,-29,-7,0,32,15,0.0
9.65,21,-16,-40,0,6,-2,-21,-49,0.0
9.655,18,40,100,20,7,3,10,77,0.0
9.66,-16,-68,-103,-25,-2,-10,-11,-39,0.0
9.665000000000001,2,18,23,-5,5,3,1,-32,0.0
9.67,7,6,42,-19,-11,0,-2,8,0.0
9.675,4,-8,-2,3,-8,2,32,25,0.0
9.68,10,29,27,14,4,0,-11,1,0.0
9.685,-6,6,-14,8,3,-3,-12,-28,0.0
9.69,7,-5,23,6,5,3,7,11,0.0
9.695,-3,-8,-43,-11,-3,0,-14,-23,0.0
9.700000000000001,-1,2,0,-26,1,-3,-3,14,0.0
9.705,-5,-27,-25,0,-5,-2,7,-9,0.0
9.71,11,13,40,20,0,2,19,54,0.0
9.715,-18,-11,-17,-4,-5,-13,-42,-71,0.0
9.72,4,6,-3,-4,0,5,46,42,0.0
9.725,-11,-19,-2,4,-3,-7,-67,-56,0.0
9.73,6,14,6,1,-4,5,23,51,0.0
9.735,2,-8,-10,-15,-12,-2,19,-8,0.0
9.74,-5,-6,-1,-6,11,10,-48,6,0.0
9.745000000000001,-5,-7,2,25,22,-16,11,-33,0.0
9.75,18,13,17,18,16,7,8,45,0.0
9.755,2,-14,-21,-14,-33,0,44,39,0.0
9.76,8,3,-1,-11,14,31,65,84,0.0
9.765,-18,-16,-21,-5,-13,-42,-57,-30,0.0
9.77,-3,1,-17,-6,-9,-11,0,-9,0.0
9.775,0,8,-27,-16,-2,-2,18,15,0.0
9.78,5,10,9,-1,-6,10,87,46,0.0
9.785,7,-4,-2,3,-1,23,20,16,0.0
9.790000000000001,-8,-2,7,-2,-1,-4,-45,-51,0.0
9.795,3,1,-9,0,1,2,10,74,0.0
9.8,-5,-6,9,0,-7,-14,-40,-44,0.0
9.805,0,-2,0,-3,-3,-2,-14,-33,0.0
9.81,-4,-13,-12,-7,-9,-5,0,15,0.0
9.815,-6,9,14,5,9,6,-10,-14,0.0
9.82,-1,12,10,5,3,-13,-65,-46,0.0
9.825000000000001,9,5,6,2,-7,4,41,35,0.0
9.83,2,6,-4,-6,-1,8,6,-28,0.0
9.835,-1,0,-7,3,9,-3,-15,-19,0.0
9.84,-14,-17,4,0,-9,-16,-16,-23,0.0
9.845,0,-10,12,2,-5,6,7,7,0.0
9.85,-1,20,-10,-5,-1,0,14,-12,0.0
9.855,-13,-54,-16,-8,2,-6,-33,-38,0.0
9.86,-1,6,4,-2,-7,-11,-13,-4,0.0
9.865,-2,-12,6,-4,1,13,34,24,0.0
9.870000000000001,5,-6,12,4,-2,-4,-22,-17,0.0
9.875,4,-1,18,-6,0,-2,2,4,0.0
9.88,0,0,-20,-7,-3,1,4,-5,0.0
9.885,-6,-6,-12,-6,-3,-5,1,6,0.0
9.89,-4,-18,-24,0,0,-6,-9,-16,0.0
9.895,7,28,42,27,6,0,-5,-8,0.0
9.9,3,-4,3,-6,1,0,13,22,0.0
9.905,-6,-1,-12,-33,-7,1,-2,-5,0.0
9.91,-1,6,32,8,-3,-4,-7,-9,0.0
9.915000000000001,8,11,-8,2,3,3,21,35,0.0
9.92,-6,11,20,9,3,0,-16,-48,0.0
9.925,-3,-5,0,11,-4,-6,2,-31,0.0
9.93,0,2,10,-1,0,1,-4,-2,0.0
9.935,1,-6,-14,-7,3,13,15,27,0.0
9.94,-19,-8,3,1,-5,-19,-17,-21,0.0
9.945,21,3,-17,-1,-5,-6,-15,29,0.0
9.950000000000001,-5,-8,-4,-5,-2,-2,-2,-5,0.0
9.955,-5,-3,-19,0,1,-5,-19,-25,0.0
9.96,-4,-4,-7,-4,-1,8,13,22,0.0
9.965,-4,-5,5,1,1,5,24,14,0.0
9.97,-5,-1,15,5,-1,-5,-19,-11,0.0
9.975,5,-2,-6,-4,-2,-3,1,10,0.0
9.98,-2,-1,2,-1,-3,-2,-1,-12,0.0
9.985,-7,2,14,4,-1,-1,-3,-15,0.0
9.99,1,2,6,-4,0,2,7,7,0.0
9.995000000000001,-11,-6,-17,-11,-6,-5,-10,-22,0.0
10.0,8,2,-22,-10,-5,-3,-3,13,0.0
10.005,-2,1,5,4,3,6,-4,-2,0.0
10.01,-6,-12,-1,-3,2,4,6,-5,0.0
10.015,3,11,12,4,-2,-2,0,-1,0.0
10.02,2,2,-4,-1,-3,-4,-4,-2,0.0
10.025,-4,-9,-29,-1,-1,1,8,19,0.0
10.03,1,6,-8,-2,-3,-2,-2,-10,0.0
10.035,-4,-16,-13,-3,-1,-4,-4,4,0.0
10.040000000000001,3,6,7,3,1,0,-4,-8,0.0
10.045,0,1,-24,-4,-5,-4,-2,-8,0.0
10.05,-1,8,-8,5,5,7,10,10,0.0
10.055,-5,-4,12,7,2,-3,-10,-15,0.0
10.06,-2,-6,-2,-1,0,2,0,8,0.0
10.065,1,-1,10,3,-1,0,3,7,0.0
10.07,3,-1,-1,1,-2,-3,-3,-4,0.0
10.075000000000001,-1,2,1,-5,-1,-1,-1,0,0.0
10.08,-3,-16,4,1,0,4,11,1,0.0
10.085,1,15,0,1,-3,-5,-18,-14,0.0
10.09,-11,-33,-15,-4,-1,-1,-1,3,0.0
10.095,-7,2,-3,1,1,-3,-1,-11,0.0
10.1,0,-12,-1,-2,-3,-4,-7,0,0.0
10.105,-4,-4,9,0,-4,0,7,3,0.0
10.11,2,11,-8,2,-1,1,3,8,0.0
10.115,-2,-1,12,5,1,1,1,-6,0.0
10.120000000000001,4,6,-18,-9,-5,-3,0,3,0.0
10.125,-9,-22,14,3,1,3,1,1,0.0
10.13,1,15,18,1,1,-2,4,3,0.0
10.135,4,0,13,3,-1,-1,-4,-4,0.0
10.14,0,6,-4,0,0,-2,0,1,0.0
10.145,-1,-1,11,-2,-2,-4,-3,-2,0.0
10.15,-9,-11,0,2,2,1,-2,-4,0.0
10.155,-4,5,-2,3,0,-3,-4,-5,0.0
10.16,4,7,-16,-6,-4,-6,-6,0,0.0
10.165000000000001,-1,2,-3,-1,1,1,2,0,0.0
10.17,0,-2,5,0,0,-1,-1,1,0.0
10.175,2,-6,-9,0,-4,-3,-4,-3,0.0
10.18,0,9,7,-3,-2,-1,-2,-1,0.0
10.185,8,28,-21,0,-1,-1,0,-2,0.0
10.19,-11,-14,12,-3,-2,2,1,3,0.0
10.195,-3,-9,-5,7,-1,0,-1,-3,0.0
10.200000000000001,0,1,4,-15,-3,-3,-2,1,0.0
10.205,1,4,7,1,1,-1,-2,3,0.0
10.21,5,11,0,3,-2,-1,1,5,0.0
10.215,1,2,-3,4,-1,-4,-5,-1,0.0
10.22,-6,-12,-1,11,7,4,2,-2,0.0
10.225,-3,-5,1,1,-8,-2,1,-5,0.0
10.23,1,-5,-10,-33,-14,-6,-1,-2,0.0
10.235,2,29,-2,-5,2,2,0,-2,0.0
10.24,-4,-12,2,0,-3,-5,-4,1,0.0
10.245000000000001,-1,5,16,9,10,6,2,1,0.0
10.25,-6,-17,-36,-3,-3,-3,-4,-4,0.0
10.255,-2,-9,9,-20,-51,-9,-5,-3,0.0
10.26,1,-2,7,6,41,7,5,1,0.0
10.265,-8,-10,-21,10,11,0,-1,-1,0.0
10.27,2,1,2,4,3,-3,-5,-5,0.0
10.275,-5,-18,-1,-3,3,1,2,0,0.0
10.28,3,7,9,-3,-22,-3,-5,-2,0.0
10.285,-4,-8,10,-6,-5,1,2,1,0.0
10.290000000000001,2,13,14,4,1,-1,-2,-3,0.0
10.295,-1,-2,-1,2,-13,-5,-3,-2,0.0
10.3,0,-2,-7,-3,-6,-1,-3,-2,0.0
10.305,-1,-5,0,-13,20,3,2,1,0.0
10.31,1,-1,-6,31,0,-3,-1,-1,0.0
10.315,-4,-7,-26,-28,-10,-2,-4,-3,0.0
10.32,3,9,9,10,-17,-4,-1,1,0.0
10.325000000000001,-1,-1,-22,-14,30,2,-1,-2,0.0
10.33,-3,-4,22,5,-3,4,1,-1,0.0
10.335,0,-2,2,13,20,3,7,0,0.0
10.34,-2,-3,-6,0,-11,-3,-10,-4,0.0
10.345,1,0,-10,-4,-22,-6,-4,0,0.0
10.35,3,3,8,8,2,-3,-3,-2,0.0
10.355,-1,3,2,-5,6,1,2,-1,0.0
10.36,-4,-5,0,-3,0,1,3,0,0.0
10.365,1,3,-2,-19,-9,1,0,1,0.0
10.370000000000001,1,1,-3,-5,0,-2,1,-1,0.0
10.375,-1,4,4,4,0,-2,-2,-2,0.0
10.38,1,3,28,15,5,-1,3,0,0.0
10.385,-2,-2,7,5,-8,-3,-5,-1,0.0
10.39,-1,2,-12,1,-6,-1,3,0,0.0
10.395,0,-5,9,-7,8,2,0,0,0.0
10.4,-3,-1,-1,-6,3,0,-1,-2,0.0
10.405,0,-1,-2,1,-9,-2,1,-1,0.0
10.41,0,1,3,-11,-2,0,-3,-1,0.0
10.415000000000001,-1,0,5,7,6,-1,-3,-1,0.0
10.42,-1,-2,-13,-4,1,-1,-1,-2,0.0
10.425,-1,0,7,0,-10,-2,1,-1,0.0
10.43,-2,0,-13,-11,-7,-6,-4,-2,0.0
10.435,2,-3,-5,-7,-18,-3,-5,-2,0.0
10.44,-3,-6,-15,-2,7,3,2,0,0.0
10.445,-1,1,8,14,16,2,0,1,0.0
10.450000000000001,0,-4,-3,-18,1,2,1,-2,0.0
10.455,-3,-2,-6,11,26,1,0,0,0.0
10.46,6,0,-4,-7,-8,-1,0,-2,0.0
10.465,-4,-2,4,3,-6,-3,0,0,0.0
10.47,-2,-2,-2,-1,-10,-4,-4,-2,0.0
10.475,0,-6,3,-15,-21,-5,-7,-2,0.0
10.48,8,19,-3,2,-2,4,2,0,0.0
10.485,-1,-4,-8,4,8,2,-1,-1,0.0
10.49,-14,-23,7,-4,0,-4,10,1,0.0
10.495000000000001,0,2,0,-1,2,1,-5,-2,0.0
10.5,-5,-12,-2,1,-2,-4,-5,-1,0.0
10.505,4,1,-1,-5,-12,-3,2,1,0.0
10.51,5,4,-4,-5,-2,3,1,0,0.0
10.515,-1,-4,2,7,3,-1,0,-3,0.0
10.52,-1,-21,-17,-5,9,1,1,-3,0.0
10.525,-2,3,6,2,1,5,3,2,0.0
10.53,0,-6,-2,2,5,-4,3,-4,0.0
10.535,-1,-14,0,-4,-11,-10,-12,-3,0.0
10.540000000000001,-4,-8,-3,-6,-14,-5,-8,-6,0.0
10.545,-1,-7,-5,-12,6,0,-1,-1,0.0
10.55,0,-3,0,16,22,9,1,0,0.0
10.555,-2,6,-1,-1,-4,1,13,0,0.0
10.56,-4,3,7,-5,-10,-8,-1,0,0.0
10.565,0,-3,1,-2,-10,-4,-1,-1,0.0
10.57,-1,13,-14,-12,-11,-3,-9,-3,0.0
10.575000000000001,-3,-4,-4,0,-2,-2,-4,-3,0.0
10.58,-4,0,2,5,15,1,0,1,0.0
10.585,-3,-3,-7,1,-3,-3,-1,-3,0.0
10.59,1,6,1,-1,-1,-5,-5,-2,0.0
10.595,-2,5,0,4,11,2,2,0,0.0
10.6,-6,-13,-1,-1,-3,0,3,1,0.0
10.605,4,20,0,3,-11,-3,-5,-4,0.0
10.61,-7,-21,4,-6,-5,-2,-3,1,0.0
10.615,-2,5,-6,-12,-6,1,-1,-2,0.0
10.620000000000001,-2,6,3,1,-2,1,1,0,0.0
10.625,-1,-2,-3,0,1,0,-1,-1,0.0
10.63,1,8,-2,2,-4,-2,-10,-3,0.0
10.635,1,-4,1,2,6,4,5,2,0.0
10.64,3,4,-1,-2,-1,-6,-4,-2,0.0
10.645,-5,1,-9,-2,-1,1,-1,-4,0.0
10.65,2,-2,4,3,-1,-1,-1,2,0.0
10.655,-8,-19,3,1,3,2,2,2,0.0
10.66,1,5,-10,-4,-3,3,4,0,0.0
10.665000000000001,-1,-8,6,-4,-6,0,3,1,0.0
10.67,5,28,8,-3,-1,-12,-13,-4,0.0
10.675,-2,-1,-9,9,-1,0,-7,-4,0.0
10.68,0,-1,6,-1,-1,-2,0,1,0.0
10.685,-3,-21,-5,-4,-2,-2,-6,-2,0.0
10.69,0,-5,0,-10,-3,7,10,0,0.0
10.695,5,9,1,4,4,-2,2,-1,0.0
10.700000000000001,-5,-1,7,7,15,5,-2,0,0.0
10.705,0,4,-2,6,0,-1,3,-1,0.0
10.71,-1,-5,-8,2,7,-3,-9,-3,0.0
10.715,1,4,0,-10,-12,-7,-5,-4,0.0
10.72,-2,-4,-3,-9,-22,-2,-2,-1,0.0
10.725,-2,-1,3,0,6,-6,-5,2,0.0
10.73,-4,-7,-14,-2,3,3,0,-2,0.0
10.735,-1,-7,-1,3,8,5,1,0,0.0
10.74,-5,-11,1,-2,-1,0,3,0,0.0
10.745000000000001,1,5,-1,-7,-10,-6,-6,-1,0.0
10.75,-5,-3,1,2,-1,1,0,-2,0.0
10.755,2,1,0,-2,2,-2,-2,1,0.0
10.76,4,13,-1,1,2,2,3,-1,0.0
10.765,-5,-4,-3,-5,-6,-4,-3,-5,0.0
10.77,-1,-4,1,3,1,0,1,0,0.0
10.775,0,4,-2,-2,2,0,0,0,0.0
10.78,-2,0,4,-3,-1,-1,-2,-1,0.0
10.785,-4,-5,-2,0,-1,-1,-2,-2,0.0
10.790000000000001,0,6,-1,-1,-2,0,1,0,0.0
10.795,-7,-9,6,0,-1,-1,1,0,0.0
10.8,1,0,-4,-1,-1,-4,-6,-3,0.0
10.805,2,0,-4,2,0,0,1,-1,0.0
10.81,-1,19,10,-1,-4,-2,3,-1,0.0
10.815,-2,-3,-4,-3,-2,-3,-3,-1,0.0
10.82,3,0,-5,-5,-3,-3,3,7,0.0
10.825000000000001,-9,-2,2,-1,2,2,-8,-13,0.0
10.83,0,-13,-8,0,1,4,9,2,0.0
10.835,-1,3,1,0,-2,-2,-9,-6,0.0
10.84,-1,-1,0,3,0,0,-4,-3,0.0
10.845,2,-6,-1,-5,-3,-3,0,2,0.0
10.85,0,-3,-2,4,-1,-3,-4,-2,0.0
10.855,5,4,-4,-2,-2,0,7,4,0.0
10.86,-10,-12,-5,-4,1,-2,-17,-6,0.0
10.865,1,4,0,-5,4,3,0,-1,0.0
10.870000000000001,-2,-7,-6,-39,-24,-9,-3,-4,0.0
10.875,1,2,-1,-2,21,7,1,0,0.0
10.88,4,3,3,11,-27,-9,-2,-1,0.0
10.885,-8,-10,-6,30,2,3,5,0,0.0
10.89,3,-5,8,21,17,4,-4,3,0.0
10.895,-2,-1,0,20,-15,-5,2,-3,0.0
10.9,1,15,-25,-62,11,-1,0,-2,0.0
10.905,0,-3,3,-12,-21,-7,-4,2,0.0
10.91,-1,-6,-5,18,4,-1,2,-2,0.0
10.915000000000001,3,13,12,-11,-19,-9,-5,-4,0.0
10.92,4,-15,3,15,43,9,1,1,0.0
10.925,-3,-14,-30,-19,-56,-13,-5,0,0.0
10.93,-2,2,3,-4,5,1,2,0,0.0
10.935,1,-1,17,-3,3,4,1,1,0.0
10.94,0,6,10,27,3,0,1,-3,0.0
10.945,2,-3,-4,3,30,4,2,-1,0.0
10.950000000000001,-3,20,-3,-15,-4,0,-5,-4,0.0
10.955,-6,-2,-17,8,-9,-5,-5,-4,0.0
10.96,-23,-26,24,9,-3,6,6,-1,0.0
10.965,0,3,-24,-29,8,6,5,5,0.0
10.97,1,-6,63,104,-4,-2,0,-2,0.0
10.975,0,30,-48,-75,1,-7,-8,1,0.0
10.98,-1,-1,-1,-4,-13,-4,-5,-7,0.0
10.985,4,8,-12,-25,-6,-7,-5,2,0.0
10.99,-11,-18,38,23,8,12,12,5,0.0
10.995000000000001,-2,-19,50,41,8,5,1,7,0.0
11.0,2,16,-23,-5,-8,-2,3,7,0.0
11.005,-6,-13,15,18,7,2,16,-1,0.0
11.01,6,-2,-28,-37,-6,-6,-6,-5,0.0
11.015,1,-2,10,10,5,1,1,0,0.0
11.02,1,-16,-12,-13,-8,-5,-5,-2,0.0
11.025,7,5,12,12,3,-2,1,4,0.0
11.03,-4,-2,-10,-26,-4,-6,-4,1,0.0
11.035,-6,-17,-18,-4,-3,-4,-4,-6,0.0
11.040000000000001,3,5,0,16,0,1,9,5,0.0
11.045,0,2,1,-6,-2,-2,-6,-5,0.0
11.05,0,-6,-12,-4,-1,0,3,-1,0.0
11.055,-4,-4,-22,-14,-1,-1,-14,-12,0.0
11.06,0,-11,2,10,-3,-3,-3,-5,0.0
11.065,-2,1,12,8,5,1,-4,-5,0.0
11.07,-3,-3,-20,-22,-3,-3,-2,-1,0.0
11.075000000000001,3,-3,0,7,3,8,44,32,0.0
11.08,-3,-5,-2,-5,-5,-11,-84,8,0.0
11.085,-8,-12,-6,-3,-4,-6,-12,-25,0.0
11.09,-2,-12,-10,-6,-2,-4,-5,26,0.0
11.095,14,-3,-4,2,-2,0,-1,-1,0.0
11.1,-13,5,5,4,-6,2,23,12,0.0
11.105,-6,5,6,9,4,-1,-3,-7,0.0
11.11,12,7,-14,-25,-5,6,0,-14,0.0
11.115,-2,2,3,2,-1,-2,4,52,0.0
11.120000000000001,-2,2,-1,1,2,1,10,-44,0.0
11.125,-10,-36,14,2,-3,-6,-14,16,0.0
11.13,6,67,4,0,-3,-5,-2,-26,0.0
11.135,-7,-15,12,-1,0,1,-1,-1,0.0
11.14,14,6,2,3,7,10,28,-57,0.0
11.145,47,17,15,17,13,20,36,105,0.0
11.15,-11,-24,-6,-5,-2,-3,-4,-2,0.0
11.155,-8,-17,2,5,-1,-3,-12,-23,0.0
11.16,1,16,16,6,1,0,4,2,0.0
11.165000000000001,-6,6,4,-3,-2,-6,-7,-38,0.0
11.17,-1,-16,-33,-2,1,-1,-3,13,0.0
11.175,8,19,29,6,2,0,3,-3,0.0
11.18,-5,11,-11,-2,2,1,5,6,0.0
11.185,-5,13,-16,-31,-24,-9,-10,-13,0.0
11.19,-9,-14,-3,6,4,1,-3,1,0.0
11.195,-12,-6,-4,1,-2,-5,-10,-27,0.0
11.200000000000001,0,-4,25,10,2,-2,-1,14,0.0
11.205,-4,5,-7,-3,1,-3,-7,-12,0.0
11.21,-10,-35,-9,-1,-3,4,0,-7,0.0
11.215,1,21,-3,-23,-1,1,-1,-13,0.0
11.22,2,-3,6,20,-10,-5,4,27,0.0
11.225,0,40,-3,7,8,3,1,-6,0.0
11.23,-8,-52,-2,-14,-11,-10,-6,-9,0.0
11.235,5,25,-12,-4,4,-1,-7,-6,0.0
11.24,-8,-18,-9,6,-17,-7,-3,3,0.0
11.245000000000001,-6,-7,-5,2,0,-3,-5,-16,0.0
11.25,-1,3,7,2,-2,-3,-1,-1,0.0
11.255,-4,0,-23,-7,0,-2,-3,-4,0.0
11.26,2,8,-16,-19,-2,-5,-2,0,0.0
11.265,-6,-14,9,14,2,1,-2,-7,0.0
11.27,1,23,-2,-17,-5,-3,-2,1,0.0
11.275,-2,-15,3,5,-2,1,1,-1,0.0
11.28,-2,-3,-2,0,2,0,-1,0,0.0
11.285,-1,-2,9,10,5,-1,-2,-4,0.0
11.290000000000001,2,9,1,-14,-10,-2,-2,-7,0.0
11.295,-4,-5,-13,2,-4,-4,-6,4,0.0
11.3,1,-9,-12,-14,-1,0,-2,-3,0.0
11.305,-3,-2,3,-2,2,-3,-3,-10,0.0
11.31,4,21,19,20,4,-1,2,3,0.0
11.315,-4,-16,-13,6,-17,-6,-5,-8,0.0
11.32,-1,-3,-4,-21,7,4,1,3,0.0
11.325000000000001,1,-24,-3,2,13,7,6,12,0.0
11.33,1,4,6,7,4,1,-1,-17,0.0
11.335,-2,-8,12,4,-41,-11,-8,-9,0.0
11.34,5,12,1,-20,6,-2,39,32,0.0
11.345,-9,-10,-28,15,52,2,-61,-72,0.0
11.35,3,6,3,16,18,6,7,4,0.0
11.355,0,-9,4,3,3,1,20,33,0.0
11.36,-9,5,47,-3,-57,-10,-26,-18,0.0
11.365,-1,-32,-57,-49,-36,-6,30,13,0.0
11.370000000000001,-7,-17,-13,-9,26,-7,28,25,0.0
11.375,9,-8,-14,-16,-97,19,4,-38,0.0
11.38,-22,-48,-7,-6,109,-21,-103,-73,0.0
11.385,31,-38,1,28,-66,30,87,91,0.0
11.39,-13,-56,13,35,91,14,71,-51,0.0
11.395,46,-10,-4,19,34,-4,-7,77,0.0
11.4,-1,21,9,-40,-117,-18,-46,22,0.0
11.405,-17,-36,6,-22,103,-24,-116,-85,0.0
11.41,18,8,-44,-60,-128,62,11,64,0.0
11.415000000000001,-4,28,83,73,127,4,38,-47,0.0
11.42,79,90,11,109,71,4,120,95,0.0
11.425,11,31,36,17,-94,6,61,49,0.0
11.43,-40,-42,-6,-45,-70,-37,-38,28,0.0
11.435,4,24,21,-60,-82,7,-18,-3,0.0
11.44,-33,-22,-45,-71,-92,-5,-20,-30,0.0
11.445,-44,-9,-72,-27,28,-30,-1,9,0.0
11.450000000000001,20,7,-23,13,28,5,-3,-19,0.0
11.455,-27,-51,-27,-12,-16,-14,-35,19,0.0
11.46,-12,-1,-15,3,41,-2,16,8,0.0
11.465,-15,23,40,5,-20,0,-29,-111,0.0
11.47,29,1,19,6,-1,-11,-24,72,0.0
11.475,-67,-37,38,-8,31,-19,-46,-48,0.0
11.48,12,-1,24,7,-15,9,28,14,0.0
11.485,-6,2,22,-1,0,9,1,14,0.0
11.49,-24,-55,-26,4,11,-18,-35,-62,0.0
11.495000000000001,27,38,-53,4,-1,0,29,-12,0.0
11.5,-2,-74,-22,8,7,14,2,-9,0.0
11.505,10,68,-91,6,-2,1,5,36,0.0
11.51,7,16,-15,7,17,-5,5,-13,0.0
11.515,-17,-22,-56,-6,-5,0,-1,-3,0.0
11.52,-25,-25,53,-22,-5,-10,-24,-22,0.0
11.525,-4,-6,38,-9,4,-14,-16,45,0.0
11.53,-10,16,79,28,-22,-14,-14,-25,0.0
11.535,-16,-23,-77,-63,-24,-6,-10,-20,0.0
11.540000000000001,12,26,15,19,23,9,1,-6,0.0
11.545,16,22,70,4,1,6,19,6,0.0
11.55,3,42,-47,2,19,3,-2,-34,0.0
11.555,15,32,35,40,18,6,4,16,0.0
11.56,-39,-76,-52,-26,-28,-17,-16,-34,0.0
11.565,-2,8,17,-1,10,15,9,-7,0.0
11.57,-33,-25,40,-22,-14,-12,-19,-7,0.0
11.575000000000001,19,23,39,-13,3,6,10,1,0.0
11.58,8,28,1,4,-1,2,8,2,0.0
11.585,5,-5,7,34,-3,-8,-1,-15,0.0
11.59,13,25,-9,-2,11,1,-1,6,0.0
11.595,-3,8,-42,17,4,-3,2,-14,0.0
11.6,6,21,-37,-7,8,16,13,3,0.0
11.605,3,-9,-24,-7,-9,-4,-3,-4,0.0
11.61,2,12,-24,14,5,-2,0,-3,0.0
11.615,-2,-14,40,1,-2,-3,1,12,0.0
11.620000000000001,-2,-2,51,4,3,3,-1,-19,0.0
11.625,7,-14,12,-8,-5,11,57,39,0.0
11.63,-5,4,22,-19,-26,-27,-44,-3,0.0
11.635,1,0,14,-13,-21,-8,-15,-59,0.0
11.64,3,9,-26,17,46,15,-74,-15,0.0
11.645,1,-2,23,20,25,-3,-18,1,0.0
11.65,12,15,15,12,10,13,44,21,0.0
11.655,-2,-10,7,-6,-14,-13,-17,-9,0.0
11.66,0,5,-14,-7,-18,3,69,20,0.0
11.665000000000001,6,-4,-19,-17,-14,-4,-38,-21,0.0
11.67,0,-3,17,-4,0,7,19,4,0.0
11.675,-3,-13,-25,0,3,-4,1,32,0.0
11.68,-3,7,8,11,-6,2,24,-4,0.0
11.685,1,-2,0,0,2,-1,4,10,0.0
11.69,-1,-13,-15,4,3,-4,-6,-12,0.0
11.695,-8,-24,-53,-18,-4,0,5,9,0.0
11.700000000000001,-2,-19,-14,-8,0,-2,-7,-4,0.0
11.705,5,-9,14,-3,-12,-5,-3,-12,0.0
11.71,-3,7,2,5,3,-1,-21,-17,0.0
11.715,7,14,27,12,9,3,10,16,0.0
11.72,4,30,-26,1,0,5,4,12,0.0
11.725,-8,13,-19,-14,-10,-6,-4,-8,0.0
11.73,3,0,3,4,3,2,11,-6,0.0
11.735,0,9,7,4,6,3,3,1,0.0
11.74,3,-6,1,-3,-6,-9,-9,-5,0.0
11.745000000000001,8,-18,8,2,-3,1,2,3,0.0
11.75,-16,-7,11,-2,2,5,1,3,0.0
11.755,17,11,6,1,0,2,11,22,0.0
11.76,-11,-26,0,1,0,-4,0,8,0.0
11.765,-3,17,8,-1,0,0,-8,-37,0.0
11.77,6,-5,-8,-1,1,1,5,13,0.0
11.775,-3,-19,-13,0,2,2,-10,-13,0.0
11.78,-4,-9,-2,-8,-3,-3,14,9,0.0
11.785,0,-2,0,-7,-4,-6,3,18,0.0
11.790000000000001,-19,-45,7,10,9,-4,-28,-86,0.0
11.795,4,-5,-5,-20,-6,-3,14,21,0.0
11.8,-6,5,11,51,-10,-2,-6,-10,0.0
11.805,-33,3,2,-51,-1,0,-2,-7,0.0
11.81,-2,44,35,-8,13,5,0,20,0.0
11.815,-28,-90,-70,60,-1,-4,-1,-17,0.0
11.82,52,77,91,-2,33,4,-13,3,0.0
11.825000000000001,-56,-110,-112,-50,-51,-19,-18,-20,0.0
11.83,62,45,101,-41,-21,0,18,40,0.0
11.835,-47,9,62,-10,17,6,3,1,0.0
11.84,-11,-16,-7,-16,-8,-10,-12,9,0.0
11.845,31,47,-16,31,30,6,18,12,0.0
11.85,-18,9,-27,8,8,5,-36,-21,0.0
11.855,22,28,8,18,-10,3,6,-7,0.0
11.86,-24,-44,-65,-37,-8,-6,-11,-25,0.0
11.865,11,-13,30,6,-1,2,5,3,0.0
11.870000000000001,12,2,-21,-7,-12,-6,17,21,0.0
11.875,6,27,49,26,11,3,-7,2,0.0
11.88,-8,13,33,30,-2,-1,2,-5,0.0
11.885,4,6,16,-25,-3,2,2,-10,0.0
11.89,-2,-8,-3,-14,-11,-6,1,-3,0.0
11.895,12,24,-13,-15,3,5,5,15,0.0
11.9,1,-17,-4,2,-2,3,11,11,0.0
11.905,4,0,52,40,-5,-3,-5,-4,0.0
11.91,-8,-4,-37,6,3,-1,1,-4,0.0
11.915000000000001,0,-5,13,-8,1,2,-3,-6,0.0
11.92,-5,-18,-10,3,-5,-4,-3,-2,0.0
11.925,3,-2,25,18,5,0,-5,2,0.0
11.93,-5,1,0,-8,-16,-2,3,0,0.0
11.935,0,-5,-8,2,0,-4,-3,-5,0.0
11.94,0,-9,17,-3,17,1,-2,5,0.0
11.945,-2,-2,13,23,15,8,3,-2,0.0
11.950000000000001,-3,4,-28,6,0,-3,2,5,0.0
11.955,2,1,6,-17,-13,3,4,-1,0.0
11.96,5,-9,4,-12,-12,-7,8,4,0.0
11.965,5,12,-5,10,4,13,49,40,0.0
11.97,-6,-10,-10,7,-9,-34,-56,-16,0.0
11.975,-5,2,-3,-14,-4,-9,-32,-44,0.0
11.98,-1,3,-18,-10,0,4,9,-2,0.0
11.985,3,4,16,7,-1,1,-11,5,0.0
11.99,-5,-21,-5,8,0,7,31,3,0.0
11.995000000000001,-4,1,-17,-9,-2,-2,6,4,0.0
12.0,-5,-9,7,4,-6,0,-10,-4,0.0
12.005,-4,8,-2,-9,-8,-6,-8,-10,0.0
12.01,-1,5,2,13,11,10,15,11,0.0
12.015,-3,-22,33,16,5,-4,-6,0,0.0
12.02,10,47,-27,-4,-6,0,0,-9,0.0
12.025,2,0,-4,-4,-3,-9,-13,2,0.0
12.030000000000001,-1,32,14,5,-2,7,13,11,0.0
12.035,0,-21,-6,-8,-1,-2,3,9,0.0
12.040000000000001,1,2,-10,-2,-5,0,1,-5,0.0
12.045,-15,-34,-5,-3,0,0,-9,-27,0.0
12.05,13,31,-6,-1,-1,-4,-7,-3,0.0
12.055,-4,-6,16,-1,2,4,13,10,0.0
12.06,-17,-77,4,-8,-7,-10,-17,-14,0.0
12.065,25,91,-11,2,1,-3,-3,0,0.0
12.07,-24,-106,-19,-8,-1,4,5,8,0.0
12.075000000000001,2,16,15,3,-2,-4,-6,-5,0.0
12.08,-2,-12,-37,-17,-4,-3,1,7,0.0
12.085,2,-6,4,1,1,-1,-2,-4,0.0
12.09,1,-4,-8,-3,-1,1,2,-5,0.0
12.095,4,12,-5,1,-4,-1,-2,-4,0.0
12.1,1,3,3,5,0,-1,-4,0,0.0
12.105,-3,-16,8,-1,-4,-3,-8,-14,0.0
12.11,0,23,-13,-4,1,-2,-5,-2,0.0
12.115,-2,2,-32,-16,-4,-1,-4,-1,0.0
12.120000000000001,4,18,11,-1,-1,1,2,5,0.0
12.125,-4,-12,-12,-4,-1,-1,-1,8,0.0
12.13,2,-5,9,7,2,-1,3,-3,0.0
12.135,-1,-2,-5,-2,-1,-3,-3,8,0.0
12.14,-4,12,17,1,-1,-2,3,0,0.0
12.145,-3,-4,17,3,3,0,-1,2,0.0
12.15,1,-3,1,-3,-3,0,4,5,0.0
12.155000000000001,5,8,3,3,1,9,-5,2,0.0
12.16,0,6,-3,1,0,-3,6,-2,0.0
12.165000000000001,-8,-8,-30,-4,-6,-16,-18,-7,0.0
12.17,0,3,2,-1,1,2,-1,-5,0.0
12.175,-2,-1,-3,-6,-4,-6,-5,-3,0.0
12.18,-2,-3,7,3,0,5,0,0,0.0
12.185,-1,4,0,-3,-3,4,3,2,0.0
12.19,-3,-4,3,-3,-1,-2,-2,-3,0.0
12.195,0,2,-22,-6,-2,-1,2,-3,0.0
12.200000000000001,-1,3,0,0,0,1,6,8,0.0
12.205,-1,-4,-4,-4,-4,-4,-5,-15,0.0
12.21,3,2,-7,-4,-2,4,52,36,0.0
12.215,-11,-11,1,-2,-1,-11,-91,-77,0.0
12.22,3,6,-7,-3,-4,-7,2,9,0.0
12.225,3,11,-4,-9,-6,-5,-15,7,0.0
12.23,-1,33,-14,12,6,7,11,-8,0.0
12.235,15,-1,-1,2,2,-1,38,30,0.0
12.24,-5,-12,-21,-3,-3,-5,-21,2,0.0
12.245000000000001,30,75,36,-6,-2,4,21,14,0.0
12.25,-5,-6,21,4,1,1,-24,-17,0.0
12.255,-3,2,-8,-1,7,8,18,-2,0.0
12.26,9,76,31,23,8,5,-31,-7,0.0
12.265,2,-8,-26,-49,-19,-9,32,16,0.0
12.27,-13,-12,4,5,13,3,-33,-15,0.0
12.275,10,14,36,4,-8,-2,13,6,0.0
12.280000000000001,-4,-36,-23,53,29,12,20,-5,0.0
12.285,-18,-53,-49,-40,-36,-11,-17,-23,0.0
12.290000000000001,10,12,15,-10,-4,-7,-6,15,0.0
12.295,-4,-2,-32,-11,0,-1,-3,-1,0.0
12.3,4,65,44,-20,-2,5,11,15,0.0
12.305,-7,-15,10,39,10,0,1,-2,0.0
12.31,-5,-12,-20,1,-9,-7,-7,-11,0.0
12.315,-2,0,7,3,3,0,15,12,0.0
12.32,-17,-36,7,-2,-8,-4,0,-9,0.0
12.325000000000001,-3,3,-9,12,8,1,-17,0,0.0
12.33,-3,1,-1,-35,-10,-6,-6,-15,0.0
12.335,1,3,22,8,1,0,1,11,0.0
12.34,-10,-12,-31,-22,-10,-4,1,-7,0.0
12.345,-5,-18,11,6,10,4,-4,-6,0.0
12.35,3,-16,10,21,3,0,0,1,0.0
12.355,11,67,6,-1,-5,-3,5,5,0.0
12.36,-1,-24,-17,-15,-10,-6,-3,-9,0.0
12.365,-6,-4,3,14,7,4,4,2,0.0
12.370000000000001,3,8,-9,-7,-1,-1,2,4,0.0
12.375,-6,-16,-3,6,-2,-2,-1,-1,0.0
12.38,4,-8,4,-17,-6,-4,-2,-3,0.0
12.385,-6,-28,1,14,7,2,-5,-2,0.0
12.39,-2,1,-9,2,-5,-4,-7,-2,0.0
12.395,-10,-33,-17,-10,-4,-2,0,-2,0.0
12.4,0,-17,-17,-1,-3,0,0,1,0.0
12.405000000000001,-3,-13,-4,-2,1,-1,-2,-3,0.0
12.41,-2,-6,-5,2,-1,-1,0,-2,0.0
12.415000000000001,-3,-9,-1,-2,-3,-2,4,3,0.0
12.42,4,-4,5,-3,-2,-2,0,0,0.0
12.425,-1,4,16,6,5,3,-1,-1,0.0
12.43,0,-2,-9,10,0,0,1,-1,0.0
12.435,-4,-6,-23,-3,-2,-1,2,1,0.0
12.44,2,4,4,-5,-4,-1,10,1,0.0
12.445,-2,8,-6,-7,0,0,-15,-5,0.0
12.450000000000001,1,3,23,10,1,2,9,1,0.0
12.455,-2,-11,2,5,-2,-3,-4,1,0.0
12.46,3,-2,13,2,-2,5,4,1,0.0
12.465,-3,2,-33,-12,0,3,20,-3,0.0
12.47,0,-7,1,-3,0,-3,-6,-15,0.0
12.475,13,14,8,1,-2,-11,-9,4,0.0
12.48,-6,-2,10,4,3,-3,-8,17,0.0
12.485,22,11,25,9,0,4,1,-33,0.0
12.49,-15,4,-25,-11,1,0,2,-5,0.0
12.495000000000001,-6,-7,33,3,0,4,13,0,0.0
12.5,1,-5,-7,-3,-2,-4,-7,7,0.0
12.505,-11,-1,13,7,0,-2,2,17,0.0
12.51,2,-29,-6,-3,-1,-3,-4,-8,0.0
12.515,-6,2,-2,2,0,-1,-5,-5,0.0
12.52,-2,-8,-36,-5,0,-3,0,-2,0.0
12.525,-1,-11,2,-5,-4,-6,-4,4,0.0
12.530000000000001,-3,-23,-21,-15,-9,-4,-8,-4,0.0
12.535,-7,-4,-12,-12,-1,2,2,-6,0.0
12.540000000000001,14,36,-11,3,-4,-2,-4,-6,0.0
12.545,0,7,22,-5,0,-6,-3,7,0.0
12.55,2,10,-49,-12,-6,-4,-8,0,0.0
12.555,-20,-35,-3,-1,-2,4,11,2,0.0
12.56,-3,-18,-16,-17,-8,-7,-9,-4,0.0
12.565,-3,3,15,7,5,-1,-4,7,0.0
12.57,4,8,15,2,0,-3,12,13,0.0
12.575000000000001,2,2,-11,-11,-8,-7,-19,-9,0.0
12.58,-13,-21,36,18,7,5,7,-20,0.0
12.585,3,-24,-29,-6,-4,4,4,10,0.0
12.59,4,-5,18,12,7,6,17,46,0.0
12.595,-2,-19,-19,-14,-5,-3,24,1,0.0
12.6,-9,2,18,5,1,-1,-14,-8,0.0
12.605,-13,-25,-6,-6,-2,-2,4,-3,0.0
12.61,4,21,-1,4,0,-4,-12,2,0.0
12.615,1,-9,6,7,3,8,7,17,0.0
12.620000000000001,-9,-4,13,-2,-2,-4,0,-6,0.0
12.625,-5,3,-4,7,3,1,-6,5,0.0
12.63,5,11,10,-1,-2,6,59,22,0.0
12.635,-6,6,-28,-8,-6,-19,-92,-63,0.0
12.64,4,1,-10,-9,-3,0,-6,-8,0.0
12.645,5,12,-12,-3,-1,-2,1,2,0.0
12.65,-5,2,14,-3,-3,-1,0,-16,0.0
12.655000000000001,2,-7,-7,-1,2,2,14,9,0.0
12.66,-14,-2,-25,-2,-1,0,1,-8,0.0
12.665000000000001,7,9,10,4,-3,-3,-6,-6,0.0
12.67,-1,0,-6,-3,2,-1,-19,-10,0.0
12.675,-17,9,-4,-3,2,2,8,12,0.0
12.68,-1,-5,-10,-4,0,-4,-7,-13,0.0
12.685,-3,-2,-4,-1,-1,-2,8,15,0.0
12.69,5,-5,3,-2,-4,-5,-15,-18,0.0
12.695,6,3,5,4,0,0,1,-15,0.0
12.700000000000001,8,7,8,1,-2,0,8,4,0.0
12.705,-6,7,0,-5,-4,-4,-7,-5,0.0
12.71,0,4,0,-1,0,1,-8,-2,0.0
12.715,2,-16,-22,-5,-3,-3,5,14,0.0
12.72,-6,-18,24,-4,-2,-2,-8,-7,0.0
12.725,2,25,-19,1,-1,-3,-6,-9,0.0
12.73,-14,-6,7,-4,-6,-5,-15,-6,0.0
12.735,6,21,10,7,-1,-1,7,3,0.0
12.74,8,8,-11,-5,1,-1,4,8,0.0
12.745000000000001,-13,-17,21,-5,1,3,6,-9,0.0
12.75,-8,-23,-31,-2,-1,-1,-9,-3,0.0
12.755,10,2,7,13,-6,1,2,-1,0.0
12.76,9,10,-5,6,9,6,11,5,0.0
12.765,0,12,-28,9,-12,-4,-2,-5,0.0
12.77,5,11,6,-54,-20,-8,-6,-10,0.0
12.775,-4,3,71,0,5,4,8,7,0.0
12.780000000000001,3,0,-41,8,-2,-5,2,3,0.0
12.785,-17,-32,32,-11,8,6,-11,-12,0.0
12.790000000000001,-5,6,8,14,8,1,0,-15,0.0
12.795,3,-17,-10,-6,3,1,-1,5,0.0
12.8,0,-8,35,-12,-11,-4,6,7,0.0
12.805,9,10,-11,4,3,0,2,-1,0.0
12.81,-7,-4,-4,14,0,1,-3,-4,0.0
12.815,-5,6,10,-3,1,0,4,1,0.0
12.82,0,1,-6,7,3,-1,-6,1,0.0
12.825000000000001,10,4,6,8,-3,0,0,0,0.0
12.83,1,-4,6,-6,-1,-1,-3,7,0.0
12.835,-1,-5,-22,-2,0,-1,2,0,0.0
12.84,-1,-6,-15,-9,-3,0,-2,-7,0.0
12.845,-1,-2,-2,-7,-7,-5,-3,0,0.0
12.85,-2,9,16,14,6,4,4,0,0.0
12.855,-1,1,-13,-3,-1,-1,-2,-2,0.0
12.86,1,-2,42,15,1,0,-1,2,0.0
12.865,-1,-1,23,0,-1,-1,1,1,0.0
12.870000000000001,-1,-8,-9,3,2,1,-2,-2,0.0
12.875,0,-2,-9,1,-3,-3,-3,2,0.0
12.88,-2,-4,0,-4,-3,-3,-2,1,0.0
12.885,1,8,-1,5,4,2,6,1,0.0
12.89,1,31,-9,11,-4,-6,-7,-2,0.0
12.895,3,0,3,-16,-7,11,5,6,0.0
12.9,-5,-4,5,-6,-9,-15,22,5,0.0
12.905000000000001,-1,1,-18,5,7,-3,-23,-24,0.0
12.91,-1,-13,31,19,22,1,0,1,0.0
12.915000000000001,0,13,-16,2,0,2,-1,3,0.0
12.92,2,13,-34,-13,-2,2,6,9,0.0
12.925,0,-8,-11,-19,-15,-12,-12,15,0.0
12.93,-8,-8,18,6,-9,-2,42,12,0.0
12.935,-7,-5,-37,-13,-5,-9,-89,-37,0.0
12.94,2,8,24,-3,-2,4,-23,-44,0.0
12.945,-1,-1,10,2,-5,-3,8,1,0.0
12.950000000000001,-2,-12,-8,0,0,-1,-11,15,0.0
12.955,-2,11,-27,-17,-4,2,40,17,0.0
12.96,-6,-14,-12,-1,-3,0,11,19,0.0
12.965,-7,-12,-7,-1,1,-1,-26,-30,0.0
12.97,8,7,-4,-1,-3,-1,-2,-2,0.0
12.975,-1,53,10,-9,-6,-6,22,11,0.0
12.98,0,-37,-46,-10,-1,4,28,29,0.0
12.985,-12,-1,18,-5,-1,-7,-68,-57,0.0
12.99,-1,7,-22,-16,-9,1,4,-5,0.0
12.995000000000001,0,-39,8,19,4,-4,15,-13,0.0
13.0,-4,4,25,14,0,0,-3,3,0.0
13.005,-4,-21,-23,-10,-4,-2,23,25,0.0
13.01,-5,-18,-26,-11,-5,2,0,-12,0.0
13.015,-7,-4,-8,5,1,-5,-25,-15,0.0
13.02,-4,-1,2,4,3,0,-7,4,0.0
13.025,-2,-31,-11,-3,3,8,24,13,0.0
13.030000000000001,2,-7,-2,-2,-4,-5,-20,-16,0.0
13.035,5,8,4,4,4,4,25,11,0.0
13.040000000000001,-9,-1,6,-4,-2,-2,-13,-2,0.0
13.045,-5,-2,-2,0,0,1,14,16,0.0
13.05,7,35,1,2,0,-2,-7,1,0.0
13.055,6,-6,7,-3,-1,1,2,6,0.0
13.06,8,18,-2,-2,0,3,-1,-4,0.0
13.065,-3,16,-19,0,1,-4,0,13,0.0
13.07,-3,-12,26,8,11,2,1,-2,0.0
13.075000000000001,-6,29,27,-19,-7,-2,0,5,0.0
13.08,9,-30,-27,18,7,6,-4,-7,0.0
13.085,-11,2,10,-2,-23,-10,14,-10,0.0
13.09,4,-9,25,-46,-7,0,2,16,0.0
13.095,5,-26,7,4,10,-1,-1,0,0.0
13.1,3,12,32,19,0,-3,-5,0,0.0
13.105,17,23,-27,24,14,5,10,5,0.0
13.11,-6,-20,-20,13,3,0,-7,-9,0.0
13.115,-1,5,13,-1,-2,-1,-2,-3,0.0
13.120000000000001,2,20,11,-1,3,2,1,-1,0.0
13.125,-9,-2,-6,2,0,3,6,2,0.0
13.13,-8,1,-2,-6,-9,-4,-6,-6,0.0
13.135,3,-23,-6,2,-4,-2,3,5,0.0
13.14,-2,-1,-13,-4,-5,-6,-8,-5,0.0
13.145,4,-2,15,-11,-1,3,5,3,0.0
13.15,2,-6,-3,-3,-1,-4,4,4,0.0
13.155000000000001,-2,-11,-32,6,-5,-5,-16,-11,0.0
13.16,-7,-10,6,-10,-3,-1,0,-6,0.0
13.165000000000001,4,16,15,1,2,0,1,3,0.0
13.17,0,4,-20,-2,-2,-1,1,2,0.0
13.175,-2,-6,8,6,-3,-2,1,-3,0.0
13.18,-4,8,-7,-13,-1,-3,-6,-4,0.0
13.185,3,-4,11,1,1,1,3,9,0.0
13.19,4,-7,5,9,-7,-4,-6,0,0.0
13.195,-6,2,-40,-15,-11,-4,0,1,0.0
13.200000000000001,-7,-3,-11,-29,2,0,-5,3,0.0
13.205,-2,-1,10,10,4,-2,2,1,0.0
13.21,-7,-10,-10,2,5,3,-2,0,0.0
13.215,-4,-8,25,6,1,-2,3,-5,0.0
13.22,0,0,36,15,-5,-5,-9,-1,0.0
13.225,8,21,-2,-20,-22,-3,0,-2,0.0
13.23,-4,-5,2,16,-4,1,-2,-6,0.0
13.235,-5,-8,-5,-19,16,5,0,12,0.0
13.24,-2,-1,-8,12,19,1,1,-11,0.0
13.245000000000001,-3,-9,-20,-8,-4,6,14,3,0.0
13.25,2,2,-20,-6,0,-6,1,5,0.0
13.255,-3,2,1,17,-7,-13,-39,-20,0.0
13.26,6,26,-23,-11,-5,0,4,29,0.0
13.265,-2,-5,13,-1,5,1,-3,-24,0.0
13.27,-1,-5,-22,-15,-7,8,29,12,0.0
13.275,5,0,29,11,3,3,17,15,0.0
13.280000000000001,-8,-5,11,2,-3,-3,-8,-33,0.0
13.285,3,-7,4,-4,-1,5,39,19,0.0
13.290000000000001,-7,-7,-7,-7,-6,-11,-50,-20,0.0
13.295,4,-4,16,14,4,3,21,15,0.0
13.3,0,-5,-12,1,-4,0,-4,-11,0.0
13.305,-2,-4,16,5,-2,2,24,37,0.0
13.31,-5,1,14,0,1,-6,-16,-71,0.0
13.315,-2,-5,-6,-2,-3,3,-1,9,0.0
13.32,4,-9,-7,0,-5,3,24,29,0.0
13.325000000000001,-10,17,-2,0,2,-15,-33,-15,0.0
13.33,9,-4,-4,-14,-4,-6,-43,-6,0.0
13.335,-2,0,-8,-4,-1,2,4,-5,0.0
13.34,-12,-42,-9,2,0,7,14,8,0.0
13.345,-1,-10,5,5,5,-5,-21,8,0.0
13.35,0,1,3,7,-1,1,12,15,0.0
13.355,2,26,-11,-9,-6,-5,1,-13,0.0
13.36,-2,-32,12,2,-1,-1,-5,-7,0.0
13.365,0,-6,-25,-7,-1,-2,4,0,0.0
13.370000000000001,-9,-15,7,-7,-4,-6,4,4,0.0
13.375,11,23,18,10,3,8,0,-17,0.0
13.38,1,21,-9,0,-4,-6,-1,1,0.0
13.385,-1,-8,0,-1,-1,-2,-15,-9,0.0
13.39,1,12,10,5,6,6,11,-1,0.0
13.395,0,-4,10,1,-4,-3,-3,3,0.0
13.4,4,12,-7,-12,-8,-8,-14,-12,0.0
13.405000000000001,0,7,10,5,2,1,-6,-12,0.0
13.41,-2,5,1,9,1,4,9,6,0.0
13.415000000000001,-6,-9,3,4,5,0,5,0,0.0
13.42,0,13,-16,-21,-5,-2,-6,-5,0.0
13.425,-12,-49,-1,-3,-12,-2,-8,-12,0.0
13.43,0,1,4,-1,4,0,8,13,0.0
13.435,-4,-7,-17,11,-10,-4,-5,-1,0.0
13.44,-2,5,6,5,4,-2,-7,-3,0.0
13.445,0,-3,1,-1,5,-2,-2,-1,0.0
13.450000000000001,-2,-1,-2,-5,-1,0,3,4,0.0
13.455,-5,-8,-10,-5,-2,-3,-3,1,0.0
13.46,2,4,5,-1,0,1,0,-4,0.0
13.465,14,14,-7,8,-2,2,2,7,0.0
13.47,-27,-7,-3,4,-3,-1,0,-5,0.0
13.475,-4,-6,3,-10,-2,-2,-3,0,0.0
13.48,-3,-2,4,3,-1,0,-1,-9,0.0
13.485,0,9,-3,-13,-2,-1,-4,-2,0.0
13.49,11,1,4,0,-1,1,3,8,0.0
13.495000000000001,-9,-9,1,-3,-3,-2,-1,-3,0.0
13.5,-6,3,-16,-9,-6,-2,1,2,0.0
13.505,4,6,1,1,2,0,1,-6,0.0
13.51,1,-1,-5,4,-2,-4,-5,-1,0.0
13.515,-4,-9,5,-5,0,0,2,-3,0.0
13.52,3,5,0,1,-2,-2,-3,1,0.0
13.525,-5,0,-7,-2,1,2,1,-1,0.0
13.530000000000001,4,13,10,-1,1,0,3,4,0.0
13.535,2,1,-7,-5,-4,0,-2,1,0.0
13.540000000000001,-2,-4,6,1,5,9,14,1,0.0
13.545,-4,-21,-4,-4,-4,-9,-18,-2,0.0
13.55,0,4,3,-3,-1,-6,-13,-10,0.0
13.555,1,-3,17,3,0,-1,2,-11,0.0
13.56,-1,-9,-2,-5,-3,-12,-29,-4,0.0
13.565,-2,-2,9,-6,-4,2,8,5,0.0
13.57,2,-5,-7,0,-1,2,-2,-26,0.0
13.575000000000001,-3,6,-7,-6,-3,-1,-8,-1,0.0
13.58,1,-2,-8,2,0,0,10,4,0.0
13.585,-3,1,-3,-3,0,1,5,-3,0.0
13.59,1,-2,-5,1,1,-4,-14,7,0.0
13.595,4,3,2,3,3,-1,8,3,0.0
13.6,0,7,6,3,-3,-5,-6,-4,0.0
13.605,-1,2,8,9,3,1,-1,1,0.0
13.61,3,1,-13,-7,-4,4,8,9,0.0
13.615,-7,-12,-3,-1,-1,-1,-3,-3,0.0
13.620000000000001,-2,5,5,3,0,-1,-1,7,0.0
13.625,3,4,-2,-4,0,0,15,5,0.0
13.63,-4,-10,2,-5,-4,-6,-50,-15,0.0
13.635,2,1,6,-1,-1,-5,-13,1,0.0
13.64,8,16,2,1,1,3,9,26,0.0
13.645,-12,-2,-18,-6,-4,-3,-15,-30,0.0
13.65,10,-11,13,1,1,5,29,21,0.0
13.655000000000001,-6,-9,-19,-1,-5,-6,-2,-16,0.0
13.66,3,-1,4,0,3,3,-9,5,0.0
13.665000000000001,9,23,20,8,0,3,56,24,0.0
13.67,-2,2,-17,-4,-4,-9,-36,5,0.0
13.675,1,-6,-14,-8,-2,1,3,3,0.0
13.68,-1,-12,-37,-8,-4,3,47,20,0.0
13.685,-13,-11,-3,-7,-6,-17,-104,-95,0.0
13.69,5,0,20,9,6,14,102,56,0.0
13.695,-7,-1,-7,-5,-4,-14,-57,-57,0.0
13.700000000000001,-7,-10,7,5,-1,3,-5,-17,0.0
13.705,-4,-2,-32,-11,-3,1,14,29,0.0
13.71,19,9,-10,-6,-3,-2,2,13,0.0
13.715,-1,3,12,-1,0,-1,4,-9,0.0
13.72,-5,-11,7,8,1,3,2,-5,0.0
13.725,1,-20,10,5,0,2,9,26,0.0
13.73,-4,3,9,1,-4,-3,-11,-34,0.0
13.735,-5,6,-5,-4,-1,4,34,26,0.0
13.74,3,-10,-4,-3,-5,-9,-27,-15,0.0
13.745000000000001,-3,-3,-4,-2,0,1,4,16,0.0
13.75,-7,2,5,0,-1,-4,-3,-7,0.0
13.755,10,21,6,0,1,1,-4,7,0.0
13.76,-6,8,-3,-9,-7,-5,2,-3,0.0
13.765,-14,-42,3,-6,-1,0,5,4,0.0
13.77,-1,2,-1,1,0,-3,-11,-28,0.0
13.775,2,-8,-18,-4,-2,0,3,0,0.0
13.780000000000001,0,0,2,4,3,-1,-8,-3,0.0
13.785,4,12,-11,-1,1,2,10,3,0.0
13.790000000000001,-22,-37,0,-10,-7,-7,-11,-8,0.0
13.795,0,-8,0,1,0,0,4,16,0.0
13.8,-4,3,-7,-11,-4,-8,-14,-15,0.0
13.805,23,29,10,4,0,-3,-4,5,0.0
13.81,0,10,-6,4,3,4,4,2,0.0
13.815,-5,-4,-1,0,0,-2,0,-1,0.0
13.82,12,2,7,4,-5,-1,3,3,0.0
13.825000000000001,-5,-9,-4,3,1,-2,-4,-6,0.0
13.83,-3,18,5,-4,-3,2,-3,0,0.0
13.835,1,-9,4,-17,-2,3,15,7,0.0
13.84,-4,-3,-1,7,2,1,-3,2,0.0
13.845,-2,1,-6,21,-7,-6,-6,-5,0.0
13.85,-2,-7,-8,1,3,0,-2,0,0.0
13.855,6,-3,-8,1,-13,-4,-4,0,0.0
13.86,-2,-1,5,-4,3,0,3,6,0.0
13.865,-2,5,2,-9,4,5,5,-2,0.0
13.870000000000001,0,-1,0,16,2,0,-1,7,0.0
13.875,-8,1,11,-2,2,-8,-14,-12,0.0
13.88,-2,-1,-9,3,0,-2,-6,-6,0.0
13.885,-1,-12,17,-19,-6,-1,2,0,0.0
13.89,2,8,-4,-3,0,-1,1,2,0.0
13.895,-3,-4,-3,6,0,1,4,9,0.0
13.9,-5,-5,-1,-21,-6,0,0,-2,0.0
13.905000000000001,3,11,-9,5,5,2,-2,1,0.0
13.91,-1,-3,0,-10,-2,-1,0,-2,0.0
13.915000000000001,0,0,3,9,2,-1,1,8,0.0
13.92,-3,-5,-2,7,-2,-3,-2,-5,0.0
13.925,2,8,1,-7,1,1,-1,-3,0.0
13.93,-2,0,-9,-9,-6,-4,-3,3,0.0
13.935,-7,-18,3,5,-1,0,3,-1,0.0
13.94,-2,5,1,3,0,-2,-3,-5,0.0
13.945,0,8,-7,-5,-2,-5,-3,-1,0.0
13.950000000000001,-4,-8,1,6,-3,-3,1,-4,0.0
13.955,5,6,-4,-6,2,4,6,3,0.0
13.96,-4,3,-2,-5,-2,-4,-11,-18,0.0
13.965,-3,-17,-15,1,-3,-5,-6,-2,0.0
13.97,1,3,-2,-10,-5,2,4,3,0.0
13.975,-1,1,-14,-3,-2,4,14,5,0.0
13.98,0,-12,14,7,0,-13,-23,-2,0.0
13.985,1,8,-11,1,1,1,-10,-2,0.0
13.99,-3,-2,3,2,3,1,1,1,0.0
13.995000000000001,0,-6,-2,-4,0,0,-16,5,0.0
14.0,14,14,-7,-3,-3,0,4,4,0.0
14.005,-6,5,13,-9,-5,-2,4,2,0.0
14.01,1,5,1,1,0,-1,8,7,0.0
14.015,-1,-3,11,7,2,5,12,19,0.0
14.02,-14,-10,0,0,-1,-4,-28,-54,0.0
14.025,1,2,-5,-6,-2,0,-3,12,0.0
14.030000000000001,-2,-11,-12,0,0,-2,8,4,0.0
14.035,-1,2,-17,-4,-2,-3,-4,-21,0.0
14.040000000000001,1,2,0,-6,-2,0,9,37,0.0
14.045,1,-6,4,1,1,3,8,-9,0.0
14.05,-10,-4,-18,-4,-2,-2,-8,-14,0.0
14.055,8,1,-6,4,4,-1,-2,8,0.0
14.06,-1,13,32,-1,2,6,10,11,0.0
14.065,-1,5,5,1,-1,-1,1,-1,0.0
14.07,2,-7,7,-6,-3,-6,-4,8,0.0
14.075000000000001,-4,-4,-17,-6,-3,-8,-7,-8,0.0
14.08,1,2,-13,-4,-5,3,17,14,0.0
14.085,-2,-3,1,9,1,-2,-3,-8,0.0
14.09,3,6,14,7,6,3,1,3,0.0
14.095,1,6,12,-6,-3,-5,-7,10,0.0
14.1,-3,-5,0,4,1,2,7,-28,0.0
14.105,-1,-6,10,-1,-2,-3,-21,1,0.0
14.11,4,-16,-4,0,-1,-3,-4,15,0.0
14.115,-9,16,-1,-1,0,4,8,-12,0.0
14.120000000000001,0,-10,11,2,-4,-10,-2,5,0.0
14.125,-1,4,-15,-5,-2,0,9,6,0.0
14.13,-3,-3,-4,-4,-2,2,-12,-24,0.0
14.135,-3,-14,4,-2,-2,-2,-2,6,0.0
14.14,2,14,-14,-3,0,-2,-6,-2,0.0
14.145,-10,-21,-5,-2,1,5,12,-10,0.0
14.15,-1,-5,-5,2,-1,-2,-2,0,0.0
14.155000000000001,-5,-18,18,3,-2,-1,7,1,0.0
14.16,-4,-3,-9,-3,3,5,5,3,0.0
14.165000000000001,1,3,-9,0,-3,-6,-8,-7,0.0
14.17,-5,-1,10,-2,-1,-1,-2,-1,0.0
14.175,3,-6,-6,0,-5,-3,-10,-11,0.0
14.18,-13,-35,-20,-7,6,2,1,0,0.0
14.185,15,19,11,0,-3,0,2,8,0.0
14.19,-4,1,-4,10,1,-4,-3,-18,0.0
14.195,0,13,-4,-10,-2,2,3,8,0.0
14.200000000000001,0,-22,6,-7,-10,-4,-4,4,0.0
14.205,-5,-28,-25,-14,-4,-1,-1,-6,0.0
14.21,3,7,-3,-9,3,1,3,3,0.0
14.215,5,45,-7,12,-7,-4,-4,-9,0.0
14.22,-9,-20,14,3,4,4,5,3,0.0
14.225,-1,7,13,4,3,0,-2,0,0.0
14.23,3,14,10,20,-3,-1,-4,1,0.0
14.235,-7,-28,-32,-7,2,1,-5,-2,0.0
14.24,-1,10,-2,-27,-8,-5,-7,-4,0.0
14.245000000000001,2,26,16,17,1,-1,5,-3,0.0
14.25,-1,-12,-3,10,7,2,3,24,0.0
14.255,-3,7,-5,-19,-7,-4,-3,-5,0.0
14.26,0,9,-11,11,-4,-1,1,3,0.0
14.265,0,-4,-12,-11,-1,-1,0,-2,0.0
14.27,-3,-2,1,-11,-1,0,-1,-9,0.0
14.275,0,-3,9,2,-1,-2,-2,-3,0.0
14.280000000000001,5,14,-2,-6,-5,0,3,5,0.0
14.285,-6,-19,-4,19,11,-2,-2,3,0.0
14.290000000000001,-3,0,-5,-4,-5,-2,-7,-11,0.0
14.295,-1,-11,9,-3,1,-1,-1,0,0.0
14.3,0,14,5,-7,-3,-2,0,-1,0.0
14.305,-2,-3,3,5,-3,-1,0,3,0.0
14.31,-2,2,-6,-8,-4,-1,1,-6,0.0
14.315,0,-3,15,5,0,1,2,0,0.0
14.32,2,9,4,13,4,0,0,-3,0.0
14.325000000000001,-1,-1,-8,-11,-4,-1,4,4,0.0
14.33,0,1,-5,-6,-1,-2,-7,-4,0.0
14.335,-4,-2,6,-1,2,-3,-1,-8,0.0
14.34,2,0,3,12,4,8,9,-3,0.0
14.345,-1,-12,9,-3,-1,2,1,1,0.0
14.35,-4,-1,6,-7,-6,-5,11,11,0.0
14.355,5,1,20,14,4,-2,-5,-16,0.0
14.36,0,-5,-12,-5,-2,-4,-10,-16,0.0
14.365,-4,11,-7,-9,-3,-1,-3,-7,0.0
14.370000000000001,-7,-3,5,6,1,5,-13,-4,0.0
14.375,9,1,3,3,0,-2,-3,-10,0.0
14.38,4,4,4,4,0,5,21,23,0.0
14.385,-6,-8,-19,-7,-6,-8,-15,-11,0.0
14.39,-3,-4,-30,-13,-6,-8,-9,-11,0.0
14.395,-8,-3,-10,-2,1,4,-2,0,0.0
14.4,7,-11,-21,-8,-4,-9,-18,-8,0.0
14.405000000000001,2,-1,-4,-1,-2,2,8,12,0.0
14.41,2,1,4,4,-1,1,8,16,0.0
14.415000000000001,-7,-3,-11,-4,-3,-4,-12,-26,0.0
14.42,-5,-3,-6,2,-1,-2,4,-4,0.0
14.425,-2,8,21,1,-3,-4,-13,-32,0.0
14.43,2,-4,-19,-6,-1,-1,5,-6,0.0
14.435,-2,-4,-1,-2,-2,-1,4,14,0.0
14.44,-5,-10,-32,-8,-4,-5,-6,6,0.0
14.445,2,6,6,4,1,0,1,4,0.0
14.450000000000001,-1,0,8,0,0,-4,-5,-6,0.0
14.455,-8,-10,-19,-7,-7,-4,-6,-10,0.0
14.46,-1,8,8,1,2,1,3,7,0.0
14.465,-4,-12,-16,-1,-4,-5,-4,-2,0.0
14.47,3,16,12,-14,-7,0,7,26,0.0
14.475,-1,-3,-1,2,3,-2,-2,2,0.0
14.48,-5,-4,16,2,0,0,3,-10,0.0
14.485,7,10,6,1,4,12,22,30,0.0
14.49,-5,-2,19,12,0,-10,-14,-27,0.0
14.495000000000001,0,-6,-19,0,1,8,17,35,0.0
14.5,-8,-11,9,-7,-4,-20,-34,-36,0.0
14.505,-2,-9,5,2,-2,7,38,31,0.0
14.51,8,3,-6,9,1,-6,-52,-21,0.0
14.515,5,-12,-21,-23,-5,-1,12,0,0.0
14.52,-5,-10,-18,0,3,8,21,23,0.0
14.525,-5,5,0,-1,-1,1,42,26,0.0
14.530000000000001,-5,-14,-7,2,-5,-6,-67,-64,0.0
14.535,-7,2,0,1,3,0,-2,-25,0.0
14.540000000000001,4,-1,6,6,3,4,-3,13,0.0
14.545,-3,-3,2,-4,-5,-4,-11,-9,0.0
14.55,2,5,-3,2,1,6,40,19,0.0
14.555,9,18,22,5,1,-3,-14,-31,0.0
14.56,2,14,6,-1,0,2,24,5,0.0
14.565,-4,-10,0,12,3,-3,-57,-14,0.0
14.57,-3,8,4,11,5,7,39,11,0.0
14.575000000000001,-2,23,37,23,-1,-2,-10,5,0.0
14.58,-3,-7,-77,-72,-10,-4,-8,2,0.0
14.585,-2,4,-1,-11,-4,-4,-3,-10,0.0
14.59,7,-2,0,-8,1,0,1,4,0.0
14.595,-8,-24,2,23,2,1,5,0,0.0
14.6,1,9,20,-3,-5,-2,3,-4,0.0
14.605,-9,6,-9,7,0,-8,-12,1,0.0
14.61,-1,1,-7,-8,-3,0,9,2,0.0
14.615,-3,5,5,-2,0,-1,11,22,0.0
14.620000000000001,-8,-9,23,20,-1,-1,-11,-24,0.0
14.625,-6,-21,-8,-4,-2,0,-13,-22,0.0
14.63,-4,-1,0,15,-1,0,8,5,0.0
14.635,4,11,-26,-19,-4,-4,-3,0,0.0
14.64,14,45,38,17,-3,2,-2,11,0.0
14.645,7,18,49,8,6,-1,-1,-5,0.0
14.65,-8,-25,-48,21,-1,-3,9,1,0.0
14.655000000000001,6,6,-50,-23,-5,-4,-2,12,0.0
14.66,-11,-24,-12,-26,1,0,-3,-1,0.0
14.665000000000001,1,3,-10,-14,-12,-7,0,-14,0.0
14.67,5,9,40,-21,2,3,9,16,0.0
14.675,-8,-8,51,60,12,1,-5,-13,0.0
14.68,3,3,-47,32,4,3,1,3,0.0
14.685,2,-11,-14,-20,6,0,3,1,0.0
14.69,-4,-3,15,-2,-5,-2,-1,-1,0.0
14.695,0,8,21,-10,-2,2,1,1,0.0
14.700000000000001,-1,-11,13,11,-2,-1,3,-8,0.0
14.705,5,4,-12,5,-3,-1,0,6,0.0
14.71,-3,-6,-12,-18,-6,-3,0,2,0.0
14.715,1,-6,33,10,2,2,5,8,0.0
14.72,-2,-3,-12,10,-3,-4,-2,-2,0.0
14.725,-6,-11,27,-12,-7,-3,-6,-1,0.0
14.73,1,10,0,-1,2,0,0,-8,0.0
14.735,-1,-9,-41,-36,-5,0,0,1,0.0
14.74,-2,-5,13,-1,-3,-4,-2,10,0.0
14.745000000000001,-3,6,-5,9,1,0,-1,27,0.0
14.75,-13,-7,44,18,0,0,1,-12,0.0
14.755,-1,-6,-34,-11,-4,-1,5,6,0.0
14.76,0,0,22,-22,2,10,25,23,0.0
14.765,-7,0,-33,21,-6,-18,-23,-9,0.0
14.77,-7,-5,34,-27,0,-2,-15,1,0.0
14.775,0,0,-44,-25,-8,-5,2,-4,0.0
14.780000000000001,-3,4,24,1,-2,0,10,3,0.0
14.785,1,-5,-38,18,-2,4,-8,-16,0.0
14.790000000000001,-4,-8,-17,0,-2,-2,1,10,0.0
14.795,-1,-4,2,6,1,-1,-7,4,0.0
14.8,-4,-5,5,9,11,7,12,-7,0.0
14.805,2,-1,13,-7,0,-9,-4,-1,0.0
14.81,2,-1,-49,-8,-7,-4,-6,-11,0.0
14.815,-3,-3,-22,-18,-6,-1,2,4,0.0
14.82,0,-6,7,10,-1,-2,-15,-8,0.0
14.825000000000001,1,2,11,-6,-1,3,8,-14,0.0
14.83,0,0,-13,-9,-5,-7,-1,2,0.0
14.835,-4,-4,18,4,-3,-4,-3,0,0.0
14.84,0,4,-7,1,-3,-6,-7,9,0.0
14.845,6,-6,-9,-20,-5,-5,-20,-52,0.0
14.85,-1,-2,-4,2,2,3,13,1,0.0
14.855,2,4,12,8,2,5,4,14,0.0
14.86,1,-5,-7,4,-2,0,0,10,0.0
14.865,-2,-5,0,-9,0,4,4,19,0.0
14.870000000000001,-7,-15,3,-8,-4,-1,47,-38,0.0
14.875,-1,-2,-3,-1,-1,-5,-34,-5,0.0
14.88,-3,-3,-19,-7,-3,-10,-57,-20,0.0
14.885,0,-10,-23,-6,0,6,29,48,0.0
14.89,2,-3,0,5,1,-3,8,6,0.0
14.895,-7,-2,16,4,0,-8,-25,-25,0.0
14.9,2,7,-24,-6,-3,-3,5,7,0.0
14.905000000000001,-2,-6,16,6,3,7,-5,-4,0.0
14.91,5,18,-8,-5,-1,4,-5,23,0.0
14.915000000000001,-1,-16,-8,-8,-5,0,29,15,0.0
14.92,0,19,10,4,1,-1,-11,-15,0.0
14.925,-2,4,8,-3,0,-2,3,-6,0.0
14.93,2,-1,-9,1,-1,2,-2,10,0.0
14.935,3,6,21,13,5,1,-2,-8,0.0
14.94,-8,-25,12,0,-4,-3,6,-10,0.0
14.945,10,38,-1,1,1,5,13,6,0.0
14.950000000000001,-1,10,10,-1,0,-5,-9,10,0.0
14.955,3,13,-12,4,-3,-8,-17,-9,0.0
14.96,-8,-13,44,3,4,5,10,0,0.0
14.965,-1,-5,1,4,-2,0,6,2,0.0
14.97,10,18,6,3,3,-1,-22,-3,0.0
14.975,7,53,12,-2,0,7,18,6,0.0
14.98,-13,-47,-26,-4,-5,-5,4,-5,0.0
14.985,-5,-2,-1,-4,-3,-5,-8,-9,0.0
14.99,0,-14,11,0,-4,-5,-8,-16,0.0
14.995000000000001,27,20,22,4,3,1,-2,35,0.0
15.0,-11,-7,-15,-1,1,-1,-5,-25,0.0
15.005,-11,2,-3,-1,-2,-5,-6,-10,0.0
15.01,-1,-47,-17,-4,0,3,0,3,0.0
15.015,-17,-37,-13,-10,-4,-1,4,-13,0.0
15.02,20,19,7,6,-6,-3,-2,7,0.0
15.025,-4,-11,-1,-9,5,-3,-4,-3,0.0
15.030000000000001,-14,-18,-15,-2,-13,-5,1,-2,0.0
15.035,-2,-30,-1,9,1,1,3,-11,0.0
15.040000000000001,2,72,16,-6,3,1,3,12,0.0
15.045,-9,46,-1,-5,6,1,-2,-14,0.0
15.05,-10,-56,-49,-19,-10,-1,1,8,0.0
15.055,-21,-81,-16,-6,-5,-6,-5,-9,0.0
15.06,-3,-13,-13,15,-1,-6,-7,-8,0.0
15.065,17,79,109,42,6,6,4,3,0.0
15.07,23,-13,-83,-26,11,3,9,12,0.0
15.075000000000001,-17,-28,4,-15,-17,-11,-22,-11,0.0
15.08,17,59,19,-7,-3,-1,2,-5,0.0
15.085,-6,-30,-14,16,0,-2,-1,2,0.0
15.09,1,38,61,16,3,2,-1,-5,0.0
15.095,-7,32,-19,-2,5,4,9,2,0.0
15.1,2,-45,-70,-25,-10,-7,-2,-1,0.0
15.105,0,-4,6,-13,-6,-1,-1,4,0.0
15.11,3,25,45,18,3,-3,-8,-8,0.0
15.115,-3,3,-34,-5,-1,-2,4,-1,0.0
15.120000000000001,-7,-2,23,-5,-4,3,0,-3,0.0
15.125,3,-39,-31,-2,1,-4,-1,-7,0.0
15.13,-9,7,-11,-3,7,-2,-6,2,0.0
15.135,9,3,26,10,4,2,3,0,0.0
15.14,-5,-15,-5,2,-3,-2,3,4,0.0
15.145,-2,-13,-5,-15,-13,-4,-1,-2,0.0
15.15,5,8,44,18,-2,-1,-3,-1,0.0
15.155000000000001,2,20,13,0,3,3,2,1,0.0
15.16,-12,-6,3,3,3,-1,-2,0,0.0
15.165000000000001,5,-15,-14,-5,7,6,3,5,0.0
15.17,-3,13,37,4,-2,0,-1,-2,0.0
15.175,2,-9,-37,17,-7,-5,-2,-4,0.0
15.18,5,-7,-16,-6,1,8,15,6,0.0
15.185,-3,-22,-21,-2,-6,-9,-14,-1,0.0
15.19,-2,9,16,4,0,4,2,6,0.0
15.195,-1,6,-3,-15,-4,-6,9,-1,0.0
15.200000000000001,1,-1,19,10,3,-8,-21,-16,0.0
15.205,-2,-7,-20,-6,-2,4,15,7,0.0
15.21,-9,-15,5,11,2,3,15,2,0.0
15.215,-6,-6,0,-3,-2,-7,-16,1,0.0
15.22,2,14,25,3,5,6,2,6,0.0
15.225,4,-16,1,4,-2,-6,-6,-1,0.0
15.23,-6,0,-7,-7,-3,-4,-17,-12,0.0
15.235,-1,0,17,3,1,7,12,5,0.0
15.24,-4,-10,-25,-8,-5,-6,-5,7,0.0
15.245000000000001,-5,-7,52,5,1,3,3,-6,0.0
15.25,2,3,-34,-5,0,6,3,-1,0.0
15.255,0,10,30,2,4,0,-2,0,0.0
15.26,-1,-2,-25,-5,-2,-3,10,-12,0.0
15.265,-3,-2,6,2,0,6,12,9,0.0
15.27,-2,-4,-10,-19,-12,-16,-2,-5,0.0
15.275,2,-4,-9,-8,0,2,13,4,0.0
15.280000000000001,-1,-17,10,5,3,2,-8,-15,0.0
15.285,-5,-3,-40,-8,-4,-7,0,13,0.0
15.290000000000001,4,-8,-25,-3,-1,4,5,-5,0.0
15.295,3,18,-2,-5,-1,-3,-36,-35,0.0
15.3,15,-14,1,4,0,3,50,53,0.0
15.305,-18,28,-6,-18,-6,-13,-50,-31,0.0
15.31,-4,47,-25,-9,-6,-4,-30,-38,0.0
15.315,11,-27,28,6,1,5,4,-6,0.0
15.32,-4,5,11,-2,-1,0,12,18,0.0
15.325000000000001,2,-26,5,-4,0,-3,-7,-10,0.0
15.33,11,28,30,14,5,5,8,32,0.0
15.335,-1,8,-6,1,0,2,12,11,0.0
15.34,-8,4,-3,1,-4,-6,-23,-27,0.0
15.345,0,-4,3,-3,-4,-1,6,12,0.0
15.35,-10,-14,-2,-5,1,2,2,-5,0.0
15.355,-5,-7,-8,-1,-3,-4,2,-2,0.0
15.36,-5,26,14,7,6,0,-10,-6,0.0
15.365,4,9,-10,-2,-5,1,3,-13,0.0
15.370000000000001,5,-22,3,-21,-2,0,8,12,0.0
15.375,12,58,4,6,-1,-3,-3,2,0.0
15.38,-9,-24,-1,1,0,-4,-12,-7,0.0
15.385,-3,-25,-17,-8,0,-2,1,2,0.0
15.39,6,-57,6,2,-4,1,5,-2,0.0
15.395,-10,-15,-13,-8,3,-2,1,-2,0.0
15.4,2,3,-8,4,5,6,2,-1,0.0
15.405000000000001,-3,-16,6,7,-3,0,6,-2,0.0
15.41,3,17,4,20,-9,-4,-4,-1,0.0
15.415000000000001,-4,-19,-26,-4,1,1,-4,0,0.0
15.42,0,-3,6,-6,-2,-1,1,-3,0.0
15.425,2,17,-13,-5,5,0,0,2,0.0
15.43,-8,-5,-1,3,1,-6,-7,-8,0.0
15.435,0,12,11,1,0,1,3,5,0.0
15.44,-3,-2,-4,-3,-3,-5,-8,-7,0.0
15.445,2,-2,3,-2,-8,-2,2,4,0.0
15.450000000000001,-4,5,-11,-4,3,-2,-1,1,0.0
15.455,-7,-17,2,5,0,-1,2,-3,0.0
15.46,0,-12,-5,-5,-4,-3,-6,-1,0.0
15.465,1,-3,9,4,1,0,2,-2,0.0
15.47,-3,3,-8,-1,-1,-2,-1,1,0.0
15.475,12,20,0,-4,-1,3,2,3,0.0
15.48,2,0,6,4,-3,-1,-3,0,0.0
15.485000000000001,-2,8,0,0,1,2,3,-2,0.0
15.49,-6,4,-2,1,-1,-1,0,0,0.0
15.495000000000001,-6,-15,9,2,-1,-2,-4,1,0.0
15.5,-2,-2,-33,-15,-5,-4,-3,-5,0.0
15.505,0,-6,-17,-5,-1,0,3,1,0.0
15.51,-3,0,-7,-9,0,-3,-5,-1,0.0
15.515,-4,-10,11,-3,-5,-2,-1,-2,0.0
15.52,2,9,10,15,-2,0,0,-1,0.0
15.525,-3,-6,-1,1,4,1,-2,-2,0.0
15.530000000000001,-2,-4,7,3,-5,1,10,2,0.0
15.535,-3,-2,-29,-14,-6,-3,-9,-1,0.0
15.540000000000001,-4,-21,7,2,5,-1,12,-8,0.0
15.545,0,4,16,4,3,-10,-32,-4,0.0
15.55,-12,2,-27,-4,-3,-1,-9,-15,0.0
15.555,1,4,14,4,-3,-3,-2,6,0.0
15.56,-1,-7,-6,-10,-5,3,5,9,0.0
15.565,5,4,-7,3,0,7,16,2,0.0
15.57,2,-27,-10,7,0,1,10,33,0.0
15.575000000000001,-3,-4,9,-9,-5,-2,-21,0,0.0
15.58,-1,-1,4,5,0,-7,-1,10,0.0
15.585,-1,1,14,9,1,-7,-8,-8,0.0
15.59,4,19,5,-10,5,-3,-9,19,0.0
15.595,-5,2,-8,0,1,0,15,-6,0.0
15.6,-2,-6,-25,-11,-5,1,2,-18,0.0
15.605,-1,-11,20,4,-4,6,15,17,0.0
15.610000000000001,1,4,-2,-8,-4,-4,5,-9,0.0
15.615,-10,-7,-8,-1,-1,-2,-1,10,0.0
15.620000000000001,18,17,43,10,2,-2,-1,0,0.0
15.625,-3,7,-28,-4,-5,-2,-22,-2,0.0
15.63,2,14,-20,-5,1,2,-5,-3,0.0
15.635,-11,-13,12,-4,-2,-1,9,-28,0.0
15.64,-2,-6,21,1,-2,1,-2,29,0.0
15.645,-3,-1,-30,-20,-5,-1,14,-18,0.0
15.65,4,-3,24,12,1,0,7,3,0.0
15.655000000000001,1,-9,7,8,0,-2,-6,10,0.0
15.66,-5,-9,-18,-10,-2,5,39,19,0.0
15.665000000000001,5,6,-14,-3,2,0,18,-19,0.0
15.67,-3,33,2,1,-5,0,-14,-35,0.0
15.675,-7,-13,-2,-7,-1,-3,-19,-35,0.0
15.68,2,2,-1,-4,1,-2,-28,-12,0.0
15.685,-9,-15,-10,-3,-2,-3,18,24,0.0
15.69,-8,-47,4,2,-1,-10,-13,-17,0.0
15.695,-1,14,16,7,2,4,8,13,0.0
15.700000000000001,10,7,-3,-2,-3,-2,-5,-2,0.0
15.705,-3,-6,-5,-5,-4,-1,-14,-2,0.0
15.71,10,42,5,4,2,3,15,25,0.0
15.715,-4,2,0,1,-2,-5,-4,-3,0.0
15.72,-14,-22,-9,-4,-1,-5,-19,-27,0.0
15.725,4,11,10,1,0,2,11,10,0.0
15.73,-1,-15,1,-2,-2,-1,-5,3,0.0
15.735000000000001,10,4,-6,2,-1,2,9,6,0.0
15.74,-1,13,-7,-7,-2,2,-2,-2,0.0
15.745000000000001,7,23,-4,2,1,-2,-8,-4,0.0
15.75,-20,-40,7,2,-4,-3,0,-8,0.0
15.755,22,42,3,-3,9,1,0,6,0.0
15.76,-26,-23,-18,-17,-22,-8,-5,0,0.0
15.765,11,76,29,0,0,3,-5,-2,0.0
15.77,-16,-68,-3,0,1,3,3,1,0.0
15.775,-3,6,-21,-1,-2,-5,5,0,0.0
15.780000000000001,-1,17,13,23,8,1,-4,-2,0.0
15.785,-5,-36,-27,-11,-1,-3,-3,-1,0.0
15.790000000000001,23,95,32,0,-3,1,5,5,0.0
15.795,0,-36,-27,-23,-8,-2,-1,-1,0.0
15.8,-5,-9,21,13,10,0,-4,-14,0.0
15.805,-7,-25,6,6,-5,-1,-3,1,0.0
15.81,5,5,9,-6,-4,-5,-2,11,0.0
15.815,0,-6,-6,12,-1,1,5,3,0.0
15.82,-1,-11,13,-9,0,-2,-8,-5,0.0
15.825000000000001,-6,-9,0,-1,-3,-2,-4,-26,0.0
15.83,1,-11,-3,4,10,2,-4,3,0.0
15.835,-1,13,-11,-6,-11,-4,-2,6,0.0
15.84,0,4,-12,7,0,-3,2,1,0.0
15.845,-1,-13,3,7,2,3,-1,2,0.0
15.85,-2,-8,-14,-3,3,-1,-3,-7,0.0
15.855,-7,-10,6,-3,-1,2,-2,-6,0.0
15.860000000000001,4,8,6,-10,-3,-3,-1,-2,0.0
15.865,-2,-16,1,0,-3,-4,-2,-1,0.0
15.870000000000001,-2,3,-10,0,-4,-1,-4,-14,0.0
15.875,0,-12,-15,6,0,-1,1,10,0.0
15.88,-1,2,2,0,-2,-3,-4,-5,0.0
15.885,2,14,-3,-1,-1,1,2,2,0.0
15.89,-7,-14,-16,-7,-4,-2,-1,-8,0.0
15.895,-2,-7,8,4,5,2,-1,-8,0.0
15.9,3,1,6,-3,-1,1,-2,0,0.0
15.905000000000001,-3,-6,-12,-3,-1,-1,0,0,0.0
15.91,0,-4,6,4,-2,-7,-13,-5,0.0
15.915000000000001,1,4,22,-2,-2,4,6,-1,0.0
15.92,0,5,-13,-2,1,-1,-3,0,0.0
15.925,-3,-8,-10,3,0,1,-1,7,0.0
15.93,-4,-10,-24,-6,-5,-10,-5,2,0.0
15.935,1,0,13,5,4,5,8,-6,0.0
15.94,-3,5,25,6,1,5,21,47,0.0
15.945,10,-9,8,-6,-2,-5,-21,-69,0.0
15.950000000000001,-3,-4,-6,-9,-2,2,-2,10,0.0
15.955,-2,2,3,-4,-4,-2,-3,22,0.0
15.96,2,-2,-18,-13,-2,-1,1,0,0.0
15.965,-11,-18,-12,4,-2,-3,4,17,0.0
15.97,3,7,-19,-9,-1,2,2,-7,0.0
15.975,-1,-5,1,-1,-3,0,0,-7,0.0
15.98,4,1,1,-3,-4,2,1,-27,0.0
15.985000000000001,-3,0,-13,-3,-8,-12,-10,17,0.0
15.99,-14,-4,-3,-13,-4,-2,-1,-13,0.0
15.995000000000001,-2,-2,2,1,0,-11,-20,6,0.0
16.0,-2,-8,-4,0,-1,-1,-8,-8,0.0
16.005,1,3,18,11,4,9,14,12,0.0
16.01,1,-6,27,2,1,2,8,-4,0.0
16.015,-1,-7,-12,-16,-2,0,-2,0,0.0
16.02,2,-10,-21,0,-2,1,0,-4,0.0
16.025,-1,0,12,0,2,-2,15,5,0.0
16.03,3,2,10,1,0,1,2,4,0.0
16.035,-3,-6,7,-7,-4,-7,-31,-9,0.0
16.04,1,-4,-25,-10,-3,-4,-12,-9,0.0
16.045,0,21,-25,-15,-5,4,7,7,0.0
16.05,-6,-21,5,5,4,4,13,-10,0.0
16.055,-4,-19,-3,13,0,-1,9,-4,0.0
16.06,6,34,-7,1,-1,-1,4,9,0.0
16.065,-2,0,12,-2,-2,0,-18,-2,0.0
16.07,1,4,5,3,-2,-6,-22,-27,0.0
16.075,3,-7,2,-1,-2,-1,8,4,0.0
16.080000000000002,1,16,8,10,2,1,2,-10,0.0
16.085,-7,-22,20,6,3,2,-2,14,0.0
16.09,20,8,-12,0,-4,-1,4,14,0.0
16.095,2,38,-5,-12,-4,-3,7,-2,0.0
16.1,-8,-11,-8,-3,-4,-4,-12,-19,0.0
16.105,3,5,11,1,-2,-4,-3,-7,0.0
16.11,-10,-5,-15,2,3,3,4,5,0.0
16.115000000000002,-9,-23,15,7,0,-1,0,-16,0.0
16.12,2,0,7,2,5,1,6,10,0.0
16.125,1,12,-22,5,6,-4,-7,-3,0.0
16.13,-7,-18,20,-16,2,3,-2,-2,0.0
16.135,-3,8,9,11,-17,-2,10,-8,0.0
16.14,-3,-29,-33,-8,2,0,1,9,0.0
16.145,8,-9,5,-18,-7,-5,-3,1,0.0
16.15,8,46,21,22,7,3,7,-8,0.0
16.155,2,3,5,3,15,13,20,16,0.0
16.16,26,67,95,12,11,6,6,16,0.0
16.165,-10,-26,-101,-8,-13,-8,-2,-2,0.0
16.17,-17,-38,-11,-53,-17,-10,-10,-2,0.0
16.175,1,-11,-6,-2,1,-5,-2,0,0.0
16.18,6,26,53,17,-3,0,1,-1,0.0
16.185,-4,4,-23,2,12,6,3,0,0.0
16.19,5,11,19,14,1,2,4,11,0.0
16.195,-6,-18,-4,-2,2,-2,-3,-6,0.0
16.2,-7,-33,-46,-8,2,-5,-4,-3,0.0
16.205000000000002,0,44,24,34,13,3,-6,-21,0.0
16.21,-2,-46,-31,-55,-32,-4,-1,9,0.0
16.215,16,49,55,-16,-1,-1,0,3,0.0
16.22,-7,-13,-40,18,-1,-9,-2,-5,0.0
16.225,-4,-7,16,-10,5,1,5,-6,0.0
16.23,0,6,14,26,7,4,-3,-3,0.0
16.235,2,-28,-33,-28,0,2,-4,-1,0.0
16.240000000000002,-9,-14,5,-5,-8,-1,0,-12,0.0
16.245,-2,-12,23,1,0,-1,-1,2,0.0
16.25,7,10,-7,7,3,-3,-2,3,0.0
16.255,-11,-14,-21,3,-7,-5,-13,1,0.0
16.26,-7,-16,-6,1,-5,1,-4,-4,0.0
16.265,4,4,32,-11,-13,-3,-1,5,0.0
16.27,4,13,-11,20,8,1,5,4,0.0
16.275,-3,1,1,20,7,-4,-5,-15,0.0
16.28,-8,-28,-28,-26,-8,-7,-4,-1,0.0
16.285,-2,-4,8,-8,-5,-5,-17,1,0.0
16.29,-3,3,-22,13,-3,-1,-3,-13,0.0
16.295,-2,0,3,-3,3,15,14,5,0.0
16.3,-3,-1,-2,-4,-1,-5,22,2,0.0
16.305,3,5,12,-10,-5,-15,-41,-16,0.0
16.31,-26,-64,-44,-11,2,0,-7,-4,0.0
16.315,-3,-4,-7,-5,-7,-6,-12,-6,0.0
16.32,2,3,-2,0,-3,10,15,7,0.0
16.325,-9,-4,10,2,0,4,12,7,0.0
16.330000000000002,-1,-37,20,21,12,1,1,3,0.0
16.335,-3,7,-19,-4,-1,3,5,-1,0.0
16.34,-2,7,5,1,-5,-14,-14,-17,0.0
16.345,-10,-16,-30,-25,-9,-7,-13,-8,0.0
16.35,3,10,0,3,-1,-4,0,1,0.0
16.355,-5,-16,-3,-4,1,0,1,-2,0.0
16.36,-4,3,-6,-12,-5,-9,-10,-3,0.0
16.365000000000002,-5,-19,-2,21,0,-1,3,-8,0.0
16.37,2,27,19,0,0,2,6,6,0.0
16.375,3,9,-9,-4,-5,-3,-3,4,0.0
16.38,-2,-8,1,8,4,1,-3,-12,0.0
16.385,3,2,8,-1,-6,-1,3,8,0.0
16.39,-1,8,2,2,-4,-1,-5,-2,0.0
16.395,-7,-11,15,9,-2,-5,-5,9,0.0
16.4,4,4,6,-5,-1,0,-6,4,0.0
16.405,-3,-18,-20,-5,13,17,21,22,0.0
16.41,0,18,6,2,-4,-10,-32,-31,0.0
16.415,-6,-24,-7,-2,-6,2,11,17,0.0
16.42,4,39,8,2,-3,-21,-38,-33,0.0
16.425,5,-24,17,3,1,11,33,39,0.0
16.43,6,17,-3,3,5,3,6,14,0.0
16.435,2,0,-21,-3,-3,-3,-11,-8,0.0
16.44,1,-18,-23,-12,-4,6,12,27,0.0
16.445,2,14,-5,0,-6,-6,0,-20,0.0
16.45,-2,2,5,-2,-2,-6,-13,-15,0.0
16.455000000000002,4,23,-3,1,1,2,11,8,0.0
16.46,-7,-17,7,1,-5,3,-1,15,0.0
16.465,-12,-23,-20,-7,0,-3,9,-11,0.0
16.47,1,1,10,5,4,5,13,12,0.0
16.475,6,8,-3,-7,-4,-9,-17,-13,0.0
16.48,-13,-22,-6,8,8,7,3,2,0.0
16.485,2,10,-5,-4,-8,-4,-4,-17,0.0
16.490000000000002,3,10,-4,-6,-4,-5,1,47,0.0
16.495,0,11,9,4,-1,-2,5,-4,0.0
16.5,-3,-5,6,-5,-1,-1,-25,-13,0.0
16.505,5,5,1,2,-1,-1,5,24,0.0
16.51,-7,-13,-5,1,-1,2,8,3,0.0
16.515,2,4,-2,-2,0,-4,0,-1,0.0
16.52,-1,-10,1,-2,0,4,6,-7,0.0
16.525,-2,2,3,-2,-3,-2,-8,3,0.0
16.53,3,9,-3,-1,-3,-7,-3,-2,0.0
16.535,-1,-7,-4,6,2,0,-12,-4,0.0
16.54,-2,-2,-2,-5,1,8,12,-9,0.0
16.545,6,26,-9,0,-1,-3,-4,1,0.0
16.55,-9,-14,4,-7,-4,4,-4,-13,0.0
16.555,1,9,-7,6,-3,-3,5,-12,0.0
16.56,-9,-29,11,3,2,-1,6,13,0.0
16.565,11,36,7,2,-2,-10,-12,-4,0.0
16.57,2,-6,-19,-6,-6,-3,3,-10,0.0
16.575,5,6,-3,-23,-19,-10,-2,6,0.0
16.580000000000002,-6,-17,-3,6,4,4,-2,-4,0.0
16.585,4,-4,8,13,10,5,9,-6,0.0
16.59,-23,-22,-9,4,18,2,-14,-17,0.0
16.595,-6,-28,-4,4,-35,-7,5,-7,0.0
16.6,0,12,-6,-4,0,1,5,-3,0.0
16.605,-6,-11,3,9,-3,-3,-5,5,0.0
16.61,13,10,1,-15,5,-1,0,0,0.0
16.615000000000002,-4,-10,3,8,15,4,1,-4,0.0
16.62,-1,15,-24,-10,-4,-5,-25,-12,0.0
16.625,-5,-25,14,21,12,6,3,-2,0.0
16.63,4,17,-6,-17,-21,-1,11,4,0.0
16.635,-5,1,-13,-3,2,-3,-3,-5,0.0
16.64,4,2,-3,-38,-9,-7,2,2,0.0
16.645,-3,9,8,-6,10,6,-4,-9,0.0
16.65,0,-2,57,61,0,1,7,0,0.0
16.655,-5,1,-92,-86,0,-3,-6,-2,0.0
16.66,0,-6,-9,-38,-11,-3,1,4,0.0
16.665,0,0,37,21,-11,-3,-4,6,0.0
16.67,1,9,27,32,8,4,7,4,0.0
16.675,0,-8,-18,23,6,0,-7,-7,0.0
16.68,2,8,30,13,4,-2,0,-2,0.0
16.685,-9,-25,-93,-57,-11,-13,-1,-6,0.0
16.69,5,14,30,19,0,0,-1,0,0.0
16.695,-2,0,39,16,11,0,-5,-7,0.0
16.7,1,-8,-25,-18,-5,3,4,5,0.0
16.705000000000002,5,0,22,33,-7,-5,0,6,0.0
16.71,-2,24,69,14,8,0,1,-22,0.0
16.715,-1,7,17,53,12,4,-11,-9,0.0
16.72,-16,-56,-84,-70,-21,-14,-17,-15,0.0
16.725,5,30,-22,-45,-10,-1,36,11,0.0
16.73,3,-16,-43,-32,-3,1,7,41,0.0
16.735,8,7,58,4,3,11,117,30,0.0
16.740000000000002,1,16,80,94,9,-11,-41,5,0.0
16.745,13,12,64,60,19,30,95,23,0.0
16.75,-18,-15,-88,-50,-16,-27,-119,-96,0.0
16.755,-11,-3,2,-67,-16,-16,-3,-53,0.0
16.76,17,22,16,75,12,17,92,89,0.0
16.765,-12,-12,-57,1,-6,-7,-7,-2,0.0
16.77,19,11,-13,-62,-5,26,127,127,0.0
16.775,-7,-22,-45,55,-3,-19,-128,-5,0.0
16.78,-25,-2,-44,-41,-14,-21,0,-101,0.0
16.785,13,10,3,-32,-8,-8,-48,-38,0.0
16.79,-4,-14,26,57,9,7,56,64,0.0
16.795,-1,-8,-27,10,0,4,-17,-60,0.0
16.8,15,26,34,26,8,7,-17,51,0.0
16.805,-8,10,21,14,4,9,76,45,0.0
16.81,-6,-22,-59,-43,-13,-14,-98,12,0.0
16.815,-10,-6,20,-25,-1,-4,-93,-79,0.0
16.82,1,6,14,18,-1,1,-5,-2,0.0
16.825,-9,-28,-30,-6,1,-2,-29,-33,0.0
16.830000000000002,6,8,-3,4,3,-4,2,-15,0.0
16.835,8,49,55,2,0,2,40,121,0.0
16.84,-13,-38,-24,-20,-4,-2,-16,-16,0.0
16.845,-8,-27,-36,-10,-8,-6,-33,-41,0.0
16.85,-5,-16,8,3,6,0,11,2,0.0
16.855,4,-3,-6,27,7,7,24,23,0.0
16.86,9,-2,4,-30,-18,-1,8,18,0.0
16.865000000000002,-3,-31,8,-15,0,-2,-31,0,0.0
16.87,4,22,29,41,-3,-2,59,4,0.0
16.875,7,17,-39,-15,14,-3,-41,-61,0.0
16.88,0,-4,-16,-17,-9,3,-3,12,0.0
16.885,-14,-24,-28,-58,-9,-11,-15,12,0.0
16.89,3,14,-10,-15,-4,-6,-14,-27,0.0
16.895,-5,-23,53,33,1,7,59,82,0.0
16.9,-1,28,30,44,17,2,-18,-47,0.0
16.905,13,49,-26,-17,-5,-2,-15,31,0.0
16.91,-3,20,28,20,6,2,-18,-51,0.0
16.915,-8,-3,-31,-19,5,4,22,25,0.0
16.92,-12,-50,57,-6,-11,-10,-5,12,0.0
16.925,-13,-33,-59,-7,-27,-7,-3,-5,0.0
16.93,-7,-24,42,-13,-6,-8,-29,-17,0.0
16.935,9,-16,68,16,16,10,20,23,0.0
16.94,18,49,-36,14,-2,-2,21,30,0.0
16.945,-6,1,44,37,29,10,-26,-23,0.0
16.95,-4,-73,-113,-13,0,8,-5,-15,0.0
16.955000000000002,-11,15,17,-57,-35,-9,-5,-13,0.0
16.96,-6,4,10,25,-15,-2,10,-1,0.0
16.965,-1,23,85,-5,5,-3,-2,22,0.0
16.97,8,53,6,40,10,-2,-3,-2,0.0
16.975,-3,-2,-38,1,16,1,6,-7,0.0
16.98,-1,-12,-39,-34,-12,-6,-7,-10,0.0
16.985,5,10,13,-1,-3,0,4,-2,0.0
16.990000000000002,-6,-6,5,-5,-4,-2,-5,-11,0.0
16.995,2,-8,9,15,-6,-5,6,8,0.0
17.0,5,9,14,0,13,4,9,5,0.0
17.005,-3,-15,7,37,1,1,-1,-10,0.0
17.01,-5,-14,-12,-63,-10,-1,-8,-4,0.0
17.015,-8,-11,-4,3,-16,-10,-4,-1,0.0
17.02,7,12,-5,6,14,9,6,34,0.0
17.025,-4,-6,6,-21,-5,-4,-9,-33,0.0
17.03,-2,3,-10,3,-4,-1,6,10,0.0
17.035,6,3,-2,4,-4,6,52,33,0.0
17.04,1,6,13,-10,7,10,34,24,0.0
17.045,2,-8,7,30,0,-4,32,29,0.0
17.05,-4,-16,-48,9,-6,-5,-56,-8,0.0
17.055,-10,-18,-10,-41,-9,-16,23,-8,0.0
17.06,-5,-4,-12,-15,1,-1,-10,-59,0.0
17.065,-4,-12,-16,-7,-4,0,-21,-22,0.0
17.07,13,25,20,21,3,21,127,77,0.0
17.075,-6,-8,33,58,6,-16,-115,-67,0.0
17.080000000000002,-7,-17,-49,-70,-4,-7,-6,-38,0.0
17.085,-2,-9,-22,-48,-3,-5,-1,24,0.0
17.09,-9,3,-3,-18,-5,-8,-24,-50,0.0
17.095,11,-6,-1,6,5,9,18,31,0.0
17.1,4,9,26,26,-2,-1,3,28,0.0
17.105,-3,22,45,58,1,1,-21,-75,0.0
17.11,2,-21,42,54,9,6,8,12,0.0
17.115000000000002,6,15,-80,-103,-21,-3,51,31,0.0
17.12,-11,-4,18,22,-1,-11,-70,-23,0.0
17.125,3,3,4,-11,0,4,71,15,0.0
17.13,2,9,52,47,10,4,-59,-9,0.0
17.135,6,15,32,43,12,5,7,2,0.0
17.14,3,-25,13,-10,2,3,-1,-10,0.0
17.145,15,62,49,16,3,10,29,53,0.0
17.150000000000002,3,7,-3,-1,4,-5,35,25,0.0
17.155,-11,-1,-21,-8,-5,-6,32,29,0.0
17.16,-6,-51,2,-2,2,-3,25,31,0.0
17.165,-12,-25,20,2,4,1,-22,-25,0.0
17.17,8,-3,-8,-24,-8,3,63,61,0.0
17.175,-4,10,-5,-5,0,8,-14,-18,0.0
17.18,1,66,41,29,2,-3,-11,-4,0.0
17.185,-2,-99,-17,2,-2,-6,1,11,0.0
17.19,-3,18,20,-19,-8,-9,-15,39,0.0
17.195,5,32,50,23,4,4,-6,-8,0.0
17.2,3,0,-20,27,0,-1,-10,-15,0.0
17.205000000000002,-5,-18,13,-9,0,7,5,26,0.0
17.21,-28,-57,-69,-57,-8,-8,-27,-31,0.0
17.215,5,-4,3,26,5,2,-21,-6,0.0
17.22,4,8,4,-2,1,4,24,28,0.0
17.225,1,17,-54,-5,-19,-12,-21,-5,0.0
17.23,2,-32,39,3,2,-2,-19,-37,0.0
17.235,8,74,32,38,18,11,16,8,0.0
17.240000000000002,-6,-91,-100,-35,-31,-12,-1,-12,0.0
17.245,10,42,14,-13,-1,-4,-8,10,0.0
17.25,0,-1,72,24,13,1,-11,-31,0.0
17.255,13,37,-15,-16,7,5,4,-16,0.0
17.26,-4,-25,-16,-8,-17,-1,12,24,0.0
17.265,0,19,43,26,2,-2,-15,-17,0.0
17.27,11,34,-33,-11,11,13,14,21,0.0
17.275000000000002,-26,-69,-72,-18,-23,-18,-12,-9,0.0
17.28,-5,36,84,-23,-3,2,2,-8,0.0
17.285,0,-3,17,1,2,1,1,3,0.0
17.29,14,52,58,19,7,4,-5,-17,0.0
17.295,-7,-49,-55,-41,3,0,-8,-1,0.0
17.3,-7,-12,-42,25,1,-6,-8,-15,0.0
17.305,-2,-4,-11,-20,2,3,0,5,0.0
17.31,-6,-5,-15,0,-9,-9,-11,-15,0.0
17.315,-3,-29,3,9,-7,-1,-2,-8,0.0
17.32,3,15,25,8,7,4,6,7,0.0
17.325,5,21,27,14,7,-3,-1,10,0.0
17.330000000000002,-7,-6,-41,6,-9,-2,-1,22,0.0
17.335,-6,-16,-13,-27,-10,-1,-3,-14,0.0
17.34,5,22,42,13,8,1,-2,0,0.0
17.345,-5,-25,-96,-6,1,10,33,30,0.0
17.35,-6,-18,-52,-67,-19,-4,79,-1,0.0
17.355,-10,-14,60,26,0,-26,-98,-91,0.0
17.36,0,12,-1,11,19,8,38,-14,0.0
17.365000000000002,1,0,1,-22,-8,-9,-3,-18,0.0
17.37,0,-6,-10,9,-8,0,19,1,0.0
17.375,-3,-12,2,24,8,11,19,41,0.0
17.38,0,-10,12,-16,2,0,-16,-48,0.0
17.385,-9,-16,-64,-21,-9,1,53,56,0.0
17.39,-1,20,16,3,-4,-10,-103,-78,0.0
17.395,5,9,38,22,-2,0,30,-45,0.0
17.400000000000002,-1,-6,-23,-62,-5,-8,-6,54,0.0
17.405,-10,-12,35,35,7,-4,-61,-96,0.0
17.41,-10,-39,-69,-42,-10,-9,-5,14,0.0
17.415,-3,-15,10,-16,-5,0,6,30,0.0
17.42,-2,13,7,15,-2,-2,-13,3,0.0
17.425,6,9,30,25,5,-4,76,43,0.0
17.43,-7,-27,30,42,9,5,-52,-36,0.0
17.435,8,14,-44,-19,-3,6,43,4,0.0
17.44,2,11,-36,-31,-8,0,-10,-17,0.0
17.445,-4,-24,-17,-33,-8,-15,-6,28,0.0
17.45,-3,0,24,16,-4,-6,-91,-24,0.0
17.455000000000002,-1,8,17,23,2,7,45,47,0.0
17.46,6,-1,-7,13,5,11,14,20,0.0
17.465,-2,8,-16,-7,-1,-7,-37,-22,0.0
17.47,0,17,-4,0,-2,-2,43,32,0.0
17.475,-2,-3,1,-7,-4,-4,-30,-16,0.0
17.48,4,6,-8,-2,3,-2,-1,-5,0.0
17.485,-3,1,10,3,-4,3,-26,-8,0.0
17.490000000000002,4,15,5,-5,-4,-16,-5,0,0.0
17.495,-1,10,-28,-16,4,9,3,12,0.0
17.5,-2,-13,18,19,2,1,5,-4,0.0
17.505,-13,-8,15,2,4,11,14,12,0.0
17.51,1,12,-3,-9,-10,-12,21,1,0.0
17.515,4,2,23,-3,-3,-2,-1,14,0.0
17.52,2,11,-3,14,3,-9,-16,1,0.0
17.525000000000002,0,4,-10,1,-2,1,-27,-20,0.0
17.53,0,2,0,-24,-1,2,16,0,0.0
17.535,-1,-6,-8,2,-4,-4,-13,6,0.0
17.54,-2,-1,0,11,14,7,6,4,0.0
17.545,2,3,-5,5,-21,-8,-8,1,0.0
17.55,-2,-6,-15,-16,6,0,16,-3,0.0
17.555,7,22,58,17,8,6,9,14,0.0
17.56,-15,-30,-52,-6,-6,-9,-9,-8,0.0
17.565,4,8,27,-26,0,1,-6,-11,0.0
17.57,6,10,35,9,1,3,8,11,0.0
17.575,-13,-42,-75,-22,-6,-7,-11,-9,0.0
17.580000000000002,4,7,54,12,1,0,5,3,0.0
17.585,0,-3,-20,2,4,-3,-10,-5,0.0
17.59,-1,2,23,6,-4,4,12,8,0.0
17.595,0,-4,11,-3,3,-2,1,12,0.0
17.6,-1,0,-5,5,0,0,1,-1,0.0
17.605,2,-5,-14,-9,-5,-3,5,23,0.0
17.61,-8,-3,1,1,4,5,-3,-58,0.0
17.615000000000002,-2,-7,4,7,0,0,1,-4,0.0
17.62,0,-7,-17,-5,-7,-5,2,2,0.0
17.625,1,1,27,-1,1,-4,-3,3,0.0
17.63,-2,-12,-28,3,4,2,-1,20,0.0
17.635,0,-5,16,4,-4,4,3,-6,0.0
17.64,-3,3,23,1,-4,-3,1,-5,0.0
17.645,1,3,18,21,7,-3,-19,-11,0.0
17.650000000000002,-2,-17,-53,-4,-5,3,15,15,0.0
17.655,-2,-2,-10,-49,-10,-16,-12,-8,0.0
17.66,0,2,18,1,0,3,-16,1,0.0
17.665,0,5,6,9,1,10,26,-4,0.0
17.67,4,12,40,34,6,0,-13,7,0.0
17.675,-3,0,50,36,3,-12,-41,-9,0.0
17.68,-2,2,-52,-55,-2,-1,5,-1,0.0
17.685,-2,-3,-3,-12,-6,-7,-14,-8,0.0
17.69,-1,4,-21,-2,-1,5,17,3,0.0
17.695,4,16,23,19,2,4,13,2,0.0
17.7,-6,-1,-23,-16,-1,-3,-5,-3,0.0
17.705000000000002,1,0,-14,0,-2,2,1,-2,0.0
17.71,-5,7,-22,-13,1,-1,9,7,0.0
17.715,-3,1,-21,5,-7,-6,-1,-3,0.0
17.72,3,4,41,40,3,1,-2,2,0.0
17.725,-2,7,-14,-17,0,4,3,-13,0.0
17.73,5,2,10,-6,-3,-7,-5,5,0.0
17.735,-8,-5,-39,-20,1,1,2,1,0.0
17.740000000000002,-1,-3,14,12,0,3,7,-4,0.0
17.745,0,3,-9,-5,-1,-2,-7,0,0.0
17.75,0,5,23,11,-1,-4,-6,-2,0.0
17.755,2,1,-6,-9,-7,2,4,2,0.0
17.76,1,-1,7,-8,1,0,4,2,0.0
17.765,-1,-5,-24,4,3,-3,-4,-2,0.0
17.77,-3,-11,-4,-1,-6,-4,0,2,0.0
17.775000000000002,-2,-6,-7,5,5,2,5,2,0.0
17.78,-2,1,-20,-3,-5,-3,-11,-11,0.0
17.785,-2,1,22,5,0,-4,-5,1,0.0
17.79,-7,-10,-2,-7,-6,-5,-7,-8,0.0
17.795,-1,-4,-8,-4,-1,-3,-1,-5,0.0
17.8,3,1,14,10,-1,-2,2,2,0.0
17.805,1,5,10,0,5,5,2,-2,0.0
17.81,0,-4,-4,-9,-4,-3,-2,-3,0.0
17.815,1,-2,7,6,2,0,1,5,0.0
17.82,2,4,-4,-2,-4,-3,-1,0,0.0
17.825,-3,-7,0,3,0,-1,0,1,0.0
17.830000000000002,-2,-2,-13,-9,-3,0,1,-3,0.0
17.835,-1,-1,2,-4,-2,0,-1,2,0.0
17.84,-1,-1,-8,-7,-3,-1,1,1,0.0
17.845,-3,-6,-7,-8,-2,0,-4,-5,0.0
17.85,-1,1,5,7,3,2,-1,0,0.0
17.855,-3,-12,2,-8,-1,-2,-5,0,0.0
17.86,-3,3,-4,9,-2,0,0,1,0.0
17.865000000000002,-1,-4,3,2,-4,-5,-2,-2,0.0
17.87,0,-2,-1,-6,-1,-3,-2,-2,0.0
17.875,1,0,-9,-14,-7,0,4,0,0.0
17.88,-2,-10,-22,-6,0,-1,-1,-2,0.0
17.885,-4,-4,-4,-3,-3,-3,-1,0,0.0
17.89,-3,-2,1,5,1,-2,-8,-4,0.0
17.895,-1,-1,1,3,-1,2,8,-3,0.0
17.900000000000002,-3,-13,3,4,3,0,-3,-1,0.0
17.905,-2,12,2,-5,-2,0,1,-1,0.0
17.91,0,-4,-16,-8,-3,0,-1,-2,0.0
17.915,0,-4,-3,2,-2,-3,-3,-1,0.0
17.92,-4,-9,-2,0,-1,-1,0,-4,0.0
17.925,4,6,-10,-3,-1,-2,-3,0,0.0
17.93,-3,2,13,-2,-1,0,0,-2,0.0
17.935,0,1,2,1,1,-3,-5,2,0.0
17.94,-1,3,1,-2,-4,0,0,-2,0.0
17.945,2,3,-8,-9,-1,-1,-3,-1,0.0
17.95,0,16,-2,7,3,-1,0,0,0.0
17.955000000000002,-7,-2,17,1,1,2,1,-3,0.0
17.96,1,4,5,-3,-2,-2,1,1,0.0
17.965,-1,-7,0,-3,1,0,-4,-2,0.0
17.97,-2,-10,0,3,-1,0,0,-4,0.0
17.975,0,3,-1,2,-2,-2,-2,-2,0.0
17.98,-1,0,6,0,-1,-3,-1,0,0.0
17.985,-2,-4,4,-3,-3,0,0,0,0.0
17.990000000000002,-2,-7,-1,-4,1,1,3,-2,0.0
17.995,1,2,-6,-1,-3,1,0,-5,0.0
18.0,-3,-3,4,-1,-1,-2,1,7,0.0
18.005,-1,-6,-6,0,-1,1,6,-2,0.0
18.01,-1,-4,-2,-2,-2,-8,-12,1,0.0
18.015,-1,-1,-6,0,-2,1,-2,-10,0.0
18.02,-5,0,1,1,-2,-2,-6,-24,0.0
18.025000000000002,-1,-4,-1,2,-1,0,1,3,0.0
18.03,-2,-3,1,-2,1,2,4,2,0.0
18.035,1,-2,-10,-5,1,6,29,30,0.0
18.04,-2,2,5,-1,-3,-6,-31,-59,0.0
18.045,1,0,1,1,0,-2,38,21,0.0
18.05,-7,-8,0,-3,-4,-18,-90,-58,0.0
18.055,4,5,-1,4,0,2,2,20,0.0
18.06,-4,-1,-10,-7,-7,-7,-38,14,0.0
18.065,-1,4,4,-20,-64,-14,4,16,0.0
18.07,4,-5,-12,0,17,26,101,92,0.0
18.075,-3,-5,3,38,27,3,-46,-44,0.0
18.080000000000002,5,6,0,22,30,-2,-29,70,0.0
18.085,6,-1,-1,6,40,1,50,59,0.0
18.09,-15,-5,6,-3,-8,-24,-10,6,0.0
18.095,-4,-5,1,-18,-25,-5,88,70,0.0
18.1,2,-5,-7,0,-4,4,81,23,0.0
18.105,2,1,4,1,-15,19,16,29,0.0
18.11,2,-1,-6,-16,-37,-3,-3,-16,0.0
18.115000000000002,2,0,6,-1,12,3,-6,-31,0.0
18.12,0,6,-2,-11,-15,-3,-4,-16,0.0
18.125,-3,-4,-6,-5,19,-6,-40,-28,0.0
18.13,0,3,-2,12,32,14,12,-12,0.0
18.135,-2,0,2,4,-1,-16,-55,-25,0.0
18.14,-5,-7,10,4,-14,-6,14,17,0.0
18.145,0,-17,2,-1,-4,8,-5,-26,0.0
18.150000000000002,-12,-10,-16,-21,3,15,48,16,0.0
18.155,-4,-2,-11,-17,-12,-25,-47,18,0.0
18.16,-2,0,0,-8,0,-3,9,-15,0.0
18.165,0,1,22,7,1,-12,-109,-43,0.0
18.17,5,2,22,9,-1,4,4,6,0.0
18.175,2,3,-10,-10,-4,8,43,21,0.0
18.18,-4,-6,4,1,-3,8,26,8,0.0
18.185,-4,4,-3,-3,4,-4,7,-10,0.0
18.19,3,-4,8,8,-5,-12,-11,-2,0.0
18.195,-7,-4,4,-2,-5,-4,-12,-27,0.0
18.2,-1,-2,23,10,7,1,-38,-15,0.0
18.205000000000002,-3,5,-63,-13,-1,2,29,9,0.0
18.21,6,0,-10,-19,-4,1,2,10,0.0
18.215,-2,-1,8,7,-3,2,14,-1,0.0
18.22,2,-1,4,-5,1,3,9,-2,0.0
18.225,1,5,5,6,5,1,21,18,0.0
18.23,-2,2,2,3,-1,-1,-10,-21,0.0
18.235,1,-3,-17,-19,-1,0,-9,-7,0.0
18.240000000000002,2,-5,9,8,0,0,12,12,0.0
18.245,-8,7,-2,6,1,-6,-11,-20,0.0
18.25,-4,-3,-9,-10,-8,-9,-13,-14,0.0
18.255,-4,-1,-2,-17,-6,0,7,-5,0.0
18.26,1,-4,-14,-10,-6,1,3,14,0.0
18.265,2,4,5,5,-3,-7,9,9,0.0
18.27,1,-6,-6,12,5,1,-3,-9,0.0
18.275000000000002,1,8,18,11,-2,-1,4,-4,0.0
18.28,-3,15,-6,-5,1,7,12,1,0.0
18.285,-12,-26,25,4,2,-2,-4,-11,0.0
18.29,6,43,-5,3,-1,0,4,12,0.0
18.295,-6,-8,20,7,4,0,-6,-2,0.0
18.3,4,2,9,-8,-21,-9,-1,13,0.0
18.305,4,-1,0,-6,0,-4,-3,-11,0.0
18.31,-21,-32,7,7,5,8,6,2,0.0
18.315,0,-18,-64,-11,-10,-14,-9,-37,0.0
18.32,-33,-7,15,11,11,2,3,-7,0.0
18.325,-7,-52,-26,4,15,11,11,-1,0.0
18.330000000000002,2,36,0,9,-8,-9,-4,-20,0.0
18.335,1,0,-9,-12,-20,-1,5,9,0.0
18.34,11,8,-16,-23,-7,-6,-4,-2,0.0
18.345,4,19,5,-10,-6,-1,-2,1,0.0
18.35,-11,-37,-14,3,18,9,5,-4,0.0
18.355,-4,-6,23,30,37,6,-5,-23,0.0
18.36,6,22,-12,10,-37,-13,-7,12,0.0
18.365000000000002,-2,1,4,9,-13,-7,0,-2,0.0
18.37,7,-5,-8,5,-1,-7,-14,-1,0.0
18.375,3,79,41,-15,-7,15,12,15,0.0
18.38,11,-23,-12,6,20,8,8,-7,0.0
18.385,-9,-13,-3,-16,3,-1,-3,-7,0.0
18.39,1,-7,9,-4,-18,-13,-1,7,0.0
18.395,5,-1,20,-6,2,1,-1,7,0.0
18.400000000000002,9,22,20,2,17,1,-4,-5,0.0
18.405,-17,-25,-28,-31,-13,-4,0,-2,0.0
18.41,6,23,-44,1,-12,-7,-6,3,0.0
18.415,-5,-46,29,3,-5,-1,-1,5,0.0
18.42,-1,2,-25,-8,5,4,-1,3,0.0
18.425,0,11,61,6,1,-2,5,-5,0.0
18.43,5,9,-12,9,6,3,15,6,0.0
18.435,1,-7,95,63,5,10,-10,16,0.0
18.44,-9,-21,-58,-39,-10,-12,-4,-7,0.0
18.445,6,13,-3,-18,2,3,13,19,0.0
18.45,-2,-18,-4,-8,-13,-10,-8,8,0.0
18.455000000000002,5,12,7,5,-5,-10,-5,3,0.0
18.46,-1,3,30,43,19,17,12,25,0.0
18.465,4,5,-9,15,-7,-7,56,-22,0.0
18.47,-1,-12,25,-30,-4,-3,-14,-22,0.0
18.475,0,-5,-48,13,3,-4,18,10,0.0
18.48,-14,-11,-10,24,4,3,-61,-46,0.0
18.485,6,3,-27,-25,1,2,65,25,0.0
18.490000000000002,-16,-21,5,24,-2,-23,-86,-16,0.0
18.495,-8,-12,-29,-18,2,1,-69,-83,0.0
18.5,1,-7,13,-7,-10,-2,25,28,0.0
18.505,9,16,36,25,8,5,-26,9,0.0
18.51,7,10,61,45,-3,5,22,11,0.0
18.515,-8,-16,-57,-33,-20,-10,3,19,0.0
18.52,-8,-16,-50,-48,-3,-8,-10,-22,0.0
18.525000000000002,-1,7,33,18,10,7,-22,-8,0.0
18.53,-3,-5,-13,-1,9,0,20,16,0.0
18.535,-1,-1,-1,2,0,1,19,12,0.0
18.54,7,14,36,28,-2,2,15,4,0.0
18.545,-8,-2,-17,-30,-16,-16,-31,-10,0.0
18.55,2,-8,-7,2,-13,2,17,2,0.0
18.555,4,1,8,2,0,7,15,16,0.0
18.56,7,0,-5,-2,17,7,19,-1,0.0
18.565,-7,0,19,27,6,-4,-10,-3,0.0
18.57,2,2,-7,-21,-1,3,16,1,0.0
18.575,-4,-6,-32,-27,-9,-16,-22,1,0.0
18.580000000000002,0,0,27,1,-9,-6,-7,-1,0.0
18.585,0,-3,-22,1,-2,5,-10,-2,0.0
18.59,-1,-1,16,-8,-1,11,24,7,0.0
18.595,1,3,-15,-6,2,3,21,10,0.0
18.6,-2,-3,4,-3,2,3,12,-4,0.0
18.605,1,0,-9,3,-5,-6,-15,-3,0.0
18.61,-2,-1,-7,-8,2,-3,-6,-12,0.0
18.615000000000002,1,0,6,0,1,3,2,5,0.0
18.62,-3,-6,8,5,-3,-2,0,0,0.0
18.625,-4,0,-9,3,-5,-5,-15,-15,0.0
18.63,4,3,4,-8,1,-2,-16,15,0.0
18.635,-3,-3,-8,1,-3,-2,15,8,0.0
18.64,-2,-1,7,1,0,-1,-18,-13,0.0
18.645,-1,1,-6,-2,2,6,20,-10,0.0
18.650000000000002,-2,-2,-3,-13,-3,-19,-56,-4,0.0
18.655,-5,-5,2,2,6,8,41,10,0.0
18.66,-1,1,-4,1,-5,-1,-31,1,0.0
18.665,-5,-4,-1,-2,-2,-7,-12,-25,0.0
18.67,-3,-10,2,-3,-1,5,9,-23,0.0
18.675,2,5,-5,1,-4,1,2,8,0.0
18.68,3,4,2,-4,-3,-3,6,12,0.0
18.685,0,-2,-8,-3,-3,-1,-7,6,0.0
18.69,0,18,-2,3,4,7,22,-1,0.0
18.695,1,2,19,-1,2,3,7,14,0.0
18.7,-4,-2,-4,-3,-2,-10,-2,-26,0.0
18.705000000000002,2,0,3,4,1,0,-11,15,0.0
18.71,2,1,-11,-4,0,3,21,-9,0.0
18.715,0,-1,-5,-1,1,1,9,8,0.0
18.72,-4,-1,4,1,-2,-9,-23,-6,0.0
18.725,-2,-2,-3,-6,-4,-1,-4,5,0.0
18.73,-8,5,-13,-6,-2,-1,-4,1,0.0
18.735,-18,-15,9,1,-1,-2,2,-17,0.0
18.740000000000002,-21,-9,2,-5,-2,1,19,2,0.0
18.745,-9,-4,-6,4,-1,-4,-4,-11,0.0
18.75,-7,1,6,-4,-1,0,-2,7,0.0
18.755,-4,0,-14,-4,-6,-9,-19,3,0.0
18.76,-9,-3,-3,-4,-5,-8,7,-2,0.0
18.765,10,5,-6,-2,1,5,-2,12,0.0
18.77,9,4,-6,3,-2,-2,-3,-7,0.0
18.775000000000002,9,-10,4,-6,-2,0,-5,8,0.0
18.78,13,-6,-11,-1,-2,-2,0,18,0.0
18.785,1,-4,0,1,0,2,4,-4,0.0
18.79,7,-7,2,-1,1,1,6,8,0.0
18.795,4,6,-5,-11,-4,-5,-2,-6,0.0
18.8,1,-2,0,-1,2,-2,-3,-10,0.0
18.805,-1,-5,-1,3,-1,-1,-3,3,0.0
18.81,-1,-8,7,0,-2,-4,0,0,0.0
18.815,-1,0,17,9,2,2,10,-6,0.0
18.82,2,6,-14,-5,-3,0,-9,-1,0.0
18.825,-3,-5,3,0,-3,-6,-2,-4,0.0
18.830000000000002,-4,-2,3,-4,-1,6,4,1,0.0
18.835,-3,1,-9,0,-3,-3,-5,-3,0.0
18.84,-1,-3,3,5,-2,-1,1,-13,0.0
18.845,-8,-7,-3,-8,-6,-6,-16,6,0.0
18.85,-4,-5,-1,-2,0,5,5,1,0.0
18.855,1,-24,-27,-5,-3,-8,-10,-11,0.0
18.86,4,-12,5,-3,2,1,9,11,0.0
18.865000000000002,2,7,-3,0,-2,0,-1,1,0.0
18.87,-6,-13,0,0,2,0,3,-12,0.0
18.875,1,4,11,5,0,-2,-2,9,0.0
18.88,-3,-5,-13,-9,-6,-6,-7,-12,0.0
18.885,0,-2,2,-3,-3,-3,4,-4,0.0
18.89,7,5,-4,-3,-2,-2,-3,3,0.0
18.895,-1,13,2,5,1,2,-2,-8,0.0
18.900000000000002,-1,1,6,4,2,3,11,5,0.0
18.905,1,16,2,1,2,2,-4,0,0.0
18.91,-4,7,2,0,-2,-1,0,-8,0.0
18.915,0,6,0,-3,-2,-4,-12,-5,0.0
18.92,1,-3,-6,-4,-2,1,2,-4,0.0
18.925,2,-5,-3,-2,1,2,5,10,0.0
18.93,-2,-9,13,3,0,0,-1,-5,0.0
18.935,-1,-10,-10,-10,-2,-2,0,-4,0.0
18.94,1,-2,3,0,-3,-1,1,2,0.0
18.945,0,-11,1,3,0,1,2,-3,0.0
18.95,-2,-5,1,-1,0,0,-1,6,0.0
18.955000000000002,-2,-2,-3,-2,-3,-2,-7,-7,0.0
18.96,1,6,-3,-3,0,-2,2,4,0.0
18.965,-2,1,-5,-2,-4,-3,0,-4,0.0
18.97,1,1,8,3,-1,-1,-6,4,0.0
18.975,-1,5,-16,-7,-4,-6,0,-3,0.0
18.98,2,12,8,1,1,0,0,4,0.0
18.985,-4,4,-4,1,1,-2,-5,-4,0.0
18.990000000000002,-2,1,-5,-9,-2,-3,-2,0,0.0
18.995,-2,-4,2,3,1,2,1,-18,0.0
19.0,1,7,-3,-2,-2,0,0,14,0.0
19.005,-2,-2,3,0,0,-3,-6,-3,0.0
19.01,-3,-1,-6,-1,-3,-1,6,2,0.0
19.015,5,4,1,1,1,-3,-11,3,0.0
19.02,-4,3,-3,2,-2,-2,1,-7,0.0
19.025000000000002,1,7,-4,-2,-1,0,3,1,0.0
19.03,-2,2,-3,3,1,2,2,1,0.0
19.035,-1,-1,-1,-3,-1,-2,-4,1,0.0
19.04,0,-3,4,-1,0,1,2,-4,0.0
19.045,0,-1,3,-1,-1,-2,3,0,0.0
19.05,-1,1,1,4,1,-2,-1,-2,0.0
19.055,-2,-2,0,-3,-4,-5,-2,-1,0.0
19.06,-4,-4,-13,-5,-2,-4,-11,-8,0.0
19.065,-3,-2,-4,0,2,2,3,-4,0.0
19.07,0,-4,8,1,-2,-2,0,1,0.0
19.075,0,6,-11,-2,-3,-2,3,3,0.0
19.080000000000002,0,-6,6,1,-1,0,2,-2,0.0
19.085,0,-6,0,-6,-3,-1,-1,2,0.0
19.09,-1,-3,-2,-4,0,2,2,3,0.0
19.095,-2,-2,-6,-1,-2,1,5,2,0.0
19.1,-3,-8,-18,-5,-2,-4,-7,-4,0.0
19.105,0,2,7,5,1,2,3,0,0.0
19.11,-3,-3,4,-2,-1,-3,-6,-3,0.0
19.115000000000002,1,9,3,-2,-2,-1,-3,-15,0.0
19.12,2,0,13,4,1,1,5,19,0.0
19.125,-1,-5,8,0,-2,-3,0,-1,0.0
19.13,5,2,-8,-4,-2,1,0,14,0.0
19.135,-1,-3,2,2,0,1,-3,1,0.0
19.14,-3,-2,-5,-3,-2,-2,-1,-8,0.0
19.145,0,-4,-14,-1,0,1,-1,-10,0.0
19.150000000000002,-2,-4,2,-6,-3,-3,-4,-9,0.0
19.155,0,-7,-14,-6,-2,-4,2,8,0.0
19.16,-3,4,-5,-6,-5,-3,-7,-32,0.0
19.165,0,-6,-2,-1,-1,7,13,13,0.0
19.17,-2,-1,-3,0,-2,-8,-10,-9,0.0
19.175,-1,-7,12,6,2,3,12,18,0.0
19.18,-3,-8,2,-3,-2,-2,-10,-39,0.0
19.185,-4,0,-5,-2,-1,0,-6,2,0.0
19.19,-4,4,-9,-4,-3,-6,2,-11,0.0
19.195,2,-5,-9,-3,-3,0,2,12,0.0
19.2,4,1,10,1,3,3,13,15,0.0
19.205000000000002,3,4,-8,-1,0,2,6,-8,0.0
19.21,-6,0,-15,-6,-4,-5,-11,-3,0.0
19.215,-5,0,0,2,2,-3,-14,-22,0.0
19.22,-2,5,9,4,0,1,5,6,0.0
19.225,-1,-4,0,-4,-2,-4,-4,4,0.0
19.23,-3,-7,5,0,-2,-1,-3,-11,0.0
19.235,-3,4,6,0,-3,-3,-9,-3,0.0
19.240000000000002,2,5,-4,1,2,3,2,-7,0.0
19.245,-1,-6,-9,17,-4,-3,-1,-4,0.0
19.25,1,-1,-5,-10,1,-1,-4,-12,0.0
19.255,-4,1,4,2,3,3,1,3,0.0
19.26,1,-2,5,-1,0,0,3,-1,0.0
19.265,0,-3,-6,-1,-3,-2,-3,3,0.0
19.27,-1,-2,-9,13,-3,3,4,-1,0.0
19.275000000000002,-3,-5,-5,-22,-10,0,-2,-5,0.0
19.28,-2,-2,2,2,2,-4,-2,14,0.0
19.285,0,7,8,-16,-2,-6,-8,-5,0.0
19.29,0,-5,7,8,5,7,9,18,0.0
19.295,-1,0,-2,2,2,2,-5,-2,0.0
19.3,-5,-1,-12,-1,-7,-9,-6,10,0.0
19.305,-6,-17,4,-2,1,-4,-9,4,0.0
19.31,0,-2,-1,-6,-5,-9,-12,-8,0.0
19.315,-1,-4,2,6,2,0,-1,-10,0.0
19.32,-4,-6,-1,-2,-1,-1,-2,5,0.0
19.325,-4,-6,2,4,2,8,5,-1,0.0
19.330000000000002,0,-1,-5,-4,1,-4,9,23,0.0
19.335,-6,-6,-3,0,-3,-4,-15,-38,0.0
19.34,1,-4,-1,1,-1,-2,-1,5,0.0
19.345,-1,13,-3,-2,0,-3,-4,4,0.0
19.35,-3,-10,9,1,-1,3,5,10,0.0
19.355,1,1,6,8,1,0,3,11,0.0
19.36,-1,-10,-17,-11,-3,4,5,1,0.0
19.365000000000002,1,7,-5,-7,-2,-7,-11,-9,0.0
19.37,0,-4,-7,-4,-2,-2,0,3,0.0
19.375,-5,-24,-10,5,-1,-2,-8,-7,0.0
19.38,-1,-6,6,1,1,0,3,-3,0.0
19.385,1,-5,-1,0,-3,-2,5,6,0.0
19.39,-1,-3,-4,-3,0,0,1,-12,0.0
19.395,3,-11,3,2,0,0,0,10,0.0
19.400000000000002,2,3,1,3,0,2,19,18,0.0
19.405,-1,-1,7,-1,-2,-2,-15,-10,0.0
19.41,2,8,3,-1,-2,0,5,0,0.0
19.415,0,12,-6,0,2,-3,0,11,0.0
19.42,-5,0,-5,-3,-4,-2,-14,-23,0.0
19.425,-1,3,-3,-1,0,-1,7,0,0.0
19.43,-4,3,0,0,-1,2,-3,-3,0.0
19.435,4,6,4,-3,-2,3,9,11,0.0
19.44,-2,0,-9,-3,-2,-3,-3,3,0.0
19.445,-5,-4,1,2,0,0,-2,-7,0.0
19.45,2,3,11,2,-2,0,0,-2,0.0
19.455000000000002,0,5,-10,-6,-5,-5,-10,-1,0.0
19.46,-3,-10,-1,2,0,2,-7,-3,0.0
19.465,0,-1,3,2,-5,-4,-2,-4,0.0
19.47,1,3,-7,-3,-1,2,7,2,0.0
19.475,-1,0,-1,-1,-1,-5,-10,-6,0.0
19.48,0,4,1,-2,-1,-2,-1,9,0.0
19.485,1,14,-3,-1,0,3,3,0,0.0
19.490000000000002,-6,-20,8,-1,-2,-3,-6,-1,0.0
19.495,1,1,15,4,1,-2,4,-4,0.0
19.5,1,-1,-1,-2,-3,0,2,-1,0.0
19.505,-11,-25,4,1,4,3,-1,-8,0.0
19.51,3,10,-3,1,-3,-5,-9,-1,0.0
19.515,-3,-3,-5,-2,0,1,3,1,0.0
19.52,1,-5,9,-3,0,-1,-2,-7,0.0
19.525000000000002,1,0,-9,-3,-4,-3,-2,0,0.0
19.53,-1,-4,-3,-2,-1,1,0,-2,0.0
19.535,-3,-4,-3,2,0,-1,-3,-5,0.0
19.54,2,1,1,2,0,-1,-3,3,0.0
19.545,1,-4,3,-1,0,0,0,1,0.0
19.55,-1,7,-5,-12,-3,-1,0,-4,0.0
19.555,1,5,-3,-2,-3,-1,5,2,0.0
19.56,-4,1,-1,-1,-1,-1,-4,-4,0.0
19.565,2,-1,13,6,1,1,1,4,0.0
19.57,-2,-4,-5,-2,-2,-3,-1,-5,0.0
19.575,0,1,-4,-2,-2,-1,2,1,0.0
19.580000000000002,1,5,-1,-4,-3,-3,-6,-7,0.0
19.585,-4,-11,-3,-1,-1,-2,6,10,0.0
19.59,-4,-2,-3,4,1,0,-6,-5,0.0
19.595,1,1,-1,-2,0,1,2,3,0.0
19.6,2,3,-6,0,0,0,-3,-2,0.0
19.605,3,18,-6,-5,-4,-4,5,2,0.0
19.61,-6,-15,-10,0,1,-2,0,-4,0.0
19.615000000000002,3,14,-15,-6,-3,-3,-2,-1,0.0
19.62,-10,-15,-7,2,-1,0,-1,8,0.0
19.625,0,-3,-5,-3,-1,-5,-11,-4,0.0
19.63,1,-2,2,3,2,1,5,4,0.0
19.635,-1,-2,-1,0,0,-3,-6,-9,0.0
19.64,1,-2,1,-1,-2,0,2,8,0.0
19.645,-2,0,-3,-4,-1,0,3,3,0.0
19.650000000000002,0,1,-3,-3,-3,-2,-7,-15,0.0
19.655,-4,-22,2,-2,-2,-2,-1,5,0.0
19.66,0,-4,-3,2,1,2,4,-1,0.0
19.665,-1,12,-5,-4,-4,-4,-6,-6,0.0
19.67,-2,-8,-7,-5,-2,-1,-4,3,0.0
19.675,-6,-10,12,2,0,4,4,1,0.0
19.68,1,6,3,1,-2,-4,-5,-11,0.0
19.685,-3,-2,-6,-6,-1,0,-2,-3,0.0
19.69,0,5,-3,5,-2,-4,-9,0,0.0
19.695,-4,5,0,-5,-2,-1,-1,-1,0.0
19.7,-2,-6,0,-6,-1,1,4,1,0.0
19.705000000000002,1,-3,5,2,0,6,10,10,0.0
19.71,0,9,9,0,0,-10,-13,-22,0.0
19.715,-1,-8,-1,-2,0,0,3,3,0.0
19.72,1,8,3,2,0,-3,-12,-3,0.0
19.725,-5,-7,-3,-4,-2,-1,4,3,0.0
19.73,-1,4,-13,-6,-4,2,4,6,0.0
19.735,0,0,10,3,1,5,8,3,0.0
19.740000000000002,-1,2,0,-2,-3,-10,-22,-6,0.0
19.745,1,-3,1,4,0,-1,-4,-4,0.0
19.75,0,6,14,0,-2,1,0,7,0.0
19.755,4,11,-4,-2,-1,-1,-6,-2,0.0
19.76,-5,-4,-19,-4,-3,1,8,0,0.0
19.765,-5,-18,10,1,-2,-2,-1,-4,0.0
19.77,5,3,-2,1,-1,-4,-2,-4,0.0
19.775000000000002,-6,-1,0,-4,-2,0,2,0,0.0
19.78,2,2,0,-2,0,1,4,0,0.0
19.785,1,7,-9,-5,-2,-3,-2,-2,0.0
19.79,2,-6,4,0,0,5,9,4,0.0
19.795,-1,-2,2,2,-2,-2,0,0,0.0
19.8,-1,-7,-8,-3,-2,-9,-15,-8,0.0
19.805,4,-4,-1,-1,-2,-5,-20,-12,0.0
19.81,-5,-1,-4,0,0,2,9,32,0.0
19.815,-5,2,0,0,0,2,16,-32,0.0
19.82,-5,4,7,1,1,13,53,42,0.0
19.825,-9,-3,-7,-2,-4,-16,-87,-88,0.0
19.830000000000002,5,1,-1,0,2,6,36,30,0.0
19.835,-7,12,-8,-2,-2,-10,11,15,0.0
19.84,-8,-9,6,-2,-1,-6,-59,-30,0.0
19.845,10,1,-3,0,1,6,35,17,0.0
19.85,-6,-5,1,-1,0,-1,-30,-18,0.0
19.855,-1,0,0,-1,1,3,2,0,0.0
19.86,2,2,-2,-2,-2,2,35,33,0.0
19.865000000000002,2,6,0,-3,0,1,31,46,0.0
19.87,-3,-2,-6,-4,-2,-5,-33,-72,0.0
19.875,2,-6,-3,1,3,17,55,57,0.0
19.88,-5,-3,-6,-3,-5,-24,-62,-63,0.0
19.885,-7,-7,1,0,-2,-1,-43,-24,0.0
19.89,-2,3,8,1,1,2,32,18,0.0
19.895,8,-2,-8,-5,-3,0,13,15,0.0
19.900000000000002,1,-8,11,-3,0,0,-50,-34,0.0
19.905,0,0,10,5,4,23,83,-5,0.0
19.91,0,2,-1,-3,-3,-8,66,47,0.0
19.915,-20,-16,3,-3,-9,-35,-122,-105,0.0
19.92,2,-5,2,-2,-2,4,19,21,0.0
19.925,0,8,-3,-5,-3,-8,22,37,0.0
19.93,3,9,1,2,1,9,-23,11,0.0
19.935,-3,-23,18,-1,6,16,29,2,0.0
19.94,6,12,7,4,4,21,45,24,0.0
19.945,-9,-21,-2,5,-8,-30,-71,-15,0.0
19.95,12,10,-6,-3,1,11,58,72,0.0
19.955000000000002,-2,-4,-17,-5,-4,-24,-75,-72,0.0
19.96,-2,1,13,11,6,10,12,11,0.0
19.965,-1,11,-9,-6,0,2,11,21,0.0
19.97,0,-17,0,4,-4,-8,-37,-23,0.0
19.975,4,-10,-15,-6,-3,3,10,36,0.0
19.98,-3,-1,6,-4,-3,1,21,21,0.0
19.985,0,-6,-6,-7,-2,7,35,10,0.0
19.990000000000002,-14,-11,-16,-6,-6,-15,-48,-57,0.0
19.995,0,31,-4,-1,-2,-6,24,32,0.0
20.0,13,-14,11,7,-2,-7,-4,-38,0.0
20.005,2,1,9,6,5,8,46,61,0.0
20.01,-2,-17,4,6,1,-2,-25,2,0.0
20.015,3,9,0,-7,-1,20,86,9,0.0
20.02,-35,-8,-18,-13,-8,-21,-55,-22,0.0
20.025000000000002,26,26,15,6,1,-1,4,52,0.0
20.03,-19,-17,-3,-5,-2,-8,1,-38,0.0
20.035,-2,-3,1,1,-2,1,-6,-31,0.0
20.04,-22,-7,-28,-6,4,-1,-22,17,0.0
20.045,-4,23,-30,-10,-4,2,-8,-45,0.0
20.05,-9,-20,-6,-1,1,13,33,8,0.0
20.055,0,-4,6,4,-2,-10,-87,48,0.0
20.06,0,-7,-3,-4,-4,-6,1,-22,0.0
20.065,-10,-23,8,-1,1,-4,-12,-23,0.0
20.07,28,57,8,8,2,2,11,13,0.0
20.075,-17,-22,-6,-5,-4,-1,-8,-14,0.0
20.080000000000002,2,2,-15,-1,0,4,49,36,0.0
20.085,-14,-10,6,1,-1,-3,-22,-21,0.0
20.09,-4,2,5,-1,-2,-4,-7,3,0.0
20.095,1,11,3,3,-3,-2,20,15,0.0
20.1,5,12,11,6,11,3,6,-5,0.0
20.105,-6,-44,-22,3,0,1,6,1,0.0
20.11,-10,-10,11,-55,-22,5,-6,-13,0.0
20.115000000000002,1,-28,5,0,0,-3,5,7,0.0
20.12,12,6,9,18,10,3,12,4,0.0
20.125,-2,-28,-7,33,13,-5,-22,-21,0.0
20.13,9,1,-19,-63,-12,-5,6,10,0.0
20.135,11,9,6,20,12,-2,-1,0,0.0
20.14,6,-5,9,13,7,1,12,6,0.0
20.145,17,28,-5,-67,-47,-7,9,9,0.0
20.150000000000002,4,-1,3,19,7,-5,-12,-8,0.0
20.155,5,9,-1,0,-3,2,13,6,0.0
20.16,5,-7,-5,-12,13,1,-2,-5,0.0
20.165,0,14,-8,43,11,1,-3,-6,0.0
20.17,0,-6,3,13,-3,-5,-4,6,0.0
20.175,2,2,-2,-15,2,1,-2,-3,0.0
20.18,4,5,-5,16,-9,1,9,11,0.0
20.185,-3,2,8,2,0,0,-2,-2,0.0
20.19,-5,-3,-2,-25,-7,-6,-5,-4,0.0
20.195,-3,-9,0,9,1,1,6,1,0.0
20.2,1,5,3,-17,-14,-8,3,0,0.0
20.205000000000002,-6,-1,0,-7,-4,-2,2,5,0.0
20.21,-2,-6,2,23,12,3,-11,-5,0.0
20.215,3,9,-3,8,4,-1,1,3,0.0
20.22,-1,-4,-6,-11,-2,3,6,3,0.0
20.225,-1,-2,3,-5,9,2,1,-4,0.0
20.23,1,0,-1,20,-3,-1,-1,13,0.0
20.235,-4,-1,1,-8,-6,4,52,20,0.0
20.240000000000002,-11,-6,-4,-2,-4,-18,-81,-82,0.0
20.245,-3,-4,8,3,2,-5,-4,0,0.0
20.25,-5,-6,-10,4,0,-4,-6,4,0.0
20.255,2,9,-9,-9,-9,2,4,11,0.0
20.26,-2,-14,-13,-10,-3,5,27,16,0.0
20.265,-4,7,2,-2,3,8,2,-4,0.0
20.27,-2,-3,-3,2,-4,-10,-12,-11,0.0
20.275000000000002,-1,-2,-3,-2,2,-1,-17,-5,0.0
20.28,-1,11,1,1,-4,1,8,12,0.0
20.285,0,1,-10,-13,-5,-3,-14,-5,0.0
20.29,-2,-3,3,8,5,-5,-17,-1,0.0
20.295,2,-1,6,11,1,-2,-3,-7,0.0
20.3,6,3,-1,-7,-7,-2,5,10,0.0
20.305,0,-3,3,-8,-2,2,14,6,0.0
20.31,0,2,-4,-1,3,3,5,-7,0.0
20.315,-1,-3,-4,-2,0,-1,-10,-6,0.0
20.32,-7,-11,-4,-6,-8,-2,4,-3,0.0
20.325,-1,-6,4,-2,2,0,0,0,0.0
20.330000000000002,0,-2,3,10,2,-2,4,-2,0.0
20.335,-2,-7,0,-1,-4,-5,-14,-8,0.0
20.34,2,-1,-1,0,-1,4,22,16,0.0
20.345,-5,-9,-6,-4,1,-3,-5,-5,0.0
20.35,0,0,0,5,1,0,-2,-3,0.0
20.355,0,-1,2,-5,-5,-1,-1,1,0.0
20.36,1,16,-21,-10,-5,-4,-1,4,0.0
20.365000000000002,-2,-2,11,7,1,4,5,0,0.0
20.37,-2,3,4,2,0,-2,9,5,0.0
20.375,-5,-2,-2,-4,0,-2,-9,-11,0.0
20.38,0,0,3,0,-3,0,3,1,0.0
20.385,-1,2,-3,-5,-3,-4,-5,-3,0.0
20.39,0,-1,-3,-1,1,3,15,5,0.0
20.395,-3,0,0,6,-1,1,5,1,0.0
20.400000000000002,4,11,8,-3,-4,-4,-1,4,0.0
20.405,-3,-1,4,0,0,-1,4,-1,0.0
20.41,-3,-2,-1,1,2,0,-5,-4,0.0
20.415,0,0,-5,-6,-3,-2,-5,-3,0.0
20.42,-1,-4,-1,0,-1,0,-1,0,0.0
20.425,-1,1,-2,-3,-1,-1,-2,-1,0.0
20.43,1,4,-1,2,-1,-1,1,-1,0.0
20.435,-2,2,2,1,-1,-2,-5,2,0.0
20.44,-3,-6,4,3,-1,0,8,3,0.0
20.445,-5,-11,10,4,1,-1,-4,0,0.0
20.45,-5,-5,-8,-3,-3,0,-5,-4,0.0
20.455000000000002,-1,-1,-6,-8,-1,0,0,-2,0.0
20.46,-5,-10,-7,-2,-1,-1,1,-2,0.0
20.465,0,7,-8,-2,1,-1,-3,0,0.0
20.47,-2,-2,-1,0,-1,-1,-1,-3,0.0
20.475,-4,-4,0,-7,-3,-1,-2,2,0.0
20.48,2,4,-1,-3,-1,-1,-2,0,0.0
20.485,-3,0,-4,8,-2,-3,-4,-5,0.0
20.490000000000002,-2,-1,-3,0,1,0,4,0,0.0
20.495,-2,-1,-1,-3,-2,-3,1,1,0.0
20.5,-6,-6,-1,-3,-2,-1,-2,2,0.0
20.505,-6,1,-3,-2,0,-1,2,-2,0.0
20.51,-10,-2,-3,3,0,1,-9,-2,0.0
20.515,-13,-3,3,0,1,0,0,-2,0.0
20.52,-22,-3,-1,-2,-1,-1,0,0,0.0
20.525000000000002,-15,-4,0,-2,-1,0,-2,-1,0.0
20.53,-13,2,-7,-1,-1,-1,-1,-3,0.0
20.535,-12,0,-9,-2,-3,-1,2,1,0.0
20.54,-7,-7,-7,0,0,-1,-2,-3,0.0
20.545,-4,2,-2,-6,-3,-2,-4,-6,0.0
20.55,2,-3,2,1,2,0,3,-2,0.0
20.555,4,2,-1,1,0,-2,0,-3,0.0
20.56,6,1,4,3,1,-2,-1,-1,0.0
20.565,2,-14,-6,0,-2,-2,-1,0,0.0
20.57,2,-4,0,-8,-4,-4,-4,-2,0.0
20.575,11,0,-1,14,2,1,-2,-3,0.0
20.580000000000002,12,1,6,-7,-1,-1,-1,-2,0.0
20.585,15,7,-6,-5,-2,-1,-1,1,0.0
20.59,7,-3,2,0,-1,0,3,-1,0.0
20.595,4,-2,0,-2,-2,-3,-10,-4,0.0
20.6,7,2,-2,4,-1,0,2,-4,0.0
20.605,4,-2,0,-1,0,-4,-1,-1,0.0
20.61,6,-1,3,-1,-1,2,1,0,0.0
20.615000000000002,6,-1,2,-5,-2,-2,0,-1,0.0
20.62,6,-8,-9,0,-2,-2,0,-1,0.0
20.625,7,2,6,-1,-1,-1,-1,0,0.0
20.63,6,-1,0,-1,-2,2,1,4,0.0
20.635,5,-4,-8,-3,-1,-3,5,-12,0.0
20.64,7,12,2,-6,-2,-7,-14,-3,0.0
20.645,-3,-6,7,3,1,2,3,0,0.0
20.650000000000002,4,2,-7,2,0,-3,-1,-5,0.0
20.655,1,-5,1,-3,-1,3,6,4,0.0
20.66,-3,-4,-3,0,-1,0,0,23,0.0
20.665,-9,-12,-7,-10,-1,-2,2,-3,0.0
20.67,12,-5,4,-5,-6,-2,-21,-39,0.0
20.675,-6,-4,-10,4,-5,-8,-11,-17,0.0
20.68,-12,-17,23,3,2,5,9,5,0.0
20.685,2,3,3,6,1,0,-3,7,0.0
20.69,-1,2,-3,-1,1,-2,6,26,0.0
20.695,-1,2,2,0,2,-1,-1,2,0.0
20.7,5,12,-3,12,0,-1,-3,-8,0.0
20.705000000000002,-6,-3,-16,-26,-1,1,3,2,0.0
20.71,-7,11,-3,1,-4,-2,-2,1,0.0
20.715,-6,-4,-4,-9,-4,-3,-6,-3,0.0
20.72,-3,-1,1,1,-1,2,3,-2,0.0
20.725,2,11,4,13,1,0,1,-4,0.0
20.73,-3,-1,-4,-9,0,-3,3,0,0.0
20.735,-4,-1,18,11,4,2,2,2,0.0
20.740000000000002,1,6,-13,0,1,2,1,3,0.0
20.745,-7,-19,0,1,-7,-5,-5,-5,0.0
20.75,0,21,2,-7,-2,1,1,-3,0.0
20.755,0,-1,2,0,-2,1,2,11,0.0
20.76,-4,-8,-1,1,-2,-1,-2,-19,0.0
20.765,3,7,2,3,0,-1,-2,3,0.0
20.77,-7,-9,-2,4,0,-2,-4,-3,0.0
20.775000000000002,-2,-2,0,-4,1,3,3,5,0.0
20.78,2,4,1,-8,-2,1,8,13,0.0
20.785,-4,-9,3,1,0,10,2,-37,0.0
20.79,-4,0,-5,1,-5,-27,-49,-14,0.0
20.795,-9,-3,-5,-5,-2,-8,-7,-9,0.0
20.8,-5,-14,-3,-3,-2,-4,-10,-14,0.0
20.805,4,10,-3,-2,-2,-1,-6,11,0.0
20.81,-9,-13,7,9,4,13,27,17,0.0
20.815,0,1,-3,-2,-1,3,4,-9,0.0
20.82,-1,0,-8,-4,-3,-3,-2,1,0.0
20.825,-1,5,0,-3,-1,1,17,12,0.0
20.830000000000002,-2,-7,2,-1,-2,-5,-16,-24,0.0
20.835,4,6,-7,-3,-1,1,35,20,0.0
20.84,-5,-5,0,-2,-4,-8,-88,-26,0.0
20.845,1,2,1,2,0,-1,-2,9,0.0
20.85,-3,-11,-3,-7,-1,2,17,12,0.0
20.855,2,-8,-6,-2,-2,4,15,28,0.0
20.86,-3,-3,-7,-1,-2,-3,6,-27,0.0
20.865000000000002,0,14,-1,0,-2,-2,-5,-1,0.0
20.87,-1,-4,-2,2,0,7,18,31,0.0
20.875,-5,-1,4,-2,-2,-11,-15,-30,0.0
20.88,-2,7,-17,-6,-1,-7,-5,12,0.0
20.885,-3,0,3,1,-2,-5,-20,-4,0.0
20.89,0,-5,13,2,-1,5,44,24,0.0
20.895,3,8,-25,-8,-1,1,-8,29,0.0
20.900000000000002,-6,-19,1,3,1,5,21,-42,0.0
20.905,0,0,-18,-5,0,2,8,3,0.0
20.91,4,7,-11,-5,-1,7,31,23,0.0
20.915,-6,-5,10,-4,-4,-21,-77,-17,0.0
20.92,-4,-11,17,0,-1,-1,12,14,0.0
20.925,-6,-10,-4,4,-1,0,0,-39,0.0
20.93,1,3,1,4,1,2,-1,-21,0.0
20.935,3,7,21,5,1,6,29,25,0.0
20.94,-4,-7,-30,0,-1,6,24,19,0.0
20.945,-5,-12,-11,-15,-5,-5,-12,-2,0.0
20.95,-5,-6,-11,-12,-3,-5,-6,2,0.0
20.955000000000002,0,5,7,1,-4,-1,-8,-21,0.0
20.96,-2,1,11,0,1,-2,-12,5,0.0
20.965,0,0,8,3,1,-4,15,7,0.0
20.97,-8,-10,-4,4,0,-6,-29,-21,0.0
20.975,-2,-4,-1,-7,-3,-1,-3,-2,0.0
20.98,6,38,-12,-5,-2,4,17,-2,0.0
20.985,5,-3,0,-1,-3,-6,-3,16,0.0
20.990000000000002,-5,-10,-4,-3,-2,-2,-8,-7,0.0
20.995,-7,-15,-2,5,3,5,3,-12,0.0
21.0,7,14,10,-3,-5,-3,8,14,0.0
21.005,-4,-16,7,2,-1,-4,-8,-5,0.0
21.01,0,2,4,-1,0,-3,-17,-9,0.0
21.015,1,2,-7,3,-1,3,12,-2,0.0
21.02,-6,-17,-1,-11,-1,-2,-2,1,0.0
21.025000000000002,3,7,-2,0,-1,-2,0,5,0.0
21.03,-3,-2,12,4,-2,0,1,-7,0.0
21.035,-1,-2,-7,-7,-3,-2,-4,0,0.0
21.04,1,5,3,6,2,0,3,4,0.0
21.045,-5,-10,2,-6,-6,-2,-4,-2,0.0
21.05,1,9,4,19,4,1,-4,-4,0.0
21.055,0,0,-11,-13,-4,-3,-2,-9,0.0
21.06,-2,-8,5,-2,-1,-1,-1,1,0.0
21.065,2,8,-1,-15,-4,-5,2,2,0.0
21.07,-3,-15,-4,-3,0,1,-3,4,0.0
21.075,-2,1,3,7,5,4,2,-7,0.0
21.080000000000002,-1,-9,1,4,3,0,1,-4,0.0
21.085,-2,6,-10,-5,-3,-2,-2,4,0.0
21.09,5,5,0,-4,-5,-5,-6,-3,0.0
21.095,0,-2,4,1,1,2,1,-1,0.0
21.1,-1,-1,0,4,1,-2,0,2,0.0
21.105,-1,0,-1,9,1,0,-4,-6,0.0
21.11,-2,6,-4,-8,-3,-1,-3,-5,0.0
21.115000000000002,-3,-2,-4,-1,-3,-1,2,-1,0.0
21.12,1,8,-2,-8,-4,-3,-1,-1,0.0
21.125,-6,-9,8,1,0,1,-1,0,0.0
21.13,1,1,-1,-1,-6,-3,-2,-1,0.0
21.135,1,2,1,-8,-2,-2,1,1,0.0
21.14,2,-3,-3,21,5,1,-1,0,0.0
21.145,-1,4,2,0,3,2,1,0,0.0
21.150000000000002,4,2,-2,-1,-1,-2,-2,1,0.0
21.155,-3,-4,-1,-1,-3,-2,1,-3,0.0
21.16,-3,-1,4,-11,-8,-3,-2,-7,0.0
21.165,3,1,-4,13,9,-2,0,3,0.0
21.17,-7,-7,-9,-12,-1,-1,-1,2,0.0
21.175,3,3,-3,0,-3,-1,1,-2,0.0
21.18,-2,-4,-1,-5,-3,-5,-11,-3,0.0
21.185,1,4,1,-4,-4,2,-2,4,0.0
21.19,-2,-1,-2,-3,-2,8,16,-2,0.0
21.195,-1,-2,-4,-5,-8,-12,-6,5,0.0
21.2,-2,1,1,-5,-5,-5,-9,6,0.0
21.205000000000002,0,-9,-2,-4,-9,2,-39,-36,0.0
21.21,-16,-1,-1,11,23,-17,26,2,0.0
21.215,3,-1,0,7,9,0,-54,-1,0.0
21.22,4,2,2,-11,-26,12,37,37,0.0
21.225,12,2,0,1,-7,17,65,114,0.0
21.23,18,3,-14,-3,22,1,39,-50,0.0
21.235,-42,-7,-1,1,-1,-11,-49,-56,0.0
21.240000000000002,9,-7,0,7,13,-7,66,14,0.0
21.245,-19,-4,9,-2,-16,-1,-12,-3,0.0
21.25,2,1,-1,-1,-10,9,28,90,0.0
21.255,-2,-6,28,13,6,9,11,-27,0.0
21.26,10,13,-20,-10,-1,13,62,30,0.0
21.265,-6,-5,-3,-9,-10,-29,-53,-83,0.0
21.27,-1,-11,4,3,-4,5,-42,-5,0.0
21.275000000000002,10,-3,-14,-9,-9,-24,3,-1,0.0
21.28,-5,-4,32,11,6,18,-13,-14,0.0
21.285,-9,24,-25,1,7,-2,-8,15,0.0
21.29,-10,-8,13,-1,-5,-10,-31,-22,0.0
21.295,9,-3,3,11,-1,9,5,15,0.0
21.3,-11,3,-39,-21,-4,-5,-25,-10,0.0
21.305,6,-14,-1,-3,8,-4,17,5,0.0
21.31,7,22,-18,-4,-8,7,28,-14,0.0
21.315,-4,-37,8,-8,-4,15,38,29,0.0
21.32,3,-4,-11,6,3,-14,-19,1,0.0
21.325,-7,-21,26,5,4,3,-8,-24,0.0
21.330000000000002,-4,-1,-8,-5,-11,-4,5,4,0.0
21.335,1,-9,-11,-5,2,3,23,5,0.0
21.34,2,-46,14,10,6,-2,-25,-17,0.0
21.345,-4,9,9,4,0,-3,8,-1,0.0
21.35,-7,3,8,-11,-8,-3,-11,-5,0.0
21.355,17,14,3,3,2,-3,3,12,0.0
21.36,-17,9,-1,-5,0,-4,-31,-22,0.0
21.365000000000002,-7,1,-6,2,0,7,23,1,0.0
21.37,-12,-9,-7,11,-13,-13,-14,-1,0.0
21.375,-3,8,-13,-8,7,2,-9,-5,0.0
21.38,13,-6,26,14,5,2,7,0,0.0
21.385,19,33,-23,-16,-18,-5,12,4,0.0
21.39,1,12,15,-4,6,3,-18,-10,0.0
21.395,3,2,-12,-6,-8,0,11,12,0.0
21.400000000000002,0,9,16,-5,12,1,-4,-9,0.0
21.405,-5,-8,15,18,4,0,2,3,0.0
21.41,-2,-9,-7,-13,-4,-3,-13,-10,0.0
21.415,7,17,-35,-1,-5,1,12,7,0.0
21.42,-5,-2,29,0,-3,-3,-3,4,0.0
21.425,-5,-9,-31,-4,3,0,-4,-13,0.0
21.43,6,1,11,5,-4,0,0,-2,0.0
21.435,-2,-3,10,-2,1,-1,7,0,0.0
21.44,-10,7,-8,12,-13,-6,-7,-7,0.0
21.445,4,-8,-1,0,1,-1,-1,2,0.0
21.45,1,-5,-3,-3,-4,-1,-3,2,0.0
21.455000000000002,-6,1,4,6,3,1,2,3,0.0
21.46,-6,1,-12,-1,-3,-3,-6,-8,0.0
21.465,1,2,11,-7,4,0,1,0,0.0
21.47,-2,-6,-3,0,2,-1,-3,3,0.0
21.475,-5,6,11,0,-5,-2,-1,-5,0.0
21.48,1,1,-14,-13,-4,-1,1,0,0.0
21.485,1,-6,-1,-4,-1,-2,0,2,0.0
21.490000000000002,0,0,-2,-8,-6,3,0,1,0.0
21.495,-3,-2,-2,4,2,1,2,-2,0.0
21.5,0,-1,-2,2,3,-1,-2,0,0.0
21.505,-1,2,2,3,4,-1,-3,-2,0.0
21.51,0,-1,2,2,-1,-3,-4,-4,0.0
21.515,2,2,12,-2,-6,-3,0,2,0.0
21.52,-4,-2,-13,-9,-5,-2,-3,1,0.0
21.525000000000002,-2,-2,0,-4,-1,-1,0,-5,0.0
21.53,1,-2,-3,-3,0,1,-1,0,0.0
21.535,-2,1,-2,-4,-3,0,2,0,0.0
21.54,-1,1,4,8,4,-3,-2,-3,0.0
21.545,0,-4,-3,-6,-1,-2,0,3,0.0
21.55,0,-2,-7,-2,0,-1,-4,-1,0.0
21.555,-2,-6,0,6,-9,0,2,-2,0.0
21.56,0,0,-9,-13,0,-3,-3,-3,0.0
21.565,3,1,6,-7,-1,5,7,2,0.0
21.57,-3,-3,-1,2,2,-11,-12,-4,0.0
21.575,0,6,1,0,3,8,3,2,0.0
21.580000000000002,-3,1,-8,0,-7,-1,33,-1,0.0
21.585,-1,-11,4,-3,-6,-8,13,-3,0.0
21.59,-4,-7,-3,-7,-7,-5,-56,-11,0.0
21.595,1,-1,-9,-8,-8,3,11,2,0.0
21.6,1,-8,5,26,24,15,-10,7,0.0
21.605,-4,-3,-11,-3,11,-12,39,-6,0.0
21.61,-1,1,3,10,-19,3,-16,-16,0.0
21.615000000000002,-3,-5,4,-12,10,2,38,11,0.0
21.62,-1,0,0,-13,-14,-3,12,40,0.0
21.625,-9,-6,-8,14,1,-8,-34,-36,0.0
21.63,4,3,5,8,8,6,10,19,0.0
21.635,3,6,-8,-12,-9,-5,22,17,0.0
21.64,0,-2,-10,-16,-13,-8,9,1,0.0
21.645,2,38,10,1,-7,5,10,22,0.0
21.650000000000002,-7,-9,-4,0,0,-9,-14,-14,0.0
21.655,1,-8,-13,5,4,7,3,7,0.0
21.66,-11,-32,9,-4,-4,-11,-20,-19,0.0
21.665,8,-1,20,1,-12,2,-13,6,0.0
21.67,6,12,-22,-14,5,0,21,14,0.0
21.675,-12,-9,-4,4,8,-9,-77,-21,0.0
21.68,-5,6,-8,0,-1,-7,-12,-28,0.0
21.685,3,12,6,-3,0,4,-17,-3,0.0
21.69,-2,-3,6,-4,-12,4,27,9,0.0
21.695,5,2,8,-1,-13,-8,5,1,0.0
21.7,-10,-20,-5,11,31,4,-17,-5,0.0
21.705000000000002,1,-7,10,-17,-16,-1,-5,4,0.0
21.71,15,66,-16,-4,-5,3,25,7,0.0
21.715,-11,-26,-4,41,3,-13,-15,-8,0.0
21.72,-2,1,1,-22,4,0,-4,4,0.0
21.725,-4,0,-22,-11,-1,2,8,-1,0.0
21.73,6,-26,16,-52,-25,-5,-7,3,0.0
21.735,-8,-12,-1,27,26,4,-8,-19,0.0
21.740000000000002,2,0,19,10,10,1,-3,-3,0.0
21.745,0,9,-6,23,9,-3,-2,6,0.0
21.75,-9,-3,5,-1,-31,-9,-10,-20,0.0
21.755,1,5,-1,-40,2,2,7,14,0.0
21.76,8,9,-1,12,-10,5,12,-35,0.0
21.765,2,7,10,-12,-2,4,-4,7,0.0
21.77,-5,-17,-7,-7,-7,2,5,44,0.0
21.775000000000002,-6,2,-7,2,-4,-5,-1,-10,0.0
21.78,4,26,-3,-7,-2,-5,-9,-17,0.0
21.785,10,-16,-3,20,3,1,-2,-6,0.0
21.79,-4,-9,1,8,35,7,7,8,0.0
21.795,8,16,-1,-15,-20,-5,-1,5,0.0
21.8,5,2,-10,-15,-7,-1,-4,8,0.0
21.805,-13,-21,-5,0,2,4,4,-9,0.0
21.81,-3,-13,-2,13,9,-5,1,-9,0.0
21.815,2,2,-5,-8,2,3,0,-5,0.0
21.82,-3,3,-7,-1,-15,-5,-6,0,0.0
21.825,-10,-35,-2,-6,-3,-6,-6,-7,0.0
21.830000000000002,11,26,9,-13,-6,0,5,-4,0.0
21.835,-4,-11,-7,0,-3,-6,-12,-7,0.0
21.84,-4,-2,-5,6,14,4,2,-2,0.0
21.845,-2,-12,-12,0,4,1,-3,3,0.0
21.85,-2,-3,-1,9,9,-5,-5,-14,0.0
21.855,0,-2,5,-14,-16,0,3,-2,0.0
21.86,0,-1,-3,-5,-13,-1,1,9,0.0
21.865000000000002,0,11,-8,-1,7,0,-4,-1,0.0
21.87,-1,-7,0,5,1,1,1,-14,0.0
21.875,-2,8,-6,-4,-2,10,6,16,0.0
21.88,-11,-6,-4,-2,-6,-16,-4,-2,0.0
21.885,22,4,-8,-4,-2,14,15,-6,0.0
21.89,-6,-9,-7,7,5,-18,-18,16,0.0
21.895,9,-10,1,1,2,-18,-36,-20,0.0
21.900000000000002,-10,3,-5,-5,-4,5,5,0,0.0
21.905,-13,-5,0,-6,-9,-6,-13,-21,0.0
21.91,0,-5,-5,8,10,11,24,-6,0.0
21.915,5,8,7,5,3,6,18,15,0.0
21.92,3,3,6,-3,-7,-7,-12,4,0.0
21.925,-5,4,-7,-1,-2,2,10,3,0.0
21.93,-5,-8,-7,6,2,4,-3,-2,0.0
21.935,-4,4,9,-2,0,-3,-2,-7,0.0
21.94,2,-6,-4,5,-8,0,0,2,0.0
21.945,-2,0,6,3,0,-8,-7,6,0.0
21.95,0,-1,-12,-16,1,-1,-5,-7,0.0
21.955000000000002,4,14,1,23,1,0,-1,1,0.0
21.96,-4,-11,11,-13,-7,-2,3,-6,0.0
21.965,-8,1,-64,-20,3,-3,-12,1,0.0
21.97,-3,-14,-5,-12,-6,-8,-10,-9,0.0
21.975,9,30,14,-7,0,6,11,-4,0.0
21.98,18,-6,21,9,-7,-14,-11,11,0.0
21.985,-21,-4,-22,-2,10,15,16,3,0.0
21.990000000000002,-19,-18,49,10,-3,-6,2,-10,0.0
21.995,2,4,-59,-6,-2,0,2,3,0.0
22.0,-1,-22,21,5,-4,-1,-4,3,0.0
22.005,4,-3,-6,7,-3,-8,-11,-2,0.0
22.01,2,16,-13,-13,7,7,2,-3,0.0
22.015,-8,-28,23,-4,-1,2,4,1,0.0
22.02,-1,-9,-28,-10,-2,8,15,8,0.0
22.025000000000002,-1,-15,17,8,0,-13,-5,-9,0.0
22.03,-4,-15,10,17,-2,-7,-2,-5,0.0
22.035,-4,-15,7,-5,-9,-9,-16,-8,0.0
22.04,-6,0,-8,6,17,12,1,-2,0.0
22.045,9,-5,31,3,0,5,14,27,0.0
22.05,-3,23,-2,3,3,2,7,4,0.0
22.055,-21,-17,4,-4,-6,-5,-8,-28,0.0
22.06,-3,10,-15,-7,-8,-2,6,0,0.0
22.065,-6,-1,18,4,-1,-4,-7,-1,0.0
22.07,-1,6,-11,1,-5,-3,-8,0,0.0
22.075,-3,-18,-36,-11,1,4,6,9,0.0
22.080000000000002,-8,3,-3,-9,-26,-2,-6,-2,0.0
22.085,-2,-9,1,22,18,-6,-9,-4,0.0
22.09,1,-14,1,-21,13,5,-1,1,0.0
22.095,-1,-7,21,6,4,1,6,-2,0.0
22.1,3,30,-12,10,12,-1,-1,-5,0.0
22.105,2,-32,-15,-22,-9,-5,-9,-3,0.0
22.11,7,-16,-2,10,-10,-3,-2,-3,0.0
22.115000000000002,-4,29,1,3,2,5,4,4,0.0
22.12,-12,-25,16,-7,-8,-4,-14,-9,0.0
22.125,9,37,-6,-3,-11,-2,-1,-1,0.0
22.13,1,-3,1,9,4,2,-1,-4,0.0
22.135,10,25,-6,-10,-6,-5,-4,1,0.0
22.14,2,7,-3,6,5,10,5,4,0.0
22.145,4,33,11,-3,-5,-2,26,0,0.0
22.150000000000002,-2,-3,-6,-1,-7,-16,-40,-14,0.0
22.155,-2,-25,-9,-3,-2,-1,0,-2,0.0
22.16,5,16,-2,2,6,0,-2,-2,0.0
22.165,-1,2,5,-6,0,4,12,2,0.0
22.17,1,11,-9,-5,-4,-3,-2,-2,0.0
22.175,7,44,-20,2,-1,-3,-3,-3,0.0
22.18,-15,-39,-1,-1,4,3,2,2,0.0
22.185,-1,-5,2,-6,-4,1,-9,-13,0.0
22.19,-4,-10,-3,2,-4,2,6,-1,0.0
22.195,-3,-19,3,12,5,-2,-2,-1,0.0
22.2,7,8,-3,-2,3,1,7,0,0.0
22.205000000000002,2,37,5,-4,-6,-4,-20,-2,0.0
22.21,4,-20,0,-3,-3,-2,10,-4,0.0
22.215,5,-24,14,-6,-4,-4,-10,0,0.0
22.22,-2,-17,2,-2,0,2,4,1,0.0
22.225,-7,-41,5,-2,-2,4,18,4,0.0
22.23,0,12,1,3,0,-10,-8,-5,0.0
22.235,0,-4,12,-1,-1,-1,-8,-2,0.0
22.240000000000002,-1,-2,2,-1,-2,-3,1,-4,0.0
22.245,4,7,-3,-1,-5,2,-2,3,0.0
22.25,-4,-7,2,-3,5,8,9,7,0.0
22.255,-4,-1,-4,5,1,-2,10,-3,0.0
22.26,1,11,-7,-3,0,-3,-9,-3,0.0
22.265,1,2,7,-3,-10,-6,-13,-3,0.0
22.27,-3,2,-6,-1,10,6,10,6,0.0
22.275000000000002,-9,-16,6,4,1,-4,-3,-7,0.0
22.28,2,-6,0,-4,1,3,-1,3,0.0
22.285,1,-6,-2,-3,-3,-2,16,4,0.0
22.29,0,9,3,-3,-12,-7,-6,0,0.0
22.295,0,53,-18,-5,-4,-7,-42,-11,0.0
22.3,0,-6,20,2,-1,-6,6,2,0.0
22.305,-4,41,-6,2,4,6,0,-5,0.0
22.31,-2,-7,-4,1,-3,4,5,-1,0.0
22.315,-3,2,-4,-3,1,8,21,4,0.0
22.32,7,20,7,-14,-14,-4,-1,-1,0.0
22.325,-6,-22,-2,1,15,-7,-22,-10,0.0
22.330000000000002,-1,-3,9,10,7,3,-10,-2,0.0
22.335,8,36,-2,-11,-3,2,10,5,0.0
22.34,-1,-15,6,-4,-11,-3,1,2,0.0
22.345,-4,-20,3,33,-1,-2,-4,-3,0.0
22.35,-4,-17,-26,-4,4,3,5,-3,0.0
22.355,-3,-19,2,-31,-13,-6,6,1,0.0
22.36,-1,39,-28,7,12,-1,-8,-6,0.0
22.365000000000002,0,-2,7,0,1,-6,-4,-1,0.0
22.37,0,17,-5,8,-12,-6,3,-4,0.0
22.375,3,-17,12,24,-5,-2,-1,-2,0.0
22.38,-1,8,-17,5,7,2,12,2,0.0
22.385,-1,-10,3,-40,-9,-4,-13,-1,0.0
22.39,3,4,-4,-4,-4,3,4,11,0.0
22.395,-8,-10,1,-16,-1,3,16,-13,0.0
22.400000000000002,5,-2,12,13,17,7,-16,-7,0.0
22.405,-9,-9,-15,0,2,-14,24,2,0.0
22.41,1,6,9,0,-5,-2,-12,-8,0.0
22.415,1,8,-6,2,-10,-1,-10,8,0.0
22.42,-6,-14,-4,5,-29,-10,11,-2,0.0
22.425,-5,-23,13,43,31,13,-32,-10,0.0
22.43,12,41,-2,-31,2,3,11,1,0.0
22.435,-5,-19,1,-24,-3,-1,4,-7,0.0
22.44,2,-40,2,14,3,-1,-3,5,0.0
22.445,3,6,-5,-41,-30,-5,-1,2,0.0
22.45,-9,-55,2,41,9,-10,-5,-3,0.0
22.455000000000002,-1,-1,-2,17,22,10,8,7,0.0
22.46,-2,-4,9,18,-17,-9,9,3,0.0
22.465,2,12,4,7,4,-3,-16,-11,0.0
22.47,-16,-1,2,-16,3,4,-5,1,0.0
22.475,7,22,-9,-28,-7,-5,3,1,0.0
22.48,0,19,-9,-2,2,-8,3,3,0.0
22.485,2,-23,13,-6,0,-3,1,8,0.0
22.490000000000002,-7,-11,-33,0,-21,-5,1,-17,0.0
22.495,-6,-44,27,2,7,6,-7,-16,0.0
22.5,7,35,-14,19,-2,2,-1,5,0.0
22.505,3,13,-18,-13,0,-5,6,3,0.0
22.51,6,7,18,10,18,5,-11,1,0.0
22.515,-1,-16,-2,24,-17,-9,14,6,0.0
22.52,-8,-22,-15,-74,4,-3,-41,-23,0.0
22.525000000000002,-6,0,2,-7,-2,9,33,6,0.0
22.53,1,4,0,-8,20,5,3,1,0.0
22.535,-8,-5,0,15,-24,-8,-1,3,0.0
22.54,2,2,12,13,10,4,9,2,0.0
22.545,1,14,-4,-14,-10,-3,-6,7,0.0
22.55,4,4,11,-4,-16,-3,31,1,0.0
22.555,10,12,8,36,33,11,-43,1,0.0
22.56,-3,1,-4,-49,-7,-1,1,-3,0.0
22.565,-2,-7,-11,0,-2,-1,-10,-9,0.0
22.57,5,3,1,2,-6,-1,-8,4,0.0
22.575,6,2,-2,11,4,-7,29,17,0.0
22.580000000000002,-8,-5,1,4,-3,1,-16,-12,0.0
22.585,-1,4,-4,-11,-5,-3,6,4,0.0
22.59,-4,11,-6,18,3,8,-12,-4,0.0
22.595,6,15,-7,-22,-16,-7,-28,-4,0.0
22.6,-16,-1,-2,9,16,6,-2,1,0.0
22.605,1,11,6,8,-1,-4,11,6,0.0
22.61,2,2,-2,-6,-7,-5,2,0,0.0
22.615000000000002,-5,-12,-4,-23,9,-3,-3,-4,0.0
22.62,2,-11,-9,-21,-19,-12,-14,-5,0.0
22.625,-2,-11,-6,11,18,0,-72,-19,0.0
22.63,-2,-9,3,4,6,0,17,7,0.0
22.635,-7,-13,-4,-11,2,0,11,-2,0.0
22.64,2,-6,3,11,0,-2,12,4,0.0
22.645,-2,2,-1,6,-14,-5,8,0,0.0
22.650000000000002,2,-4,-2,-14,-11,-8,-13,2,0.0
22.655,-12,-7,0,0,-1,-1,7,-18,0.0
22.66,4,2,1,17,12,14,13,9,0.0
22.665,-1,-9,-4,-17,-10,2,10,-2,0.0
22.67,-2,-5,-2,-3,-6,-12,-6,0,0.0
22.675,2,-3,-1,18,-22,-13,3,3,0.0
22.68,2,-6,0,4,22,6,-31,-16,0.0
22.685,-3,-2,6,16,26,17,14,-6,0.0
22.69,-3,3,0,-3,3,7,1,-3,0.0
22.695,-3,3,0,-21,-17,-9,-2,3,0.0
22.7,-7,1,-4,2,-11,-16,-10,-3,0.0
22.705000000000002,-11,-1,-9,-13,-24,-6,-6,0,0.0
22.71,-14,4,11,6,4,-7,2,-1,0.0
22.715,-15,-4,-23,7,16,5,-1,-1,0.0
22.72,-4,4,19,4,2,-6,17,8,0.0
22.725,-1,-2,-8,3,1,1,0,2,0.0
22.73,8,-2,-8,7,1,4,10,3,0.0
22.735,11,-2,12,1,2,8,1,1,0.0
22.740000000000002,8,-7,-23,-10,-11,-9,2,-5,0.0
22.745,12,3,12,7,-6,0,3,-2,0.0
22.75,-1,-5,-1,-6,-6,-2,-19,-7,0.0
22.755,5,-2,1,-5,6,-2,-2,4,0.0
22.76,3,0,4,5,-2,5,1,-4,0.0
22.765,2,-1,-23,-2,-6,-9,-2,0,0.0
22.77,-4,-1,-3,12,-5,0,-10,-4,0.0
22.775000000000002,-3,-6,-12,-15,-4,7,13,0,0.0
22.78,-17,-6,-4,-2,-10,-13,-7,-3,0.0
22.785,10,5,3,8,9,6,12,0,0.0
22.79,-4,0,3,-6,2,-2,-1,1,0.0
22.795,-1,6,-12,6,0,0,-3,-1,0.0
22.8,-1,-11,-5,-15,-5,-1,16,1,0.0
22.805,-7,-6,4,10,-6,-12,-14,-2,0.0
22.81,1,2,33,-12,-5,-7,3,-4,0.0
22.815,1,-6,-67,-3,6,20,-3,5,0.0
22.82,4,8,36,1,-7,-5,4,10,0.0
22.825,-3,-1,-2,0,-1,-2,9,-6,0.0
22.830000000000002,-9,-11,-7,-22,-6,-2,-23,-6,0.0
22.835,-3,9,42,1,-1,-7,10,0,0.0
22.84,-6,-9,-1,9,14,10,-25,-8,0.0
22.845,-3,-5,-11,2,-7,2,11,-9,0.0
22.85,-3,-5,-27,1,1,-2,1,12,0.0
22.855,-6,-4,24,-3,-7,-14,-11,-18,0.0
22.86,-1,-1,-57,-11,-5,-2,-8,3,0.0
22.865000000000002,-3,-8,5,13,2,4,8,3,0.0
22.87,2,5,13,-11,-9,-4,3,6,0.0
22.875,38,3,16,-2,1,-4,-7,22,0.0
22.88,-15,-1,24,12,-8,-5,2,-39,0.0
22.885,-4,3,-9,-4,9,-3,1,10,0.0
22.89,-2,-7,-7,20,2,5,9,-3,0.0
22.895,-3,-3,-21,-16,-8,-9,-13,5,0.0
22.900000000000002,-7,-9,2,-1,-10,-13,1,1,0.0
22.905,4,1,18,-7,14,20,11,4,0.0
22.91,-4,-9,-50,-1,-4,-4,-9,-8,0.0
22.915,-5,-5,-41,-52,1,4,6,-3,0.0
22.92,6,6,58,87,-2,3,2,5,0.0
22.925,-5,-6,-36,-17,-12,-4,-6,-4,0.0
22.93,-4,9,9,-33,-3,-8,25,12,0.0
22.935,-33,-11,37,-66,-6,-4,-37,-27,0.0
22.94,11,20,-3,23,13,8,35,5,0.0
22.945,-2,14,42,54,3,2,-26,6,0.0
22.95,10,3,-6,-49,1,10,-11,-8,0.0
22.955000000000002,-7,2,0,17,0,3,11,-1,0.0
22.96,0,-1,21,-18,-2,0,-4,6,0.0
22.965,1,9,39,22,2,-2,1,-4,0.0
22.97,3,4,1,57,-2,-3,-2,-1,0.0
22.975,-2,2,-33,43,-1,-13,29,6,0.0
22.98,15,6,-60,-28,9,11,14,21,0.0
22.985,-19,-4,-43,16,-11,-10,2,-4,0.0
22.990000000000002,6,6,-1,17,6,5,12,-5,0.0
22.995,10,-2,14,66,6,7,3,7,0.0
23.0,11,4,-3,-74,-12,1,8,21,0.0
23.005,-5,-8,-17,-22,-4,-12,-22,-6,0.0
23.01,4,0,57,79,-4,-3,-1,-20,0.0
23.015,-1,-5,-34,-6,6,8,2,0,0.0
23.02,-8,-5,-34,-11,-1,-9,-1,-3,0.0
23.025000000000002,6,-9,-25,-24,-2,0,-3,5,0.0
23.03,-3,-1,5,-33,0,-11,4,10,0.0
23.035,-2,8,47,46,4,16,0,-13,0.0
23.04,2,-3,-3,71,3,-2,-13,1,0.0
23.045,-2,-11,-21,-102,-15,-7,9,-4,0.0
23.05,2,15,75,90,7,2,0,1,0.0
23.055,-2,-9,-42,-87,-7,-8,19,16,0.0
23.06,-22,-21,-2,-7,-6,-2,-7,-12,0.0
23.065,-1,4,23,-11,-2,0,-1,-3,0.0
23.07,-3,-6,-12,-78,-7,-5,18,8,0.0
23.075,11,15,43,82,16,1,-29,-2,0.0
23.080000000000002,-11,-24,-53,-77,-4,7,-5,-11,0.0
23.085,-2,-5,1,-15,-7,-3,-11,-5,0.0
23.09,1,1,-23,27,-1,2,2,-1,0.0
23.095,-6,7,35,28,15,-2,6,0,0.0
23.1,1,-1,2,-15,-16,-6,-17,-16,0.0
23.105,2,-8,-7,30,1,-4,-2,5,0.0
23.11,-3,3,-54,-8,4,3,-24,-2,0.0
23.115000000000002,-2,-19,7,-9,-10,2,5,-7,0.0
23.12,0,3,3,-16,7,-8,-3,0,0.0
23.125,0,-3,31,59,-14,-3,6,0,0.0
23.13,-7,-5,-11,-44,-9,-2,-23,-12,0.0
23.135,-5,14,-12,-19,-3,-9,-14,-5,0.0
23.14,4,-15,-34,27,8,7,15,8,0.0
23.145,3,5,34,12,11,3,2,0,0.0
23.150000000000002,-2,-5,-55,-24,-6,1,3,-1,0.0
23.155,-1,1,32,10,-12,-7,-9,-2,0.0
23.16,1,18,5,18,5,-1,21,1,0.0
23.165,-1,-6,-3,-9,2,-4,-23,-8,0.0
23.17,-5,-9,4,-1,3,3,-5,1,0.0
23.175,-2,-6,-2,-22,-3,2,5,0,0.0
23.18,-3,11,42,-15,-2,-3,-5,-5,0.0
23.185,3,2,-20,7,0,-5,6,3,0.0
23.19,0,-1,17,-13,3,-3,-6,-3,0.0
23.195,3,5,5,20,3,-1,-4,4,0.0
23.2,-7,-5,-1,-25,-4,-4,-15,-6,0.0
23.205000000000002,-3,7,13,-8,-5,3,9,-8,0.0
23.21,1,-6,4,1,-7,-8,-12,-4,0.0
23.215,-1,-1,-7,-13,10,8,16,1,0.0
23.22,6,-1,12,30,6,-6,-18,1,0.0
23.225,-1,-6,-18,-22,-10,3,12,-1,0.0
23.23,-2,-5,-4,-1,-5,-4,-41,-2,0.0
23.235,-2,-3,-12,-7,-10,-2,-13,-8,0.0
23.240000000000002,0,3,26,-1,-11,-1,20,-1,0.0
23.245,-4,-7,-3,7,4,-3,-9,-5,0.0
23.25,-1,2,3,-14,1,0,10,1,0.0
23.255,-2,-4,-7,-4,2,-12,1,-1,0.0
23.26,1,3,12,12,12,2,-14,-1,0.0
23.265,4,6,-11,-9,1,1,11,10,0.0
23.27,-3,3,70,10,1,6,14,-1,0.0
23.275000000000002,-8,-17,-57,-16,-11,-7,-12,-12,0.0
23.28,-2,-1,15,3,-7,-2,2,-3,0.0
23.285,2,1,-9,-10,-9,-2,-9,-1,0.0
23.29,3,1,-10,-3,7,0,17,4,0.0
23.295,2,5,9,22,24,8,0,5,0.0
23.3,1,-3,-7,-11,-30,-7,10,7,0.0
23.305,-10,-10,-8,-16,-11,-2,-33,-16,0.0
23.31,-9,-6,-18,-1,-10,-16,-30,-6,0.0
23.315,0,0,14,-7,3,4,9,-4,0.0
23.32,2,-4,-15,18,17,10,6,5,0.0
23.325,0,-2,8,1,3,-4,25,3,0.0
23.330000000000002,3,-1,-15,0,6,6,15,7,0.0
23.335,-6,-5,-1,-1,-8,-7,-11,-16,0.0
23.34,0,-1,4,-9,-5,-3,-13,-1,0.0
23.345,3,4,3,1,1,2,-5,4,0.0
23.35,0,5,-3,1,11,-7,5,-1,0.0
23.355,-1,-2,-2,2,8,2,10,6,0.0
23.36,-4,-12,-17,-22,-17,3,-4,-4,0.0
23.365000000000002,-3,-7,4,-3,-14,-6,-3,-2,0.0
23.37,-4,-7,-13,3,0,5,7,-3,0.0
23.375,0,1,7,-4,-12,-4,-4,-2,0.0
23.38,3,7,2,0,11,-2,-6,2,0.0
23.385,-1,0,0,3,10,-5,7,0,0.0
23.39,-2,-6,-4,-4,-1,-1,-3,-8,0.0
23.395,2,-2,-2,3,-3,2,3,2,0.0
23.400000000000002,-1,0,-1,-3,0,-1,-5,-1,0.0
23.405,-4,-1,-3,-4,-9,-5,-8,-6,0.0
23.41,2,5,0,5,20,-1,1,0,0.0
23.415,-10,-15,-22,5,-27,-3,-3,-7,0.0
23.42,-3,-5,-6,-16,-7,-3,0,-2,0.0
23.425,2,5,2,0,19,19,11,8,0.0
23.43,0,3,-1,-3,-13,16,5,-1,0.0
23.435,-1,6,3,-16,-33,34,-21,-8,0.0
23.44,1,5,-4,-3,-49,-43,-10,-1,0.0
23.445,6,6,6,8,94,-20,14,8,0.0
23.45,-2,-13,2,25,50,-87,11,3,0.0
23.455000000000002,1,-13,12,14,22,38,13,7,0.0
23.46,-4,-6,2,5,-4,34,-6,-7,0.0
23.465,-2,-1,-3,-10,-30,8,-12,-2,0.0
23.47,-1,2,-13,-25,-52,33,4,0,0.0
23.475,-3,5,-8,-14,-5,-13,1,13,0.0
23.48,-3,3,4,2,4,-36,-36,-22,0.0
23.485,2,-3,-2,-2,-15,13,-19,-7,0.0
23.490000000000002,-4,-3,-8,-11,2,4,16,-11,0.0
23.495,1,1,-1,-7,-13,-21,-28,3,0.0
23.5,3,4,2,6,24,15,16,5,0.0
23.505,1,0,0,5,-20,-10,0,3,0.0
23.51,1,-3,-2,6,-5,12,-9,-1,0.0
23.515,5,-2,-6,-5,20,-7,18,6,0.0
23.52,-8,-7,30,-2,0,-2,11,-2,0.0
23.525000000000002,-16,-9,-6,0,-5,-7,-7,-15,0.0
23.53,-2,-1,-2,-15,-19,-3,-6,-1,0.0
23.535,0,-2,-7,-9,-8,-5,-2,-7,0.0
23.54,5,2,5,19,31,12,13,12,0.0
23.545,1,0,7,4,-6,-4,4,3,0.0
23.55,8,3,-2,9,0,5,-3,4,0.0
23.555,-1,-2,-5,-15,-6,-12,4,2,0.0
23.56,-1,-7,-10,-10,-17,-4,-15,-14,0.0
23.565,-29,-11,1,2,-3,0,-3,-11,0.0
23.57,-4,-2,-5,3,7,1,-11,-3,0.0
23.575,3,7,2,-10,2,2,11,1,0.0
23.580000000000002,5,10,15,-9,1,1,12,9,0.0
23.585,7,-1,7,39,15,-1,1,4,0.0
23.59,1,-2,-1,14,2,20,-6,-1,0.0
23.595,-3,0,6,-34,-13,-20,-3,-1,0.0
23.6,-7,-5,-16,6,-2,5,-5,-14,0.0
23.605,13,11,12,-25,-5,2,7,11,0.0
23.61,-5,-5,-4,-16,-8,-2,-6,-3,0.0
23.615000000000002,-3,-2,7,43,3,-20,-4,-6,0.0
23.62,-3,3,16,5,10,8,3,-2,0.0
23.625,0,-6,-40,-13,-11,-6,-7,-6,0.0
23.63,3,5,30,44,12,-6,8,6,0.0
23.635,4,8,52,72,23,17,8,-3,0.0
23.64,-1,-13,-92,-83,-6,-7,-6,3,0.0
23.645,-8,-10,-9,-46,-21,0,1,-5,0.0
23.650000000000002,-2,-2,-17,-51,-14,-3,-7,-1,0.0
23.655,-9,-7,10,1,-16,-12,-14,-11,0.0
23.66,4,5,22,61,8,4,3,5,0.0
23.665,3,5,-16,6,9,2,5,3,0.0
23.67,-3,-3,19,-16,-4,-8,3,-2,0.0
23.675,-2,3,-31,-101,6,11,0,-2,0.0
23.68,6,7,-41,-17,5,10,7,10,0.0
23.685,-10,-13,60,17,3,-11,-11,-10,0.0
23.69,-5,-2,38,17,-23,-4,7,-2,0.0
23.695,13,5,3,32,4,-18,15,27,0.0
23.7,-4,4,26,16,-4,26,-16,-12,0.0
23.705000000000002,10,9,-34,-1,-27,-4,2,11,0.0
23.71,-5,13,21,29,48,46,-3,-7,0.0
23.715,-5,-14,-31,44,11,-65,6,-2,0.0
23.72,2,5,33,-75,5,-8,13,8,0.0
23.725,-7,-15,-67,-26,-18,6,-20,-11,0.0
23.73,-5,-21,-70,-21,-50,-16,-27,-7,0.0
23.735,0,0,-18,32,37,24,7,-4,0.0
23.740000000000002,-3,-1,23,36,16,18,2,1,0.0
23.745,4,6,50,60,-2,-59,3,-1,0.0
23.75,3,-4,0,-24,-40,-4,12,9,0.0
23.755,-4,-11,-34,-32,14,52,-10,-10,0.0
23.76,-5,-10,16,24,-13,13,-4,-7,0.0
23.765,-2,9,-52,-15,15,-5,3,-1,0.0
23.77,0,-10,-58,-5,-15,-53,11,3,0.0
23.775000000000002,-6,-29,53,18,7,23,58,5,0.0
23.78,11,45,-23,-17,3,-5,-30,0,0.0
23.785,-8,-11,26,7,-13,19,-12,-8,0.0
23.79,0,-7,-28,-18,-6,-22,-22,-7,0.0
23.795,10,51,49,-15,-16,16,27,13,0.0
23.8,1,42,25,12,-17,-25,-16,-7,0.0
23.805,-5,-27,-47,-33,3,1,-32,-12,0.0
23.81,6,35,70,26,30,20,24,8,0.0
23.815,-12,-89,-63,-27,-21,-13,-30,-19,0.0
23.82,13,46,17,15,2,1,25,19,0.0
23.825,4,15,53,12,6,4,26,8,0.0
23.830000000000002,-7,-22,2,1,19,17,-11,-7,0.0
23.835,0,5,12,5,-18,-7,-19,0,0.0
23.84,-1,-38,-17,9,-5,-24,-4,6,0.0
23.845,-5,-3,0,1,8,9,10,-9,0.0
23.85,-8,-16,-8,-15,-4,1,-6,-11,0.0
23.855,-5,10,-5,-15,-13,-18,-29,-12,0.0
23.86,-6,-30,-11,5,-3,-7,1,-8,0.0
23.865000000000002,10,-5,13,3,17,10,11,16,0.0
23.87,0,-5,2,17,17,7,18,6,0.0
23.875,-3,11,-9,-3,-29,-10,-16,-5,0.0
23.88,-6,-27,-4,-11,-3,-5,3,3,0.0
23.885,-1,0,7,0,-3,10,4,4,0.0
23.89,-4,10,-9,10,12,-6,-14,-14,0.0
23.895,-5,9,-5,-7,-9,3,-15,-10,0.0
23.900000000000002,-6,-20,-11,3,6,-10,14,0,0.0
23.905,8,4,-5,12,17,11,5,4,0.0
23.91,4,8,23,-1,-3,2,12,9,0.0
23.915,-1,-8,4,-8,-9,-6,-14,-1,0.0
23.92,-7,-10,5,10,-2,-5,-9,-11,0.0
23.925,5,3,-8,-27,-22,-5,1,9,0.0
23.93,1,7,-4,6,1,-4,7,-3,0.0
23.935000000000002,-3,4,5,6,4,7,-2,-6,0.0
23.94,-6,-15,-10,1,3,-6,-8,-14,0.0
23.945,-2,0,2,11,-1,-1,-2,-4,0.0
23.95,-2,-10,-7,-6,-6,3,0,4,0.0
23.955000000000002,3,-14,4,-5,14,-1,7,7,0.0
23.96,2,-8,-7,10,4,1,3,1,0.0
23.965,7,2,3,-5,-3,3,3,3,0.0
23.97,-7,4,4,-3,-8,-2,-17,-2,0.0
23.975,-20,0,-20,-18,-24,-20,-15,-22,0.0
23.98,-6,-5,0,2,6,3,2,0,0.0
23.985,-1,22,22,3,-1,3,-1,-6,0.0
23.990000000000002,11,-1,-2,-4,7,5,3,9,0.0
23.995,8,4,3,11,21,2,3,21,0.0
24.0,-2,-11,-1,4,4,3,0,-6,0.0
24.005,-6,-14,-13,-18,-29,-10,-6,-5,0.0
24.01,0,-13,-4,-12,-7,-8,-6,-8,0.0
24.015,6,6,8,-3,7,1,4,6,0.0
24.02,11,-6,-5,-9,-6,5,4,13,0.0
24.025000000000002,-6,4,-2,17,16,5,4,-3,0.0
24.03,-25,-3,-15,-9,-11,-5,-16,-24,0.0
24.035,1,10,0,-1,2,-10,-3,5,0.0
24.04,-1,2,4,3,8,11,20,4,0.0
24.045,7,-4,0,5,8,3,7,7,0.0
24.05,13,29,1,5,-5,3,2,7,0.0
24.055,-1,9,3,-6,0,1,-3,-5,0.0
24.060000000000002,2,5,4,8,1,-13,-15,-1,0.0
24.065,0,-1,2,-9,7,-1,9,2,0.0
24.07,-2,-21,-11,6,7,11,14,15,0.0
24.075,-4,-11,-3,0,-13,-1,-8,1,0.0
24.080000000000002,-2,7,-2,-13,-6,-7,3,-3,0.0
24.085,-3,8,7,3,29,6,-22,-21,0.0
24.09,10,-3,-1,-11,-24,6,-2,-5,0.0
24.095,7,-7,-2,6,-2,-1,15,20,0.0
24.1,-20,-19,-14,-6,-28,-13,-16,17,0.0
24.105,-9,-11,-1,-19,0,-6,3,-31,0.0
24.11,0,-5,6,12,30,8,7,5,0.0
24.115000000000002,-1,-17,1,1,1,10,-7,-14,0.0
24.12,3,-14,0,-2,-6,-2,-2,3,0.0
24.125,2,6,-3,9,-2,-10,-2,12,0.0
24.13,-4,6,-2,-3,0,4,0,-2,0.0
24.135,0,7,-1,-9,-13,-4,0,-3,0.0
24.14,1,9,0,5,26,-1,-2,-9,0.0
24.145,-4,-5,4,8,-19,1,-3,2,0.0
24.150000000000002,-6,-12,-20,-63,-26,-18,-9,-6,0.0
24.155,-1,2,-2,2,-43,-17,0,-3,0.0
24.16,1,16,0,1,9,6,5,-2,0.0
24.165,-1,17,-14,-3,-3,-4,-4,3,0.0
24.17,0,-6,5,9,21,3,-5,4,0.0
24.175,0,-3,0,1,7,1,-4,-5,0.0
24.18,0,-10,-2,-8,-3,-4,-4,-9,0.0
24.185000000000002,1,-8,0,-2,-8,-5,-1,0,0.0
24.19,0,-1,-1,8,2,3,3,0,0.0
24.195,-4,2,-5,-1,12,2,2,-3,0.0
24.2,-2,-9,4,3,-12,1,-1,-7,0.0
24.205000000000002,-4,-8,-4,0,-4,-2,-3,3,0.0
24.21,-4,-7,7,5,-8,-7,-4,-1,0.0
24.215,-2,-2,3,12,11,1,0,-5,0.0
24.22,-7,-5,-14,-42,1,2,1,-4,0.0
24.225,4,-3,14,29,8,-5,-4,2,0.0
24.23,-6,-15,-19,-22,-29,-9,-2,-3,0.0
24.235,-4,-3,1,-14,-28,-6,-3,0,0.0
24.240000000000002,0,4,4,3,-13,-11,-5,-2,0.0
24.245,-2,-6,-9,-2,45,3,0,1,0.0
24.25,5,15,0,45,-9,10,4,3,0.0
24.255,3,12,30,-44,14,-1,-2,-3,0.0
24.26,2,7,7,4,14,11,4,2,0.0
24.265,-16,-56,-55,-26,-68,-15,-6,-8,0.0
24.27,4,26,7,45,39,-2,-3,2,0.0
24.275000000000002,-4,-26,4,6,-4,-1,0,-1,0.0
24.28,5,19,21,-7,0,3,2,1,0.0
24.285,2,19,27,16,34,6,2,2,0.0
24.29,-11,-27,-9,-40,-29,-7,-5,-4,0.0
24.295,-1,-4,-8,16,14,-1,1,-2,0.0
24.3,-5,-13,-39,6,-6,0,-1,-7,0.0
24.305,9,31,9,-8,-4,3,0,10,0.0
24.310000000000002,3,10,6,-5,5,1,3,11,0.0
24.315,1,15,-6,13,5,-3,-2,-1,0.0
24.32,1,4,31,38,6,3,-1,0,0.0
24.325,-5,-13,-25,-4,-10,2,2,-3,0.0
24.330000000000002,0,-2,2,-16,13,2,-2,-4,0.0
24.335,-2,-2,-4,9,8,3,-3,-5,0.0
24.34,-1,2,-11,3,-9,-2,-1,-2,0.0
24.345,-2,-3,2,-51,-26,-12,-1,-2,0.0
24.35,-2,-5,-16,-10,0,2,-1,-3,0.0
24.355,-1,10,-3,23,13,4,0,1,0.0
24.36,-1,-15,5,9,-8,-4,-3,2,0.0
24.365000000000002,4,4,20,28,-5,8,3,9,0.0
24.37,3,-4,5,-33,10,-3,-2,4,0.0
24.375,-2,2,-13,-10,-9,-1,0,-2,0.0
24.38,0,1,2,-6,-6,-4,-1,2,0.0
24.385,1,1,7,6,0,2,-1,-7,0.0
24.39,4,4,2,9,-11,-5,1,13,0.0
24.395,-19,-12,-4,-4,-3,-4,-30,-25,0.0
24.400000000000002,1,0,-5,-11,11,6,20,-1,0.0
24.405,1,-2,5,4,2,-3,6,7,0.0
24.41,-1,-5,1,11,0,0,-5,-3,0.0
24.415,8,2,-6,-11,-6,-6,0,4,0.0
24.42,3,-3,-4,-2,-7,-5,-15,-6,0.0
24.425,-18,-12,-8,-5,-5,3,-2,-13,0.0
24.43,-3,-2,6,13,8,-4,8,-1,0.0
24.435000000000002,-18,-2,-4,-3,-1,-6,-5,-1,0.0
24.44,9,4,-10,-8,-10,-6,-8,6,0.0
24.445,4,6,17,3,7,7,14,6,0.0
24.45,-28,-10,1,6,1,3,-4,-18,0.0
24.455000000000002,22,-6,-19,-12,-8,-3,-6,-5,0.0
24.46,-14,-7,-6,-11,-4,-7,-8,-11,0.0
24.465,10,3,-5,14,2,-12,-9,3,0.0
24.47,6,4,11,1,-2,2,3,0,0.0
24.475,-1,2,7,30,18,15,18,8,0.0
24.48,2,-5,-4,2,3,5,2,8,0.0
24.485,-4,-10,-7,-32,-7,-3,-5,-11,0.0
24.490000000000002,1,-11,-5,-2,-19,-7,-4,-5,0.0
24.495,3,9,23,8,-11,-8,-3,3,0.0
24.5,6,12,13,38,70,18,5,5,0.0
24.505,-9,-17,-55,-48,-93,-28,-4,-1,0.0
24.51,20,-7,-1,-19,5,-4,-10,-5,0.0
24.515,-48,-23,-25,-15,-11,-4,-3,-7,0.0
24.52,-2,-8,-5,3,2,-2,5,2,0.0
24.525000000000002,6,16,6,17,36,11,6,5,0.0
24.53,-11,3,3,-7,-22,-24,-17,-8,0.0
24.535,4,-13,-59,-34,-17,7,3,-3,0.0
24.54,-17,-11,11,-11,1,7,2,-7,0.0
24.545,-4,-10,-49,-6,28,1,2,-5,0.0
24.55,24,18,9,5,1,10,18,39,0.0
24.555,20,4,68,21,9,-3,5,4,0.0
24.560000000000002,14,10,-21,-23,-36,-8,27,33,0.0
24.565,12,-6,34,11,6,-2,-85,-77,0.0
24.57,-39,-9,23,8,6,3,15,-3,0.0
24.575,10,-13,0,-7,-8,-15,-17,-11,0.0
24.580000000000002,1,-7,-18,-6,-5,4,16,-4,0.0
24.585,7,7,58,28,28,6,15,23,0.0
24.59,18,7,-9,8,9,8,-3,-4,0.0
24.595,-3,13,-6,-10,-9,6,-2,2,0.0
24.6,-4,-11,-26,-11,-16,-15,-4,-6,0.0
24.605,9,-8,19,37,16,1,7,10,0.0
24.61,-1,21,-1,19,19,3,-1,-10,0.0
24.615000000000002,-9,-11,-50,-12,17,22,57,27,0.0
24.62,-10,-8,-58,-53,-31,-19,-60,-25,0.0
24.625,-10,1,70,30,-9,-4,4,7,0.0
24.63,6,10,76,14,-2,3,-1,-3,0.0
24.635,11,12,12,-33,-1,0,22,12,0.0
24.64,27,10,21,3,1,8,5,-10,0.0
24.645,-6,-18,-29,-19,-12,-12,-5,19,0.0
24.650000000000002,-35,-18,-15,-2,-11,-11,-37,-29,0.0
24.655,-14,0,4,17,0,-29,-14,-28,0.0
24.66,-18,-1,31,22,10,-2,-21,-9,0.0
24.665,60,25,-26,-18,-1,21,30,17,0.0
24.67,52,11,-6,5,5,13,32,5,0.0
24.675,-49,-14,-2,4,3,9,16,89,0.0
24.68,-52,-29,-17,-9,-19,-19,-29,-53,0.0
24.685000000000002,-20,-4,1,-7,-12,-23,-18,-9,0.0
24.69,22,6,-26,-2,14,18,20,9,0.0
24.695,18,15,16,16,5,11,-15,-14,0.0
24.7,11,5,16,5,7,-4,18,44,0.0
24.705000000000002,-30,-10,-15,-15,-5,1,-11,-31,0.0
24.71,-20,-18,-9,-10,-11,-11,-15,-19,0.0
24.715,23,12,4,-2,-6,-13,-4,2,0.0
24.72,2,0,20,21,11,9,0,13,0.0
24.725,-10,6,4,0,-29,-6,12,-5,0.0
24.73,-10,-15,-17,-7,27,-10,-16,-6,0.0
24.735,5,-4,5,-40,-18,16,7,-14,0.0
24.740000000000002,7,4,13,4,18,7,9,7,0.0
24.745,4,3,-9,14,10,4,85,54,0.0
24.75,1,-3,-22,-39,-31,-50,-83,-6,0.0
24.755,-9,5,14,32,13,9,-13,-47,0.0
24.76,-15,-11,13,12,-3,12,13,-22,0.0
24.765,1,9,40,2,14,36,53,3,0.0
24.77,-18,-1,14,28,6,12,44,16,0.0
24.775000000000002,9,-11,-25,-17,-22,-30,-29,5,0.0
24.78,38,14,-64,-79,-68,-72,-40,74,0.0
24.785,-18,12,51,23,53,20,-91,-63,0.0
24.79,-7,-12,-80,95,88,93,105,0,0.0
24.795,-9,-23,11,-21,-43,-5,1,-10,0.0
24.8,-2,-4,10,-24,-15,5,12,-11,0.0
24.805,36,15,15,-21,-16,-29,-14,79,0.0
24.810000000000002,-19,7,-1,-9,-25,-38,-61,-10,0.0
24.815,-14,7,17,46,49,35,4,-33,0.0
24.82,20,1,1,1,-12,-8,-7,1,0.0
24.825,29,14,0,-15,-14,-7,2,-3,0.0
24.830000000000002,7,10,49,-11,12,-2,-7,-3,0.0
24.835,5,-22,-23,116,20,-13,2,15,0.0
24.84,-62,-14,26,-30,8,7,-13,-46,0.0
24.845,-10,-10,-27,29,14,4,-3,-18,0.0
24.85,10,-3,-63,-28,-12,10,21,10,0.0
24.855,43,21,59,-14,-5,-4,-4,27,0.0
24.86,10,10,-49,-37,5,14,10,5,0.0
24.865000000000002,-12,-18,-43,16,6,7,2,-11,0.0
24.87,-7,-40,-42,-3,-30,-32,-17,27,0.0
24.875,-23,10,43,-11,7,-9,-22,-52,0.0
24.88,6,19,112,86,22,12,12,-11,0.0
24.885,-11,-3,-58,-72,-22,11,22,16,0.0
24.89,19,-10,-10,-17,-13,-1,19,26,0.0
24.895,-12,-27,3,-11,7,-9,-65,-8,0.0
24.900000000000002,-18,-11,0,4,-7,-4,-6,-67,0.0
24.905,-3,1,22,41,7,-14,-17,-29,0.0
24.91,-7,15,24,-6,-10,-4,-8,-19,0.0
24.915,4,8,-20,-19,-8,-1,21,9,0.0
24.92,10,4,9,21,11,-2,-1,23,0.0
24.925,-12,-9,-3,-8,10,-3,-18,2,0.0
24.93,3,-1,10,-19,-23,19,32,0,0.0
24.935000000000002,11,7,-6,-7,-8,0,17,41,0.0
24.94,-1,-1,-15,20,-7,0,-9,2,0.0
24.945,-4,-10,-39,-43,-16,-30,-17,11,0.0
24.95,-20,-16,15,-3,-7,-18,-36,6,0.0
24.955000000000002,4,3,-3,7,15,4,5,-33,0.0
24.96,-16,-49,-17,-4,-9,-26,-8,26,0.0
24.965,29,-23,75,71,51,84,7,-3,0.0
24.97,26,72,57,11,31,3,32,26,0.0
24.975,-10,36,-32,74,35,33,-4,-57,0.0
24.98,9,-79,-106,-84,-65,-16,7,19,0.0
24.985,-35,-66,-50,9,-73,-32,-2,-31,0.0
24.990000000000002,-31,97,-5,-63,-19,-13,-19,-20,0.0
24.995,17,-42,24,33,31,-5,2,26,0.0
25.0,12,29,49,13,24,2,-6,21,0.0
25.005,10,34,-10,-20,14,-9,-7,-5,0.0
25.01,26,-23,7,21,-7,0,-10,3,0.0
25.015,-20,-2,-28,-52,-40,-7,17,23,0.0
25.02,38,30,28,22,30,24,21,-8,0.0
25.025000000000002,-27,-17,-10,-35,-28,-28,-34,-21,0.0
25.03,-80,-49,14,-5,3,-13,-21,-11,0.0
25.035,17,13,2,-12,-19,-10,-5,7,0.0
25.04,4,5,1,4,4,14,14,4,0.0
25.045,57,55,19,0,10,11,41,49,0.0
25.05,-16,-25,-13,18,-3,-3,-24,41,0.0
25.055,-42,-45,-23,-22,-7,-14,-20,-72,0.0
25.060000000000002,-29,23,16,22,7,-3,-16,11,0.0
25.065,12,11,-14,-33,-17,-6,19,35,0.0
25.07,4,23,-24,-2,4,5,-8,13,0.0
25.075,3,27,51,14,11,0,83,15,0.0
25.080000000000002,6,-6,6,9,1,-1,-46,-72,0.0
25.085,-4,23,9,-38,-1,11,10,6,0.0
25.09,1,5,-42,31,13,-4,-4,-22,0.0
25.095,-20,-14,-35,-6,1,11,7,17,0.0
25.1,-3,-13,-4,-9,-11,-15,-4,-21,0.0
25.105,3,-10,-62,-10,-4,-10,0,12,0.0
25.11,-3,-12,32,0,-1,1,11,-4,0.0
25.115000000000002,-21,-25,-11,-8,-10,-9,-31,-8,0.0
25.12,2,-13,-11,9,-1,4,4,-14,0.0
25.125,10,13,78,20,7,1,-9,4,0.0
25.13,2,20,65,28,11,9,9,1,0.0
25.135,-15,-17,34,-12,-11,-10,-25,-23,0.0
25.14,5,-19,37,2,-6,1,5,-1,0.0
25.145,-2,-9,13,5,1,4,11,12,0.0
25.150000000000002,-5,0,9,4,1,2,-2,-17,0.0
25.155,-7,9,-31,-6,2,-6,-12,-3,0.0
25.16,2,-2,9,32,5,-5,7,3,0.0
25.165,-1,6,36,-64,-40,-14,-7,6,0.0
25.17,-4,-2,-78,-25,-6,-2,0,-9,0.0
25.175,-1,-3,14,3,5,-5,-13,-3,0.0
25.18,-1,-14,8,-40,22,5,3,5,0.0
25.185000000000002,6,25,38,111,2,1,5,11,0.0
25.19,1,25,-15,-79,-47,-12,-8,-30,0.0
25.195,-1,13,-23,10,2,1,-1,-1,0.0
25.2,4,7,2,-2,0,5,7,2,0.0
25.205000000000002,1,-1,-12,6,27,8,3,-2,0.0
25.21,2,-2,23,33,19,3,6,8,0.0
25.215,0,-3,3,0,4,-1,-4,-1,0.0
25.22,0,-2,-30,16,-14,-4,0,-8,0.0
25.225,-1,-4,-40,-26,-2,-8,-7,-5,0.0
25.23,-2,-6,4,19,-2,-3,-3,3,0.0
25.235,1,-3,-19,-26,-9,-2,-2,4,0.0
25.240000000000002,13,4,-9,-26,-28,-37,-48,10,0.0
25.245,-1,1,42,19,32,44,60,-1,0.0
25.25,-12,-11,-12,-9,1,-24,-56,-28,0.0
25.255,-14,-5,38,37,20,65,54,-19,0.0
25.26,10,-20,-36,-10,-10,-18,32,43,0.0
25.265,-4,21,18,-8,-57,-37,-43,-9,0.0
25.27,-15,-40,-83,-92,22,25,-4,-10,0.0
25.275000000000002,-3,14,59,15,17,-29,19,2,0.0
25.28,-7,-4,-22,42,13,45,35,-20,0.0
25.285,12,16,2,-17,29,-2,11,13,0.0
25.29,28,3,11,25,-29,-8,1,29,0.0
25.295,-7,3,-36,-53,-34,-31,-40,0,0.0
25.3,-14,-11,11,-17,-7,-4,-11,-46,0.0
25.305,-14,-8,-15,-16,-3,-7,-33,-3,0.0
25.310000000000002,2,7,37,29,11,0,30,11,0.0
25.315,11,-10,43,12,1,5,-9,-3,0.0
25.32,2,33,-3,-18,-10,-7,0,1,0.0
25.325,-1,-33,-99,-31,1,6,14,16,0.0
25.330000000000002,-5,-12,8,50,15,-3,-26,-5,0.0
25.335,1,8,-2,13,-1,-5,-8,-8,0.0
25.34,1,-8,54,-1,1,-1,-8,11,0.0
25.345,-5,-9,-92,-53,-15,-2,12,3,0.0
25.35,-1,1,-30,-8,2,29,51,18,0.0
25.355,-4,-3,-25,2,-4,-27,-43,5,0.0
25.36,1,9,40,20,0,-9,25,-14,0.0
25.365000000000002,0,2,17,5,-1,-4,-27,-6,0.0
25.37,-3,1,31,6,-2,-3,-6,-15,0.0
25.375,-5,-10,-30,-9,-7,-5,-38,-13,0.0
25.38,-1,-7,-31,-5,-1,6,22,9,0.0
25.385,2,5,65,17,1,-1,0,8,0.0
25.39,0,9,-24,-6,-1,3,16,7,0.0
25.395,6,2,-11,-10,-4,9,32,17,0.0
25.400000000000002,-5,-6,-5,-5,1,-6,-19,29,0.0
25.405,-11,-9,-32,-9,-2,0,-7,-33,0.0
25.41,-3,-3,-8,-4,-2,-4,-7,-10,0.0
25.415,5,-6,-10,3,-2,-1,6,5,0.0
25.42,1,0,-9,-7,2,2,-10,5,0.0
25.425,2,-2,-10,1,-5,-6,39,16,0.0
25.43,-8,-2,20,3,-2,-10,-62,-60,0.0
25.435000000000002,2,-1,-2,-2,0,4,1,4,0.0
25.44,-3,-5,-15,-3,-2,-5,2,-2,0.0
25.445,-1,-6,15,6,10,25,-10,-15,0.0
25.45,-9,-1,10,-1,-19,-47,16,11,0.0
25.455000000000002,2,8,26,-1,23,16,13,3,0.0
25.46,4,10,21,17,21,16,-12,-1,0.0
25.465,-15,14,-17,-4,-7,-39,-20,-13,0.0
25.47,12,-26,55,51,9,27,23,12,0.0
25.475,0,-7,-13,-37,-54,-25,-23,-4,0.0
25.48,-13,0,7,-16,-4,3,0,-3,0.0
25.485,6,10,11,3,19,14,-12,-1,0.0
25.490000000000002,-1,0,-45,-15,-17,-26,-6,-1,0.0
25.495,-13,-12,-12,14,10,9,8,-14,0.0
25.5,3,4,50,9,-3,2,20,-10,0.0
25.505,8,-8,-25,11,20,17,6,5,0.0
25.51,1,6,16,41,-47,2,12,11,0.0
25.515,0,-5,-10,-33,-24,-8,8,4,0.0
25.52,-6,-4,-21,3,36,-5,-10,-16,0.0
25.525000000000002,-2,-8,8,7,8,-20,-17,-8,0.0
25.53,2,5,1,-8,25,2,17,17,0.0
25.535,-5,4,-5,1,-16,4,-7,-5,0.0
25.54,-3,-5,-22,-17,-33,-11,-22,-5,0.0
25.545,2,-6,2,-6,-8,0,11,8,0.0
25.55,-1,8,3,-21,-1,19,11,5,0.0
25.555,-1,-4,2,28,21,0,19,-4,0.0
25.560000000000002,0,-7,-4,0,7,-2,-16,-3,0.0
25.565,-1,-5,3,-4,-16,-15,-29,-14,0.0
25.57,-1,6,-5,-25,-2,-4,-11,-4,0.0
25.575,-7,-3,11,0,5,-4,-6,-4,0.0
25.580000000000002,3,-6,14,13,3,12,27,9,0.0
25.585,0,2,9,-4,-9,7,4,1,0.0
25.59,-5,-14,-19,-15,3,-1,-5,-3,0.0
25.595,-2,-25,-22,2,9,1,-4,-1,0.0
25.6,0,-19,-26,-6,-8,-4,-7,1,0.0
25.605,-1,-30,14,3,-9,2,10,3,0.0
25.61,2,-20,4,0,25,7,-8,0,0.0
25.615000000000002,9,-6,-22,28,13,0,0,15,0.0
25.62,-4,-78,-12,-45,-44,-11,-3,2,0.0
25.625,-6,-37,12,16,-26,-7,-2,-2,0.0
25.63,8,48,5,-27,12,6,15,8,0.0
25.635,1,44,-15,15,-15,-2,1,-7,0.0
25.64,8,95,-8,16,28,2,-21,-3,0.0
25.645,-6,35,11,-15,-9,-24,-22,-3,0.0
25.650000000000002,-5,75,11,-3,17,7,-5,-12,0.0
25.655,-4,58,20,24,25,3,-5,-3,0.0
25.66,-2,28,-16,-42,-49,0,21,5,0.0
25.665,2,4,-12,-22,2,5,9,1,0.0
25.67,-5,-43,-12,-2,5,-2,-9,-2,0.0
25.675,-5,-13,-16,-32,0,4,6,-3,0.0
25.68,-3,-29,-10,23,33,-1,-12,-5,0.0
25.685000000000002,-4,-21,-8,5,-6,0,-1,1,0.0
25.69,-2,-14,5,1,-18,-6,1,1,0.0
25.695,3,-17,9,-8,11,2,-1,2,0.0
25.7,-5,-4,-2,-9,-19,-11,-4,-7,0.0
25.705000000000002,6,25,16,11,6,4,2,-1,0.0
25.71,-6,-2,-13,30,3,4,1,-4,0.0
25.715,-7,-31,16,-17,-10,-8,-7,-4,0.0
25.72,15,50,-10,-10,6,3,6,14,0.0
25.725,4,-5,2,8,9,6,-5,0,0.0
25.73,-5,11,-15,9,-4,-8,-8,4,0.0
25.735,-8,-9,-16,-25,-11,-4,-5,-8,0.0
25.740000000000002,-15,-17,-40,9,-2,-4,-3,-8,0.0
25.745,-3,-11,7,-3,2,-2,8,6,0.0
25.75,16,13,22,-14,-15,-17,5,16,0.0
25.755,-10,61,56,26,7,11,-13,-37,0.0
25.76,-17,-98,-60,-2,2,1,-2,-9,0.0
25.765,-6,44,-10,-13,-4,-7,-7,-9,0.0
25.77,0,26,30,-5,1,-1,-7,-17,0.0
25.775000000000002,5,0,29,-4,-8,-7,8,16,0.0
25.78,4,-4,46,24,-1,2,3,-4,0.0
25.785,11,38,76,14,7,8,8,13,0.0
25.79,-13,-57,-101,-23,-14,-14,-9,-19,0.0
25.795,1,-14,22,-3,2,2,14,9,0.0
25.8,3,39,11,4,7,1,-12,-14,0.0
25.805,-4,-33,-20,-5,-5,-2,2,9,0.0
25.810000000000002,4,14,59,12,3,6,2,10,0.0
25.815,8,-16,3,1,-5,-6,-7,-2,0.0
25.82,9,13,-7,8,5,2,12,9,0.0
25.825,-14,4,-39,-7,-2,-1,3,-14,0.0
25.830000000000002,-3,-20,19,3,-1,-1,-9,20,0.0
25.835,-12,-34,-102,-27,-5,-9,-12,-16,0.0
25.84,-4,14,61,19,-11,-2,1,2,0.0
25.845,5,4,9,3,8,1,-2,-2,0.0
25.85,-1,0,-9,1,0,3,4,-2,0.0
25.855,4,-2,23,14,-4,0,-1,4,0.0
25.86,-7,-16,7,1,12,1,-7,-7,0.0
25.865000000000002,3,9,-24,-32,-22,-5,1,-3,0.0
25.87,-15,-55,12,1,6,1,-1,-9,0.0
25.875,7,16,8,17,4,-1,0,16,0.0
25.88,-9,-28,-49,-38,28,1,-4,-21,0.0
25.885,-4,-14,-20,34,-48,-6,-1,0,0.0
25.89,1,2,56,6,-4,1,2,-7,0.0
25.895,3,1,35,3,-2,-2,0,8,0.0
25.900000000000002,2,20,-51,-32,8,-4,-3,2,0.0
25.905,1,-20,16,21,-6,-4,0,-1,0.0
25.91,6,34,-18,-15,2,5,5,0,0.0
25.915,-3,-17,32,28,5,1,-4,13,0.0
25.92,-3,-1,27,4,0,-1,0,3,0.0
25.925,1,6,30,-2,13,2,-2,-3,0.0
25.93,-2,-7,-1,22,3,-1,-5,-7,0.0
25.935000000000002,2,-13,-54,-38,-13,3,24,2,0.0
25.94,-7,-6,42,43,7,-4,-26,1,0.0
25.945,-8,-14,-32,-29,-4,-4,-5,-4,0.0
25.95,1,-4,-89,-39,-11,12,24,8,0.0
25.955000000000002,4,18,-1,-10,2,-1,9,-1,0.0
25.96,7,2,-6,-28,-14,7,-1,6,0.0
25.965,-4,-24,-13,1,14,4,0,-3,0.0
25.97,1,-12,58,31,12,0,-6,1,0.0
25.975,-9,-14,-60,-38,-15,-7,7,-9,0.0
25.98,-5,-25,9,3,-13,0,16,3,0.0
25.985,3,7,-20,-34,3,8,-10,0,0.0
25.990000000000002,0,-4,-26,-25,-5,-17,-13,-5,0.0
25.995,-6,-6,41,32,4,-2,-15,-11,0.0
26.0,0,-15,-58,-29,-14,-5,4,8,0.0
26.005,-6,-32,3,-2,8,0,0,5,0.0
26.01,-4,-13,8,2,-1,14,12,6,0.0
26.015,-5,-4,-9,-6,-6,-16,-34,-12,0.0
26.02,-5,-10,36,22,-3,-8,3,-4,0.0
26.025000000000002,10,26,23,3,10,4,16,3,0.0
26.03,-9,17,-13,-1,-2,-1,-17,-7,0.0
26.035,13,37,13,11,3,0,9,-1,0.0
26.04,-11,-11,5,-5,-5,6,16,-7,0.0
26.045,6,8,-2,5,3,-5,-5,28,0.0
26.05,-3,6,13,6,3,-2,2,-4,0.0
26.055,-2,-12,-13,-4,0,5,-2,1,0.0
26.060000000000002,17,35,37,16,1,-1,5,5,0.0
26.065,0,13,-36,-9,0,-4,-2,-4,0.0
26.07,-3,-16,-6,5,-1,-6,-12,-2,0.0
26.075,2,-2,6,-1,-4,2,6,4,0.0
26.080000000000002,-3,5,-8,4,-3,-4,-14,2,0.0
26.085,-4,-17,7,16,5,-1,-3,-10,0.0
26.09,7,3,6,-12,-2,0,3,0,0.0
26.095,-1,-12,-8,0,3,-3,-7,-3,0.0
26.1,-2,-11,10,5,5,2,3,1,0.0
26.105,-2,-8,-1,9,-4,-1,3,-8,0.0
26.11,-2,1,-18,-16,-13,-7,-3,-8,0.0
26.115000000000002,-11,-9,26,-1,0,-2,-6,16,0.0
26.12,3,-14,-26,5,-2,1,-7,-6,0.0
26.125,-3,21,33,2,11,1,7,-2,0.0
26.13,-6,-10,-12,2,0,1,3,-13,0.0
26.135,-3,18,0,4,-3,-4,-5,-2,0.0
26.14,4,50,7,4,-2,-4,-6,-3,0.0
26.145,-2,0,2,-6,-9,-2,-2,-9,0.0
26.150000000000002,8,26,20,-1,2,1,2,12,0.0
26.155,4,-25,-19,1,-3,0,0,2,0.0
26.16,-7,0,5,6,-3,-4,-3,-4,0.0
26.165,5,20,-15,-4,4,1,1,-6,0.0
26.17,-5,5,16,5,-7,-4,-4,-3,0.0
26.175,-3,-16,-3,-4,-7,-2,3,-1,0.0
26.18,5,10,6,3,-1,-3,-5,1,0.0
26.185000000000002,-7,-14,-2,11,-5,-4,-7,-5,0.0
26.19,2,8,-10,0,7,3,3,2,0.0
26.195,-3,-1,-1,-2,-2,-4,-17,-8,0.0
26.2,-1,-2,13,-3,-6,-3,3,1,0.0
26.205000000000002,-4,-8,-11,-10,2,-1,-2,-3,0.0
26.21,0,-4,20,20,6,1,1,-1,0.0
26.215,2,12,11,-3,-3,-1,1,-4,0.0
26.22,-1,-3,-3,-24,1,4,2,1,0.0
26.225,-2,-3,-2,6,-14,-6,-4,0,0.0
26.23,2,-3,24,17,3,0,1,2,0.0
26.235,-3,5,1,0,4,1,-1,-3,0.0
26.240000000000002,-2,3,-11,-3,1,-1,-2,-1,0.0
26.245,0,-2,10,-5,-1,-1,3,0,0.0
26.25,1,-9,-1,-1,0,2,2,2,0.0
26.255,-4,2,15,1,-2,-8,-12,-14,0.0
26.26,-4,-8,-14,-1,-8,-3,-3,9,0.0
26.265,-3,-9,8,6,4,3,4,-8,0.0
26.27,-2,0,-4,-12,-7,-6,-4,18,0.0
26.275000000000002,7,6,19,16,8,7,7,-7,0.0
26.28,-6,-7,-5,-16,-10,-5,-7,6,0.0
26.285,-1,-1,-16,-10,6,-1,-2,-7,0.0
26.29,1,15,3,0,-3,-4,-4,1,0.0
26.295,-1,-14,1,0,-3,-1,1,-2,0.0
26.3,0,-7,-21,-9,-7,0,2,6,0.0
26.305,-3,-14,42,15,9,1,1,0,0.0
26.310000000000002,3,11,1,-1,-5,-6,-5,-8,0.0
26.315,-2,-10,-24,3,2,3,6,9,0.0
26.32,3,-1,52,-13,-3,-2,-3,-6,0.0
26.325,-3,2,-32,-15,-6,-5,-4,-1,0.0
26.330000000000002,-3,13,0,-4,-2,0,-4,-8,0.0
26.335,-2,-3,22,11,2,1,7,1,0.0
26.34,-7,-15,-34,-4,-8,-18,-25,-19,0.0
26.345,5,9,9,2,2,3,2,5,0.0
26.35,-3,-22,-18,-13,-4,-6,-4,-8,0.0
26.355,4,12,19,8,3,5,-1,9,0.0
26.36,-1,6,-5,10,7,8,12,2,0.0
26.365000000000002,0,-8,2,-3,-7,-6,-8,-6,0.0
26.37,-2,-14,-21,1,0,4,-1,-5,0.0
26.375,-1,-3,-12,-11,0,1,6,10,0.0
26.38,1,-1,0,10,1,0,4,5,0.0
26.385,-7,-10,-30,-9,-4,-4,-11,-6,0.0
26.39,-4,-6,5,-2,-1,-3,-3,-15,0.0
26.395,-5,-1,-23,-11,-4,-6,-5,-7,0.0
26.400000000000002,3,12,20,3,0,1,3,-3,0.0
26.405,4,6,1,2,1,4,7,6,0.0
26.41,-2,-9,-4,4,4,1,3,9,0.0
26.415,-4,-5,-17,-14,-1,-2,-6,-10,0.0
26.42,0,-2,-1,19,-2,0,-3,0,0.0
26.425,0,3,-16,-33,-13,-7,-5,-4,0.0
26.43,6,8,-10,3,-2,-1,-1,2,0.0
26.435000000000002,-1,0,-2,4,1,-1,0,-2,0.0
26.44,-6,-13,-19,4,4,4,7,2,0.0
26.445,3,16,13,6,5,4,1,-1,0.0
26.45,-5,-37,-4,-11,-6,-7,-8,21,0.0
26.455000000000002,1,-1,-14,-9,-7,-8,-3,7,0.0
26.46,6,28,78,29,17,16,13,-11,0.0
26.465,-35,-79,-106,-30,-11,-19,-15,-11,0.0
26.47,-2,-25,60,-3,-2,4,5,-8,0.0
26.475,8,20,16,6,2,1,10,9,0.0
26.48,2,-3,10,-9,-8,-11,-18,-3,0.0
26.485,2,18,26,14,3,6,7,1,0.0
26.490000000000002,7,-2,-32,-8,-3,-5,-7,10,0.0
26.495,-7,-5,31,6,1,0,-4,-11,0.0
26.5,-2,-13,-53,-3,-1,3,17,15,0.0
26.505,3,-2,58,20,8,8,-4,1,0.0
26.51,-18,-32,-77,-15,-6,-11,-15,-25,0.0
26.515,5,11,-1,-15,-10,-2,2,7,0.0
26.52,-12,3,27,-10,-4,-5,-9,-9,0.0
26.525000000000002,0,0,-58,-39,-7,3,11,8,0.0
26.53,3,19,62,9,3,5,8,2,0.0
26.535,2,-2,-4,6,2,-1,-3,10,0.0
26.54,1,4,25,1,-2,-3,-6,-9,0.0
26.545,5,10,-13,17,4,0,3,4,0.0
26.55,2,13,16,2,1,1,-1,-10,0.0
26.555,-3,-8,-12,-7,-3,-1,-4,-10,0.0
26.560000000000002,21,64,34,12,7,4,4,6,0.0
26.565,-34,-85,-51,-27,-15,-11,-12,-16,0.0
26.57,-4,38,64,0,7,5,8,2,0.0
26.575,-4,0,-51,8,-15,-8,-4,-5,0.0
26.580000000000002,1,13,-40,-13,-3,-4,-2,0,0.0
26.585,11,6,21,10,12,6,4,5,0.0
26.59,6,-20,-89,-26,0,3,6,4,0.0
26.595,0,16,65,27,-6,-2,-3,15,0.0
26.6,-7,-9,-52,-45,-4,-10,-18,-35,0.0
26.605,5,13,21,36,14,-2,-3,-6,0.0
26.61,9,35,7,-7,-1,-1,1,-2,0.0
26.615000000000002,-5,-19,-64,-31,-15,-7,-5,-9,0.0
26.62,-9,-33,-4,-15,-13,2,4,15,0.0
26.625,14,63,73,1,4,1,4,-9,0.0
26.63,-7,7,28,13,5,-1,2,-8,0.0
26.635,1,12,8,25,17,5,-7,-4,0.0
26.64,0,5,50,-45,-103,-1,-6,-1,0.0
26.645,4,4,-11,-9,86,-12,2,9,0.0
26.650000000000002,2,-6,-1,-38,-8,19,14,11,0.0
26.655,0,2,4,16,-96,-9,6,-15,0.0
26.66,-7,-30,-28,-4,95,0,-6,-6,0.0
26.665,5,21,54,40,74,38,-4,26,0.0
26.67,-3,-8,-23,41,-41,-46,-1,-7,0.0
26.675,2,-11,4,-1,1,7,-2,4,0.0
26.68,-5,-8,-13,-8,-66,-10,8,-7,0.0
26.685000000000002,-2,-4,16,-9,-90,-20,-4,-1,0.0
26.69,-5,-3,-8,-2,17,4,-12,-5,0.0
26.695,-2,-8,11,-17,10,8,0,-6,0.0
26.7,8,5,8,29,-2,-10,0,10,0.0
26.705000000000002,2,7,-15,-5,2,6,-2,-7,0.0
26.71,-12,-22,16,8,-3,12,-4,-4,0.0
26.715,-2,4,-26,-28,5,-16,-6,-3,0.0
26.72,-5,-9,-6,9,24,5,-2,1,0.0
26.725,-2,-5,-18,4,-19,-5,2,0,0.0
26.73,5,7,13,0,0,6,7,-1,0.0
26.735,-4,-4,0,-6,20,0,7,2,0.0
26.740000000000002,-4,-14,-13,14,23,4,-3,-1,0.0
26.745,-2,0,4,0,-35,-6,-9,-8,0.0
26.75,-4,1,6,2,-13,-12,-13,0,0.0
26.755,-13,-9,-8,-12,29,4,2,-2,0.0
26.76,-8,-6,-8,14,2,10,12,4,0.0
26.765,-6,0,4,-8,-21,-8,6,4,0.0
26.77,-13,-6,-8,2,6,1,-8,-5,0.0
26.775000000000002,-5,-6,13,3,4,-4,-6,-4,0.0
26.78,-1,-4,-24,-12,-4,-8,2,1,0.0
26.785,-6,-15,-22,-11,-20,3,-7,-2,0.0
26.79,0,2,-11,11,13,-7,3,4,0.0
26.795,-3,4,26,3,9,6,4,-2,0.0
26.8,-1,-20,9,3,-1,-4,-2,-2,0.0
26.805,-2,-32,8,10,5,4,11,0,0.0
26.810000000000002,-2,-14,16,-1,-9,0,-6,3,0.0
26.815,-6,-40,-21,-23,-10,-8,-10,-7,0.0
26.82,-2,-29,-3,14,6,0,-2,7,0.0
26.825,3,5,16,-5,-4,-1,5,-1,0.0
26.830000000000002,6,-27,-58,-28,-1,2,0,-1,0.0
26.835,3,-43,12,9,-2,-3,-3,-4,0.0
26.84,15,-4,38,8,2,4,6,3,0.0
26.845,0,-33,-92,-18,-12,-7,-4,-11,0.0
26.85,4,9,28,27,3,5,2,-2,0.0
26.855,7,16,-32,-14,11,7,-5,-11,0.0
26.86,-5,-9,-11,18,-7,-2,7,-1,0.0
26.865000000000002,3,20,17,29,-7,-5,-5,-3,0.0
26.87,1,13,-54,-33,-1,-3,-8,-5,0.0
26.875,-6,0,-60,-16,-11,-6,-2,-5,0.0
26.88,-1,27,3,-2,-3,-3,-6,-5,0.0
26.885,10,27,-4,16,2,6,35,17,0.0
26.89,0,19,5,2,2,15,32,23,0.0
26.895,4,26,27,11,1,-20,-45,-10,0.0
26.900000000000002,5,36,12,8,6,-6,-32,-18,0.0
26.905,-14,19,25,3,-5,-7,-37,-61,0.0
26.91,3,16,1,-37,0,4,0,-3,0.0
26.915,4,33,35,1,5,11,27,27,0.0
26.92,-5,10,-9,-50,-6,-2,24,8,0.0
26.925,5,13,30,-6,-1,-2,-3,9,0.0
26.93,-1,6,34,31,2,0,-1,2,0.0
26.935000000000002,-1,18,14,11,7,14,75,16,0.0
26.94,0,5,-15,-9,-7,-4,-32,-7,0.0
26.945,-2,7,19,2,-4,-22,-49,5,0.0
26.95,-6,1,4,-3,-1,-6,-44,-51,0.0
26.955000000000002,-1,-7,-8,6,2,1,13,9,0.0
26.96,3,1,14,22,7,16,43,15,0.0
26.965,3,2,-7,-24,-7,9,23,61,0.0
26.97,1,-8,-11,-4,-7,-1,21,2,0.0
26.975,3,-6,2,-3,3,14,9,27,0.0
26.98,-9,-10,-5,-2,-11,-46,-48,-35,0.0
26.985,1,-3,-1,-4,1,-5,-13,1,0.0
26.990000000000002,-3,-14,1,12,2,4,1,5,0.0
26.995,7,5,9,2,1,13,54,10,0.0
27.0,2,-9,-16,-7,1,23,87,95,0.0
27.005,-5,-12,-6,-3,-5,-33,-95,-50,0.0
27.01,-6,-13,-1,6,-3,-4,26,4,0.0
27.015,11,-10,5,9,3,7,50,70,0.0
27.02,14,6,-11,-12,-9,-11,-31,-65,0.0
27.025000000000002,-6,-6,4,-4,3,34,16,-45,0.0
27.03,-2,-3,3,13,0,6,107,114,0.0
27.035,-19,-15,-10,-14,-9,-23,-128,-40,0.0
27.04,-2,-15,-6,0,-5,-55,-101,-80,0.0
27.045,11,6,6,4,4,15,92,121,0.0
27.05,0,14,-5,-2,0,9,68,56,0.0
27.055,16,-8,-12,-8,-5,3,-9,-45,0.0
27.060000000000002,-35,-16,8,11,1,15,-5,-4,0.0
27.065,28,-16,-25,-15,-8,-13,-24,-45,0.0
27.07,-30,3,14,7,2,-2,1,-51,0.0
27.075,-9,-10,1,7,2,-2,2,37,0.0
27.080000000000002,-37,-8,16,5,3,7,-31,-106,0.0
27.085,-73,-15,0,0,0,2,17,47,0.0
27.09,56,4,-3,-13,-2,4,46,51,0.0
27.095,-19,-9,3,-1,-5,-20,-93,10,0.0
27.1,-49,-9,10,8,1,11,50,10,0.0
27.105,24,12,31,21,8,16,53,21,0.0
27.11,14,-11,-26,-10,-2,-6,-17,28,0.0
27.115000000000002,0,7,10,-11,-1,-7,-58,-73,0.0
27.12,0,-17,-24,-6,-5,-8,-7,35,0.0
27.125,32,9,-5,-12,-6,-3,13,-12,0.0
27.13,8,8,21,17,6,8,-16,14,0.0
27.135,-2,7,-2,8,-2,-5,41,88,0.0
27.14,11,2,-34,-20,3,8,-5,-45,0.0
27.145,2,-2,-15,-13,-4,1,15,-7,0.0
27.150000000000002,-10,3,-2,-17,-5,-14,-54,-57,0.0
27.155,-2,-8,18,16,5,9,22,6,0.0
27.16,7,6,-17,-6,-16,-3,10,-27,0.0
27.165,-14,11,-10,-1,-2,-7,-12,8,0.0
27.17,-5,-2,-1,-11,4,1,-38,-37,0.0
27.175,2,14,-13,10,17,2,12,-19,0.0
27.18,20,15,29,62,40,20,26,69,0.0
27.185000000000002,-4,-18,-6,-88,-65,-13,-6,-20,0.0
27.19,-8,-10,-47,-21,-31,-18,-46,-33,0.0
27.195,-2,0,2,-5,-1,-6,13,-25,0.0
27.2,19,10,19,14,26,16,15,46,0.0
27.205000000000002,0,0,-1,62,44,10,-9,-12,0.0
27.21,-17,-17,-16,-37,-30,-15,-24,-11,0.0
27.215,-4,-15,14,-6,-4,1,10,-7,0.0
27.22,10,-3,-11,-14,-13,0,9,26,0.0
27.225,-3,2,15,18,9,-4,-7,-5,0.0
27.23,-8,-6,10,23,9,-1,-14,-11,0.0
27.235,6,2,-8,23,0,2,5,-12,0.0
27.240000000000002,8,9,7,-21,-8,-2,-1,18,0.0
27.245,-5,-6,-3,-3,-6,-5,0,-7,0.0
27.25,4,1,20,22,16,6,-9,-7,0.0
27.255,-4,-4,22,-4,-9,-6,-2,-14,0.0
27.26,-6,-4,13,1,-9,-2,7,21,0.0
27.265,3,-6,-29,-12,6,1,-1,1,0.0
27.27,0,-3,-14,-39,-2,2,-5,21,0.0
27.275000000000002,3,-4,14,66,-4,-1,0,-12,0.0
27.28,19,19,44,-10,1,28,95,123,0.0
27.285,4,-22,-52,4,-6,-36,-99,-104,0.0
27.29,-10,-14,-5,1,-7,-20,-21,-10,0.0
27.295,5,2,-35,-44,-3,7,47,43,0.0
27.3,-21,-7,13,17,0,-9,-17,-17,0.0
27.305,12,15,30,46,15,42,84,67,0.0
27.310000000000002,5,5,10,-2,4,-7,-95,-4,0.0
27.315,-11,-2,3,7,-4,-25,33,-21,0.0
27.32,38,6,-6,7,-1,19,80,14,0.0
27.325,-4,-13,-4,-19,-10,-50,-96,-73,0.0
27.330000000000002,-4,-3,4,17,7,18,49,25,0.0
27.335,47,13,-1,-25,2,17,47,70,0.0
27.34,-7,-9,-30,-17,-4,-14,-100,-77,0.0
27.345,13,4,9,-5,-2,13,36,81,0.0
27.35,-15,-8,7,9,3,3,44,-11,0.0
27.355,4,-3,-14,-11,1,4,-50,-49,0.0
27.36,-8,4,-6,0,0,8,37,69,0.0
27.365000000000002,-22,-35,-13,-17,-11,-26,-27,-34,0.0
27.37,21,6,7,9,3,-7,-41,21,0.0
27.375,8,-7,-24,-18,-1,3,25,13,0.0
27.38,-49,-26,-12,-11,-5,1,-1,10,0.0
27.385,3,3,18,-2,3,13,43,11,0.0
27.39,-19,-9,-20,-5,-3,-6,11,-49,0.0
27.395,-9,2,6,5,7,1,-35,-17,0.0
27.400000000000002,33,9,3,5,-19,-13,-11,-10,0.0
27.405,-26,5,-12,-5,32,13,6,23,0.0
27.41,-13,1,9,36,-48,-9,10,-11,0.0
27.415,-14,8,-14,-33,-1,5,-4,4,0.0
27.42,11,34,-15,-3,7,-3,-19,-11,0.0
27.425,-4,-1,2,-2,7,1,17,4,0.0
27.43,15,-1,29,24,25,8,6,7,0.0
27.435000000000002,-16,-11,10,18,4,5,-1,-11,0.0
27.44,1,2,-24,-63,-20,-14,-18,-12,0.0
27.445,-5,-8,-11,-3,-30,-1,-2,-6,0.0
27.45,-3,2,-14,-24,3,2,7,-2,0.0
27.455000000000002,-2,-1,-4,5,-6,-9,-20,2,0.0
27.46,-1,-15,5,13,13,-3,-5,-6,0.0
27.465,0,23,16,6,5,6,12,11,0.0
27.47,3,4,1,0,-6,0,-1,0,0.0
27.475,-12,-1,-5,-27,-8,-9,-6,-7,0.0
27.48,-2,-6,-5,17,-20,-8,-10,-4,0.0
27.485,0,2,7,14,23,9,12,5,0.0
27.490000000000002,4,12,3,-10,15,4,0,0,0.0
27.495,-9,-5,-1,5,3,0,-10,-11,0.0
27.5,-1,-5,10,5,-6,-2,1,0,0.0
27.505,4,3,-12,3,-16,-5,-2,8,0.0
27.51,-8,-2,-14,-10,-3,-7,0,-5,0.0
27.515,4,-2,5,10,5,5,3,-1,0.0
27.52,-11,-10,-13,-13,-1,-3,-6,-3,0.0
27.525000000000002,1,8,12,-2,-9,2,9,6,0.0
27.53,4,-1,12,8,6,18,27,13,0.0
27.535,-11,-19,34,9,-12,-31,-78,-23,0.0
27.54,8,-20,22,54,29,28,91,96,0.0
27.545,2,1,20,-24,3,-19,41,-15,0.0
27.55,-12,-8,-11,-1,-2,-6,-44,-90,0.0
27.555,10,12,60,21,-4,-10,-1,-46,0.0
27.560000000000002,-19,-24,14,32,12,3,-7,10,0.0
27.565,5,5,-10,-5,-6,27,71,76,0.0
27.57,18,1,10,5,14,6,53,113,0.0
27.575,-30,-3,-5,-11,-22,-76,-88,-61,0.0
27.580000000000002,0,-5,-6,-8,4,3,30,3,0.0
27.585,2,-6,-12,-7,-9,18,94,67,0.0
27.59,6,16,10,-9,-13,-13,-47,5,0.0
27.595,2,5,-28,6,13,33,64,55,0.0
27.6,-3,18,7,-7,-8,-8,-54,-83,0.0
27.605,-11,-4,-21,-7,-6,-22,-65,-28,0.0
27.61,5,-3,-35,-15,-2,2,3,8,0.0
27.615000000000002,7,-7,-28,-12,-7,4,25,22,0.0
27.62,-8,-1,24,5,6,10,33,10,0.0
27.625,-17,-42,66,17,1,2,-98,-59,0.0
27.63,-4,30,-38,-20,-7,-19,-22,-10,0.0
27.635,-3,-48,23,-17,-5,16,24,18,0.0
27.64,13,54,-11,-19,-9,-9,2,-17,0.0
27.645,-6,-2,-19,13,-6,-17,-29,-29,0.0
27.650000000000002,-12,-45,39,14,6,11,31,35,0.0
27.655,-3,5,-78,-40,-14,-4,-16,-18,0.0
27.66,11,8,-20,-7,2,2,-9,14,0.0
27.665,11,6,13,9,23,12,18,23,0.0
27.67,3,18,11,43,27,6,-12,-20,0.0
27.675,4,21,-12,-34,-74,-15,15,5,0.0
27.68,-14,1,-12,-20,-9,-25,-43,-34,0.0
27.685000000000002,-3,-20,25,23,8,4,-8,-14,0.0
27.69,8,32,-14,18,28,13,25,2,0.0
27.695,-4,41,37,13,2,12,7,5,0.0
27.7,-9,-118,41,-42,-45,-16,0,23,0.0
27.705000000000002,3,-26,-75,-14,-23,-5,-7,-15,0.0
27.71,-18,-32,13,-25,-1,-10,-17,-18,0.0
27.715,-2,30,14,44,38,7,15,22,0.0
27.72,-21,-30,-67,-3,6,-8,-52,-43,0.0
27.725,1,-26,116,5,-9,-4,42,36,0.0
27.73,4,-2,44,-2,-7,-13,-63,-15,0.0
27.735,-14,-51,-97,26,14,33,53,-13,0.0
27.740000000000002,19,29,-30,-56,-18,-6,16,25,0.0
27.745,-7,5,26,-50,-7,-5,-6,-14,0.0
27.75,5,28,37,2,-39,-5,-1,9,0.0
27.755,21,1,93,26,35,-9,-11,25,0.0
27.76,-4,-3,-61,23,13,17,4,-11,0.0
27.765,7,38,-35,14,5,-9,-9,6,0.0
27.77,0,-14,7,25,17,8,21,-4,0.0
27.775000000000002,6,18,8,-4,13,18,6,20,0.0
27.78,-5,-24,-6,13,2,-10,-3,-1,0.0
27.785,-2,25,-27,-11,-35,-15,-26,-7,0.0
27.79,-14,-18,-6,12,11,-3,15,-11,0.0
27.795,0,-5,-21,-1,7,-2,-1,44,0.0
27.8,10,41,-1,-17,6,3,66,-13,0.0
27.805,-10,-12,22,11,-3,21,-1,13,0.0
27.810000000000002,7,10,-4,1,-16,6,98,9,0.0
27.815,-13,-20,25,-4,-10,-49,-113,-16,0.0
27.82,4,6,13,-3,0,-2,-4,-7,0.0
27.825,12,18,12,28,22,37,93,32,0.0
27.830000000000002,-12,-24,-30,-17,-6,-25,-11,-22,0.0
27.835,-5,2,26,-41,-18,-4,-22,-52,0.0
27.84,0,-3,-6,-7,-2,4,-5,-22,0.0
27.845,1,4,-40,6,14,-9,-48,-34,0.0
27.85,31,43,-27,-31,-9,3,-22,42,0.0
27.855,9,-26,-28,-18,-13,3,17,-6,0.0
27.86,-65,-38,-6,13,2,8,14,25,0.0
27.865000000000002,-20,-12,19,17,7,-19,-22,-4,0.0
27.87,20,-8,7,-1,-5,7,2,-21,0.0
27.875,11,-9,-48,-18,-5,0,-17,1,0.0
27.88,-4,-9,19,18,14,17,12,22,0.0
27.885,0,17,12,-9,-3,6,39,27,0.0
27.89,49,-3,-4,-10,-12,-20,-24,-2,0.0
27.895,81,94,18,13,13,24,16,61,0.0
27.900000000000002,-15,-72,-51,1,-8,-21,-19,-58,0.0
27.905,61,-14,-22,-25,-4,-7,-30,11,0.0
27.91,-82,-42,-22,11,-10,-13,-49,-50,0.0
27.915,-12,-104,-30,-20,4,15,58,19,0.0
27.92,35,-14,11,4,-9,-2,-3,26,0.0
27.925,88,27,-17,-12,-4,-12,-29,-5,0.0
27.93,-38,28,-33,3,8,21,48,20,0.0
27.935000000000002,3,-106,19,-3,-5,-6,14,-2,0.0
27.94,-97,-34,-49,-5,9,-7,-30,-4,0.0
27.945,6,50,63,2,-20,-3,-4,-16,0.0
27.95,20,29,-24,35,13,8,16,21,0.0
27.955000000000002,-23,12,-32,14,30,4,-7,-39,0.0
27.96,18,-23,29,-67,-33,-23,-43,3,0.0
27.965,-15,57,-128,-19,-4,6,23,10,0.0
27.97,7,-32,127,7,-15,8,23,-2,0.0
27.975,-44,15,-80,-82,33,-5,-40,-26,0.0
27.98,21,-17,-12,-63,-29,5,40,12,0.0
27.985,-22,-8,107,62,23,0,-10,4,0.0
27.990000000000002,3,20,2,-29,-28,0,0,5,0.0
27.995,1,39,38,42,33,9,16,15,0.0
28.0,18,57,15,-39,-10,-6,-18,-25,0.0
28.005,-20,-34,-27,16,-1,-5,-4,-2,0.0
28.01,-7,-5,-45,-15,-9,-6,-19,-7,0.0
28.015,-9,0,-5,49,6,5,9,3,0.0
28.02,35,42,2,45,8,1,61,32,0.0
28.025000000000002,-22,-8,40,-17,0,10,-11,-17,0.0
28.03,-11,-18,-33,6,13,-17,-10,-1,0.0
28.035,1,15,5,-14,-33,-5,1,0,0.0
28.04,22,32,34,32,3,-12,-24,11,0.0
28.045,-27,-44,-36,-17,2,-9,16,14,0.0
28.05,9,-12,37,9,10,37,90,64,0.0
28.055,-17,2,9,5,-24,-35,-91,-77,0.0
28.060000000000002,5,33,8,9,14,17,-22,17,0.0
28.065,15,-6,-11,6,3,12,74,68,0.0
28.07,0,0,-49,-25,0,-27,-96,-90,0.0
28.075,-5,10,57,17,-14,10,64,25,0.0
28.080000000000002,13,16,1,36,11,-4,-3,-5,0.0
28.085,-21,-8,-39,-33,-5,-1,-37,-33,0.0
28.09,6,-22,36,11,3,1,25,27,0.0
28.095,-12,2,21,9,-10,4,35,-17,0.0
28.1,4,28,27,29,8,2,64,97,0.0
28.105,-21,-22,-33,-18,2,-11,-41,-52,0.0
28.11,-6,-4,-41,-16,-6,-7,-15,34,0.0
28.115000000000002,1,-7,-25,-18,-6,-3,9,10,0.0
28.12,9,2,4,5,-3,8,57,39,0.0
28.125,-11,-11,-6,-8,-9,-13,-92,-82,0.0
28.13,-4,-9,-14,-6,3,2,0,-22,0.0
28.135,-4,13,-18,-5,-11,-5,-17,-8,0.0
28.14,1,-13,-23,-8,-3,-2,-16,-44,0.0
28.145,0,-13,-5,2,6,9,22,10,0.0
28.150000000000002,-2,-33,-22,-5,3,-4,-21,-20,0.0
28.155,-1,2,27,8,-5,8,24,9,0.0
28.16,-20,-73,15,-16,-4,-2,-33,-21,0.0
28.165,-12,-40,-43,-7,-5,-13,0,1,0.0
28.17,20,65,49,8,8,6,8,4,0.0
28.175,-2,19,32,15,11,-4,-2,8,0.0
28.18,5,53,-25,41,-16,-6,-28,-32,0.0
28.185000000000002,20,75,127,11,11,7,11,25,0.0
28.19,-16,-58,-23,-48,23,8,15,4,0.0
28.195,2,-21,-54,28,-30,-16,2,4,0.0
28.2,0,27,116,40,26,-1,-35,-35,0.0
28.205000000000002,-10,-19,-121,-90,-33,-2,9,-5,0.0
28.21,3,-32,114,76,36,20,27,6,0.0
28.215,5,11,-73,-48,-15,-9,-15,2,0.0
28.22,-4,2,-9,8,7,2,3,7,0.0
28.225,0,-4,-19,67,17,-5,7,4,0.0
28.23,12,33,3,-20,-1,6,-8,-8,0.0
28.235,-6,-3,10,-32,-4,-2,-6,14,0.0
28.240000000000002,-6,-6,-5,11,-20,7,-7,-23,0.0
28.245,-6,13,16,-15,-14,-14,9,16,0.0
28.25,-2,7,-20,9,7,-7,-6,-2,0.0
28.255,14,13,22,20,9,11,17,7,0.0
28.26,7,25,0,-14,0,-5,-17,4,0.0
28.265,0,-4,31,10,6,0,1,-8,0.0
28.27,-6,-18,-38,-5,-21,-3,7,4,0.0
28.275000000000002,3,-9,9,-9,-7,-12,-25,-2,0.0
28.28,4,-10,8,-16,6,10,74,33,0.0
28.285,-10,-11,-30,-1,2,7,-58,-70,0.0
28.29,-2,-5,-37,-21,-24,-22,-26,13,0.0
28.295,-5,-3,12,-5,3,-11,-41,3,0.0
28.3,0,-5,-31,-5,3,-5,-11,-3,0.0
28.305,5,2,21,14,2,13,48,29,0.0
28.310000000000002,-11,17,7,0,-5,-3,0,13,0.0
28.315,26,-8,-3,-2,7,14,9,-8,0.0
28.32,-1,-11,-15,3,2,2,-21,-1,0.0
28.325,0,-4,45,15,-1,-15,-15,1,0.0
28.330000000000002,-11,-6,-56,-33,-10,-7,-15,-10,0.0
28.335,-5,-9,-4,1,-2,3,30,7,0.0
28.34,-1,-3,-26,-6,-2,-2,-14,-10,0.0
28.345,0,3,-8,-13,-4,4,23,21,0.0
28.35,2,3,29,18,0,1,4,-20,0.0
28.355,0,8,-17,4,4,9,65,49,0.0
28.36,-3,-9,14,-14,-5,-9,-38,-27,0.0
28.365000000000002,-7,-3,10,7,5,0,1,3,0.0
28.37,4,22,-5,7,-6,-2,13,13,0.0
28.375,-12,-24,-20,-3,-1,1,-2,2,0.0
28.38,0,-3,-21,-18,-4,-3,-2,-2,0.0
28.385,4,3,-50,-17,-5,-7,4,7,0.0
28.39,2,-8,36,13,-1,1,8,-7,0.0
28.395,-1,4,20,3,-1,3,19,68,0.0
28.400000000000002,-12,5,-9,10,2,-10,-47,-73,0.0
28.405,0,3,-31,-23,-9,-1,-6,28,0.0
28.41,-3,11,-23,-17,-8,0,12,14,0.0
28.415,-2,36,28,4,2,-8,-90,-18,0.0
28.42,6,14,-29,-4,-1,3,77,66,0.0
28.425,-11,-63,30,-1,-5,-13,-14,-30,0.0
28.43,-4,-27,-7,1,-1,1,25,16,0.0
28.435000000000002,11,-10,-5,-8,-6,-6,-15,-66,0.0
28.44,3,-15,12,-2,0,2,23,26,0.0
28.445,1,65,15,12,8,7,1,-2,0.0
28.45,1,0,-24,-6,-6,-9,-2,8,0.0
28.455000000000002,-2,18,20,0,1,3,20,-12,0.0
28.46,5,-16,12,7,0,-3,-26,-7,0.0
28.465,4,-2,-2,6,0,1,17,5,0.0
28.47,-9,0,17,13,6,-4,-35,-35,0.0
28.475,-10,-22,-1,11,-3,3,18,5,0.0
28.48,5,58,-6,-27,-6,-7,-22,-12,0.0
28.485,-26,-114,30,7,4,2,-5,-6,0.0
28.490000000000002,33,101,23,1,-1,3,13,16,0.0
28.495,-10,-10,23,33,48,14,-4,-15,0.0
28.5,-10,-17,53,4,-60,-20,1,15,0.0
28.505,4,10,-33,58,19,15,14,5,0.0
28.51,-27,-98,15,-100,-78,-31,-21,-17,0.0
28.515,6,46,90,22,-1,-7,-3,2,0.0
28.52,-5,-36,91,44,50,22,2,-9,0.0
28.525000000000002,14,-6,-46,-34,-5,-10,5,3,0.0
28.53,13,60,91,23,8,10,3,2,0.0
28.535,-6,-31,-48,1,-9,-3,3,-7,0.0
28.54,42,73,-32,-26,12,8,20,24,0.0
28.545,0,-12,46,21,-4,-3,-4,0,0.0
28.55,-18,-80,-54,9,11,1,-5,-15,0.0
28.555,3,-25,8,-30,-18,-5,6,-1,0.0
28.560000000000002,-8,-19,-60,0,0,-3,-12,-7,0.0
28.565,-10,-50,-110,-37,-5,-1,5,-2,0.0
28.57,20,92,17,17,4,1,-4,6,0.0
28.575,-2,56,32,13,1,-1,0,-5,0.0
28.580000000000002,3,21,3,-4,-3,0,-6,2,0.0
28.585,-1,16,29,-10,-16,-4,-7,0,0.0
28.59,-20,-47,12,16,20,-4,-9,-11,0.0
28.595,9,32,-35,6,-7,3,4,0,0.0
28.6,-36,-99,8,-2,2,-6,-14,-19,0.0
28.605,7,50,96,2,3,1,4,6,0.0
28.61,5,-33,-37,15,8,5,-2,0,0.0
28.615000000000002,-23,-75,-79,-23,-7,-9,-8,-17,0.0
28.62,45,10,-66,-29,-15,1,9,22,0.0
28.625,-9,-82,16,3,2,-1,-2,-6,0.0
28.63,-7,-54,13,-1,-7,0,-4,-5,0.0
28.635,-11,-72,-8,-26,-3,1,-1,-1,0.0
28.64,-6,-27,44,25,12,-4,-3,0,0.0
28.645,-12,-36,-47,-6,-8,-9,-18,-13,0.0
28.650000000000002,2,-1,-90,-74,-10,2,4,2,0.0
28.655,-4,-11,7,-9,-12,-1,0,-1,0.0
28.66,-8,16,34,48,5,1,-4,-8,0.0
28.665,11,62,44,-26,13,17,35,9,0.0
28.67,-21,-31,-14,16,1,-22,-37,-14,0.0
28.675,1,25,-22,-15,-6,-4,-6,-7,0.0
28.68,-10,3,3,-5,-20,-9,-20,-3,0.0
28.685000000000002,9,22,17,36,10,4,9,3,0.0
28.69,2,11,-8,-25,-6,7,16,4,0.0
28.695,3,-2,-10,9,4,4,16,4,0.0
28.7,2,-13,40,15,9,25,76,19,0.0
28.705000000000002,-13,-7,-33,-18,-17,-38,-101,-1,0.0
28.71,-8,-12,-7,27,0,-12,-41,-60,0.0
28.715,5,29,-6,-11,-6,-7,1,5,0.0
28.72,-11,-22,-28,-22,3,12,44,18,0.0
28.725,-22,-49,-32,-35,-13,-10,-54,-24,0.0
28.73,3,20,62,12,1,0,4,-16,0.0
28.735,-10,-58,-12,5,4,6,-2,-24,0.0
28.740000000000002,-1,8,28,18,0,-14,-24,4,0.0
28.745,-4,-55,29,23,4,5,33,42,0.0
28.75,3,-19,-13,7,2,2,-3,-20,0.0
28.755,-3,-7,27,9,0,2,-2,-2,0.0
28.76,-7,-2,-29,-26,-2,-6,-10,-10,0.0
28.765,14,46,-2,6,0,4,25,11,0.0
28.77,1,6,14,5,3,6,5,27,0.0
28.775000000000002,12,40,8,1,2,0,11,5,0.0
28.78,-22,-40,-8,-5,-3,-4,-20,-15,0.0
28.785,17,43,41,0,-7,-5,-1,-21,0.0
28.79,-4,33,-3,9,5,15,28,18,0.0
28.795,-24,-88,-2,5,-3,-9,-11,-17,0.0
28.8,40,79,-12,4,2,-7,-20,9,0.0
28.805,-12,-32,-2,3,-4,0,9,-12,0.0
28.810000000000002,9,-17,-2,-22,6,5,9,5,0.0
28.815,-6,-24,-81,24,-7,-3,-4,12,0.0
28.82,-24,-17,22,-46,-16,-11,-23,-29,0.0
28.825,11,32,107,12,2,10,29,11,0.0
28.830000000000002,-2,5,-78,3,4,-2,2,4,0.0
28.835,2,24,23,-19,3,-3,-7,-5,0.0
28.84,4,-23,-15,14,11,7,-3,-1,0.0
28.845,8,24,-1,8,7,4,7,0,0.0
28.85,-5,-43,17,36,26,2,-4,5,0.0
28.855,7,35,-22,2,-23,-4,3,2,0.0
28.86,-2,-14,24,-44,-18,-4,0,-1,0.0
28.865000000000002,-2,2,-49,10,-8,1,2,-4,0.0
28.87,-6,-11,12,-7,-7,-5,-3,8,0.0
28.875,7,18,40,19,26,8,5,4,0.0
28.88,6,-9,16,4,3,-4,-2,5,0.0
28.885,5,33,-26,3,-3,1,-1,-5,0.0
28.89,-14,-40,-95,-9,0,-1,-5,-13,0.0
28.895,2,3,35,-8,-5,-1,2,5,0.0
28.900000000000002,-2,5,10,6,-6,-5,-4,-4,0.0
28.905,-4,3,5,-7,2,1,5,-2,0.0
28.91,-6,26,9,10,-7,-3,2,7,0.0
28.915,-6,-45,27,-17,-4,1,5,0,0.0
28.92,1,12,-16,11,2,3,2,9,0.0
28.925,-2,-1,-14,7,5,1,1,-1,0.0
28.93,1,8,3,-12,-11,-4,-6,-4,0.0
28.935000000000002,2,25,19,-5,-6,-4,-13,-15,0.0
28.94,-8,-9,16,15,10,-3,-6,-7,0.0
28.945,5,34,-56,-15,-3,0,2,1,0.0
28.95,3,-19,88,-1,-8,-3,5,5,0.0
28.955000000000002,-3,-12,39,0,0,-3,-2,0,0.0
28.96,-16,-66,-93,-24,-1,-2,-10,-4,0.0
28.965,-1,14,36,-26,-15,-3,1,-2,0.0
28.97,-6,-15,-25,-3,-3,-2,-4,-1,0.0
28.975,8,43,-12,12,10,6,8,13,0.0
28.98,-8,-10,68,15,0,-4,-5,-10,0.0
28.985,-13,-48,-33,0,6,-4,-4,-12,0.0
28.990000000000002,12,7,22,18,7,0,4,9,0.0
28.995,6,-33,-37,26,-24,-2,0,3,0.0
29.0,4,25,-58,-32,-14,-3,0,0,0.0
29.005,-4,-29,25,39,20,2,-1,4,0.0
29.01,1,-9,-20,-6,-8,0,3,-1,0.0
29.015,-8,-23,-24,-25,5,-3,0,-5,0.0
29.02,3,1,13,-1,1,-1,-2,5,0.0
29.025000000000002,1,5,9,7,-4,-5,-1,-8,0.0
29.03,0,-9,-19,5,4,4,6,18,0.0
29.035,-5,16,-34,-18,2,-2,-11,-23,0.0
29.04,-2,-8,-36,-3,-3,13,74,15,0.0
29.045,-8,-6,-17,-23,-8,-17,-98,-24,0.0
29.05,-10,26,-24,-29,-19,-29,-9,-89,0.0
29.055,7,-13,66,23,8,6,-9,27,0.0
29.060000000000002,-9,18,16,10,7,3,-9,-19,0.0
29.065,-2,-15,-22,-2,-6,-3,15,24,0.0
29.07,-1,-15,-6,-16,-8,10,20,26,0.0
29.075,0,7,30,14,3,-1,1,5,0.0
29.080000000000002,0,4,-33,2,1,-7,-49,-35,0.0
29.085,1,-5,7,-7,-4,4,37,12,0.0
29.09,3,1,32,-1,1,-1,-13,16,0.0
29.095,-5,-9,-4,-4,2,1,20,5,0.0
29.1,1,-23,15,16,2,0,-3,18,0.0
29.105,9,71,-16,-20,-10,-2,8,-15,0.0
29.11,-4,-12,22,-1,-1,0,-9,-6,0.0
29.115000000000002,-3,-25,-41,-8,-4,-5,-5,5,0.0
29.12,-4,31,3,-7,-8,-8,-15,-20,0.0
29.125,-18,-71,26,5,4,5,0,-13,0.0
29.13,11,84,38,23,4,0,5,19,0.0
29.135,10,74,30,-5,1,0,2,-1,0.0
29.14,17,87,15,-5,-6,-6,-9,5,0.0
29.145,-6,-53,-8,11,4,2,21,12,0.0
29.150000000000002,-5,-11,8,6,5,1,-9,-34,0.0
29.155,-4,5,5,-5,-22,-6,-2,-4,0.0
29.16,1,-24,18,14,-1,-1,-2,0,0.0
29.165,1,1,-24,-9,-1,1,4,-4,0.0
29.17,11,-1,39,-1,16,13,15,26,0.0
29.175,-6,-11,-85,2,10,-5,-13,-6,0.0
29.18,-21,-48,43,-2,-12,-8,-6,-8,0.0
29.185000000000002,14,61,51,-15,-23,6,19,19,0.0
29.19,-12,-47,-48,-14,-6,-11,-16,-3,0.0
29.195,-2,-6,23,-5,11,4,4,-6,0.0
29.2,-1,-1,-14,17,12,2,1,11,0.0
29.205000000000002,-1,7,5,11,6,-2,-3,-9,0.0
29.21,3,15,-1,1,-3,0,-2,1,0.0
29.215,1,1,5,-7,0,1,0,-2,0.0
29.22,2,-7,-14,-15,-6,-2,4,-3,0.0
29.225,0,4,-10,2,-6,-5,-10,-11,0.0
29.23,1,-10,-6,0,-7,0,0,6,0.0
29.235,-4,-20,9,-1,0,0,9,12,0.0
29.240000000000002,-2,-16,-9,-9,1,0,-2,4,0.0
29.245,-3,-13,-34,-9,5,-1,-2,-5,0.0
29.25,-2,-8,-1,1,-2,-1,2,4,0.0
29.255,-2,5,20,4,-2,-4,-7,-6,0.0
29.26,1,11,-20,-5,-2,-2,-7,-5,0.0
29.265,0,4,74,1,-2,-1,5,3,0.0
29.27,0,-2,-23,6,-1,0,-3,11,0.0
29.275000000000002,7,13,46,3,-2,-2,-3,2,0.0
29.28,1,-10,-23,6,8,2,2,-2,0.0
29.285,-8,-26,-69,1,-2,-6,-9,-3,0.0
29.29,-8,-11,-1,-31,-2,-1,-2,-8,0.0
29.295,-3,-7,10,-8,-23,-4,-1,-3,0.0
29.3,0,-2,8,-7,0,0,1,5,0.0
29.305,7,16,11,7,9,1,3,0,0.0
29.310000000000002,-2,1,-7,-1,0,-1,-3,-2,0.0
29.315,-4,-17,-19,-4,4,0,-3,-4,0.0
29.32,6,-2,7,13,0,0,1,6,0.0
29.325,-1,4,-2,6,1,1,2,-5,0.0
29.330000000000002,0,-1,-6,7,-4,0,2,4,0.0
29.335,1,3,-20,-29,0,-3,-3,-3,0.0
29.34,-3,4,-11,25,-6,-4,-3,-5,0.0
29.345,-1,1,-5,11,9,-1,-2,-1,0.0
29.35,-6,-6,-42,-49,-8,2,2,-4,0.0
29.355,1,-7,-1,9,3,2,7,0,0.0
29.36,0,-4,-13,-11,-6,0,-1,10,0.0
29.365000000000002,6,4,25,15,5,2,1,2,0.0
29.37,1,-3,26,24,1,-4,0,-2,0.0
29.375,-4,-3,-8,-11,-6,-7,-6,-4,0.0
29.38,1,1,11,12,10,2,0,-6,0.0
29.385,-8,12,16,18,-6,1,4,3,0.0
29.39,0,0,-23,-51,-11,-4,-1,1,0.0
29.395,-3,-11,-8,6,-1,-2,-2,-6,0.0
29.400000000000002,2,6,9,5,5,1,1,10,0.0
29.405,-3,-8,-19,-7,-1,-3,-4,-3,0.0
29.41,1,7,12,27,1,-2,-2,0,0.0
29.415,-4,-11,-6,-2,1,-3,-4,-3,0.0
29.42,5,60,-18,1,1,3,2,-3,0.0
29.425,-1,8,-57,-27,-8,-3,-5,-2,0.0
29.43,-3,-35,31,15,4,2,1,2,0.0
29.435000000000002,0,16,-16,-6,-8,-5,-5,-2,0.0
29.44,-8,-23,-31,-16,-8,-1,1,-6,0.0
29.445,-6,-20,1,-14,-4,2,3,1,0.0
29.45,3,33,13,17,0,-5,-6,-7,0.0
29.455000000000002,1,9,-23,-8,-4,-4,-6,0,0.0
29.46,-8,-30,28,-4,2,3,4,-4,0.0
29.465,0,6,-12,-12,-3,-5,-4,-10,0.0
29.47,7,40,9,-1,0,6,5,8,0.0
29.475,-1,-14,15,9,1,-1,-1,0,0.0
29.48,-1,-4,-6,-6,-4,-3,-3,0,0.0
29.485,1,2,7,-8,-4,-3,-5,-14,0.0
29.490000000000002,-1,-13,-5,8,1,-2,-3,-8,0.0
29.495,2,6,30,1,5,5,5,14,0.0
29.5,1,9,1,-7,-4,-4,-3,-3,0.0
29.505,1,-19,0,5,4,2,0,6,0.0
29.51,-3,0,-1,-4,-8,-8,-8,-8,0.0
29.515,-12,-22,-25,-1,1,2,4,12,0.0
29.52,-3,-54,3,2,-1,0,0,-3,0.0
29.525000000000002,-3,-55,14,-4,-2,-3,-3,2,0.0
29.53,-1,7,0,6,1,2,2,16,0.0
29.535,1,11,-12,-4,0,-4,-2,-7,0.0
29.54,0,9,1,2,1,-2,-1,-1,0.0
29.545,4,-1,-5,-6,-4,0,2,4,0.0
29.55,-2,-2,14,-2,-2,-3,1,-5,0.0
29.555,2,0,-5,13,6,3,3,-3,0.0
29.560000000000002,-10,-22,-16,0,0,0,-1,1,0.0
29.565,0,14,-13,-30,5,1,-2,-1,0.0
29.57,-1,12,5,17,-14,-6,-7,-2,0.0
29.575,15,8,14,-3,-4,1,2,1,0.0
29.580000000000002,-1,7,-28,8,4,1,-1,-6,0.0
29.585,4,-5,0,16,3,3,-1,6,0.0
29.59,-12,-30,-10,-21,4,-3,3,-3,0.0
29.595,-6,-3,60,15,5,1,-18,-10,0.0
29.6,-5,-18,-68,-17,-9,-6,-8,-7,0.0
29.605,2,24,16,6,0,-3,-2,-5,0.0
29.61,2,-42,26,3,0,2,-2,1,0.0
29.615000000000002,-1,5,8,2,-3,-1,5,-2,0.0
29.62,0,16,82,-8,-2,-3,-2,0,0.0
29.625,-4,-66,10,-2,-4,-2,-4,3,0.0
29.63,-10,-21,-97,-20,-5,-3,-1,-17,0.0
29.635,-6,-3,2,-19,-9,-5,-3,1,0.0
29.64,1,0,42,3,2,2,-1,-7,0.0
29.645,-6,12,20,-2,-5,-4,0,0,0.0
29.650000000000002,7,-16,9,12,6,-1,-2,5,0.0
29.655,3,-2,80,16,6,9,11,9,0.0
29.66,11,13,-88,5,5,1,4,6,0.0
29.665,-21,-53,17,-55,-22,-14,-13,-2,0.0
29.67,5,40,18,5,9,5,2,-2,0.0
29.675,-2,11,-11,-2,-7,-5,-4,-4,0.0
29.68,0,-67,23,30,4,3,1,4,0.0
29.685000000000002,9,107,16,-14,-3,2,4,0,0.0
29.69,-4,-45,7,2,1,2,2,5,0.0
29.695,0,33,80,12,5,1,4,2,0.0
29.7,-12,-29,-94,-36,-12,-9,-10,-11,0.0
29.705000000000002,-1,-25,45,22,8,4,1,-2,0.0
29.71,-1,59,16,-14,-8,-10,-9,-1,0.0
29.715,6,11,-7,-1,2,3,2,-3,0.0
29.72,0,3,23,-1,0,-4,-1,5,0.0
29.725,-2,1,-67,6,-8,-2,-1,2,0.0
29.73,7,16,83,13,1,4,3,5,0.0
29.735,-6,-27,-74,-7,-3,-1,-1,-7,0.0
29.740000000000002,2,33,16,-6,1,0,0,2,0.0
29.745,4,-2,-8,-3,1,0,2,-1,0.0
29.75,-3,-11,-33,-1,-4,0,-3,-5,0.0
29.755,-8,-21,-42,-11,-5,-5,-7,-10,0.0
29.76,1,3,26,-3,-3,0,2,-2,0.0
29.765,4,10,33,31,4,-1,0,-2,0.0
29.77,-5,-15,-14,0,-4,-5,-1,-4,0.0
29.775000000000002,-2,-18,-29,-16,-5,-2,0,1,0.0
29.78,2,19,39,21,-13,0,0,5,0.0
29.785,-6,-8,-25,-7,10,-8,-7,-6,0.0
29.79,-2,-5,4,12,15,7,1,-2,0.0
29.795,-1,-7,7,26,19,5,1,-5,0.0
29.8,-4,12,-22,-3,5,-2,-2,-1,0.0
29.805,0,-4,30,18,-2,-1,1,5,0.0
29.810000000000002,-3,-5,-82,-38,-22,-8,-5,-3,0.0
29.815,-1,-27,25,-9,-12,-2,-1,0,0.0
29.82,2,13,0,4,3,-1,-1,-2,0.0
29.825,-1,8,16,2,-3,-5,-5,-3,0.0
29.830000000000002,1,2,34,-6,4,0,-1,-4,0.0
29.835,1,4,-21,-16,-3,-6,-4,-1,0.0
29.84,-3,-1,23,-12,-11,-1,2,-2,0.0
29.845,6,24,-10,14,2,1,0,0,0.0
29.85,-8,-67,3,7,-2,-1,-6,-7,0.0
29.855,4,33,-28,2,-4,-1,-3,-4,0.0
29.86,-2,-29,18,-3,0,-1,-2,2,0.0
29.865000000000002,-1,7,-34,-3,-5,1,2,6,0.0
29.87,-1,0,6,0,0,-1,-5,0,0.0
29.875,3,1,-16,3,0,0,0,5,0.0
29.88,0,-39,26,10,7,-2,-1,-6,0.0
29.885,9,71,29,-11,-3,7,8,4,0.0
29.89,3,45,10,11,0,-2,4,0,0.0
29.895,11,60,-24,-9,-2,1,4,12,0.0
29.900000000000002,-6,-13,-7,-10,-2,-5,-4,-6,0.0
29.905,-1,15,3,-23,-6,0,4,4,0.0
29.91,2,-16,24,19,7,3,4,0,0.0
29.915,-6,-12,2,0,-3,-5,-7,-10,0.0
29.92,2,16,21,11,4,0,-4,1,0.0
29.925,-6,-22,-20,4,-1,-3,-4,-9,0.0
29.93,0,2,-41,-27,-10,-5,-3,1,0.0
29.935000000000002,-6,-24,9,-7,-1,-2,-2,-2,0.0
29.94,-4,8,0,-6,-3,1,3,-1,0.0
29.945,-6,-33,-12,2,1,0,-1,-6,0.0
29.95,4,28,7,10,0,-3,0,2,0.0
29.955000000000002,-11,-62,4,-3,0,0,1,-5,0.0
29.96,-2,16,-19,-13,-5,-4,-3,1,0.0
29.965,0,-6,10,10,1,0,-1,-7,0.0
29.97,-2,-7,-22,1,-3,-2,-2,3,0.0
29.975,-4,-14,-12,-1,-2,-2,-2,-2,0.0
29.98,0,3,-34,-20,-4,-1,1,0,0.0
29.985,-3,-22,-12,-9,-1,1,2,2,0.0
29.990000000000002,-3,-7,2,1,-2,0,-2,1,0.0
29.995,-1,18,0,0,-2,-2,-1,-1,0.0
30.0,-1,-26,11,8,0,-2,-4,-1,0.0
30.005,-5,-19,-11,0,2,1,0,-4,0.0
30.01,3,32,1,-3,0,0,0,-2,0.0
30.015,-5,8,-1,-1,1,1,-2,-7,0.0
30.02,0,-5,4,3,-2,-3,-6,4,0.0
30.025000000000002,-3,0,-25,-8,-4,-4,-5,-3,0.0
30.03,-3,-11,-15,-11,-5,-4,-6,-2,0.0
30.035,-6,-18,-19,-3,-3,-3,-1,-3,0.0
30.04,2,18,7,0,1,-1,0,0,0.0
30.045,-6,-26,-4,2,0,-2,-6,-11,0.0
30.05,-1,-2,24,9,3,2,1,-2,0.0
30.055,-1,-6,-7,5,-5,-4,-4,-2,0.0
30.060000000000002,-1,17,-34,-17,-4,-1,2,-2,0.0
30.065,0,8,3,0,0,0,1,-1,0.0
30.07,-4,-13,9,2,1,-1,1,-2,0.0
30.075,2,4,3,1,0,-1,-1,-4,0.0
30.080000000000002,4,14,22,9,3,0,0,1,0.0
30.085,1,10,-15,-1,-2,-1,0,-2,0.0
30.09,-1,8,-1,5,3,4,4,1,0.0
30.095,0,-13,21,4,-1,-1,-2,2,0.0
30.1,-2,7,-9,-12,-4,-2,-3,-4,0.0
30.105,2,5,3,-1,1,-2,-4,1,0.0
30.11,0,-6,-1,0,-2,-1,-3,-4,0.0
30.115000000000002,3,6,2,-4,-1,-1,1,2,0.0
30.12,-4,-16,19,8,3,2,2,-2,0.0
30.125,-1,-22,-3,3,0,0,0,1,0.0
30.13,-4,-17,24,4,1,-1,0,-2,0.0
30.135,12,47,-6,1,-2,1,1,6,0.0
30.14,3,-6,1,5,0,-1,-2,9,0.0
30.145,-5,-20,-5,-9,-4,-3,-3,-1,0.0
30.150000000000002,-5,-26,2,-6,-1,2,1,-2,0.0
30.155,-2,-2,-7,-6,-1,-4,-2,-4,0.0
30.16,-2,4,10,6,3,0,1,-3,0.0
30.165,1,17,3,5,1,0,0,0,0.0
30.17,2,5,-6,-1,-1,-2,-4,1,0.0
30.175,-6,-17,-6,-6,-1,1,-1,-2,0.0
30.18,1,3,11,2,0,-2,0,-2,0.0
30.185000000000002,-3,-8,4,2,-2,-1,-1,0,0.0
30.19,0,0,-7,-2,-2,-1,-1,0,0.0
30.195,-6,-20,-2,-6,-4,-1,-3,-2,0.0
30.2,-1,6,1,3,-3,0,1,-3,0.0
30.205000000000002,1,3,2,6,0,-2,1,-1,0.0
30.21,0,2,-1,-8,-2,-5,-4,9,0.0
30.215,-4,-2,-8,-2,2,2,1,0,0.0
30.22,-1,-1,2,-5,0,-1,-4,-1,0.0
30.225,0,-2,2,-3,-2,-1,-2,-2,0.0
30.23,-1,-2,-14,-1,-3,-1,0,-1,0.0
30.235,-1,-6,-1,-1,-1,-2,-1,-1,0.0
30.240000000000002,-4,-2,-1,-3,-4,-2,-1,-1,0.0
30.245,3,40,10,3,0,1,-1,4,0.0
30.25,0,15,-12,2,0,2,4,-1,0.0
30.255,-4,-16,-4,-11,-6,-11,-10,-4,0.0
30.26,0,5,6,4,0,0,-3,-8,0.0
30.265,-2,-11,9,1,0,0,-1,1,0.0
30.27,1,3,-1,-2,0,3,1,-4,0.0
30.275000000000002,0,5,-7,-1,-1,0,-2,1,0.0
30.28,2,-3,-3,-3,-1,-3,-4,3,0.0
30.285,-3,-15,-10,-3,0,2,1,-14,0.0
30.29,-3,0,-3,-6,-3,-6,-7,-4,0.0
30.295,-3,-22,-5,-3,1,-1,2,-1,0.0
30.3,-1,-2,-2,-3,-2,-2,1,-3,0.0
30.305,-1,-5,-1,5,1,-1,1,6,0.0
30.310000000000002,-3,-18,7,2,-2,-1,4,2,0.0
30.315,3,8,2,-1,-1,1,-1,-2,0.0
30.32,-3,7,-25,-3,-2,-1,-6,-2,0.0
30.325,-5,-24,1,-9,-5,-4,2,1,0.0
30.330000000000002,0,0,10,3,-1,-4,-4,0,0.0
30.335,-2,3,0,-3,-2,-2,-5,0,0.0
30.34,-7,-9,-8,-3,-1,0,2,-8,0.0
30.345,2,4,-10,-5,-1,-1,-2,7,0.0
30.35,-1,-3,-5,4,3,0,-2,-1,0.0
30.355,-3,-4,-1,0,-4,-4,-4,-3,0.0
30.36,0,4,-3,-3,-1,3,8,1,0.0
30.365000000000002,-5,-6,3,-5,-3,-2,-9,-5,0.0
30.37,1,3,47,19,-2,-5,-3,7,0.0
30.375,4,25,-56,-31,-3,2,0,-5,0.0
30.38,1,1,13,-12,-4,-2,14,-9,0.0
30.385,-4,-6,-3,-2,0,-12,-45,1,0.0
30.39,1,5,6,0,1,4,4,-5,0.0
30.395,0,-4,7,14,3,4,13,3,0.0
30.400000000000002,-4,-5,-2,2,-2,-6,-14,-3,0.0
30.405,-4,6,5,0,-1,0,5,-3,0.0
30.41,-12,-88,-24,-12,-2,-1,2,15,0.0
30.415,0,23,16,-2,-4,-3,-11,-41,0.0
30.42,3,-8,-3,2,0,2,13,11,0.0
30.425,4,2,12,10,1,7,51,11,0.0
30.43,-6,4,-17,-6,-4,-14,-94,-42,0.0
30.435000000000002,-1,-5,7,5,0,0,11,18,0.0
30.44,2,5,17,6,0,-1,-6,-9,0.0
30.445,2,0,3,-9,-4,-2,-5,-8,0.0
30.45,5,28,-6,-1,-1,8,33,15,0.0
30.455000000000002,-2,-12,5,1,1,1,2,4,0.0
30.46,1,13,2,-1,-4,-4,-17,-4,0.0
30.465,-2,8,-14,3,1,2,3,4,0.0
30.47,5,14,-12,-6,-1,-2,13,3,0.0
30.475,-9,-42,22,11,-1,1,-5,-1,0.0
30.48,1,16,9,3,2,3,8,10,0.0
30.485,3,8,-11,-3,-2,-2,-1,-9,0.0
30.490000000000002,-15,-77,-9,1,-1,-2,5,-3,0.0
30.495,18,92,8,-1,1,-1,1,4,0.0
30.5,-6,-29,-3,0,-1,0,-5,-16,0.0
30.505,-5,-8,-1,-5,-1,-2,-3,-3,0.0
30.51,2,17,-1,0,-3,-3,0,-1,0.0
30.515,-2,12,-9,0,-2,-3,-10,-5,0.0
30.52,-6,-23,5,8,3,4,5,4,0.0
30.525000000000002,-11,-40,4,-5,1,4,-5,-14,0.0
30.53,1,25,15,-3,0,-1,10,3,0.0
30.535,-3,-21,-8,-6,-3,-3,1,5,0.0
30.54,3,8,4,1,-1,-3,-4,4,0.0
30.545,4,-2,2,4,2,1,0,7,0.0
30.55,2,23,-6,0,-3,-1,5,-8,0.0
30.555,-4,0,3,-1,10,6,1,-4,0.0
30.560000000000002,-1,8,3,-8,0,-3,-7,0,0.0
30.565,2,1,-4,-3,-10,-6,0,6,0.0
30.57,-1,13,-4,4,0,1,3,-7,0.0
30.575,-3,-22,-8,-10,-13,-7,-3,4,0.0
30.580000000000002,0,-2,-13,-2,4,2,1,2,0.0
30.585,2,12,1,0,1,1,-1,-4,0.0
30.59,-1,16,-10,-8,-2,-4,-3,-3,0.0
30.595,-5,-43,4,12,5,-2,-2,-2,0.0
30.6,-8,-10,-20,-5,-3,0,0,-3,0.0
30.605,0,-18,2,-4,-3,-2,-4,-1,0.0
30.61,0,-2,-14,3,0,2,-1,12,0.0
30.615000000000002,2,-2,-6,1,-1,-4,0,0,0.0
30.62,0,-15,5,-5,-2,-1,-1,-2,0.0
30.625,-3,-15,11,2,-1,-2,-1,1,0.0
30.63,-7,-32,-6,-6,-1,-1,1,-5,0.0
30.635,-1,17,5,-1,-3,-1,0,5,0.0
30.64,0,-4,-9,-4,-6,-3,0,-1,0.0
30.645,2,7,-1,5,0,0,-1,-3,0.0
30.650000000000002,1,-3,7,0,0,0,0,-2,0.0
30.655,-1,-4,4,-2,-4,-5,-2,2,0.0
30.66,-2,10,-2,6,2,-2,-3,-2,0.0
30.665,1,-7,1,0,-3,-3,-1,1,0.0
30.67,0,9,-16,-16,-1,1,-1,-3,0.0
30.675,-6,-5,-4,4,-1,2,-1,-2,0.0
30.68,0,0,1,-4,-2,-2,-1,1,0.0
30.685000000000002,-1,11,-12,-9,-2,-1,1,0,0.0
30.69,3,8,8,3,0,1,2,1,0.0
30.695,-5,-21,-4,1,0,2,0,-1,0.0
30.7,-3,-1,0,-3,-3,-1,-1,-1,0.0
30.705000000000002,4,16,-9,0,-2,-3,-3,-2,0.0
30.71,-10,-14,14,0,-1,3,7,-4,0.0
30.715,0,-1,-10,-2,0,-2,-5,-7,0.0
30.72,2,-1,8,5,3,2,3,0,0.0
30.725,0,13,-5,1,2,0,-2,0,0.0
30.73,4,8,-1,-8,-4,-1,3,2,0.0
30.735,-2,-3,3,2,1,-2,-3,-2,0.0
30.740000000000002,-2,-1,-2,-3,0,0,-2,0,0.0
30.745,-2,-1,-1,1,-3,-4,-5,-7,0.0
30.75,3,7,0,3,-2,-3,-2,-1,0.0
30.755,-6,-28,7,0,2,4,6,2,0.0
30.76,4,18,6,-1,-4,-3,-4,-1,0.0
30.765,-4,-12,6,-1,1,3,2,2,0.0
30.77,-9,-34,-36,-8,-7,-7,-5,-5,0.0
30.775000000000002,8,38,-31,-9,-3,-4,2,7,0.0
30.78,-9,-12,11,-5,-3,-4,-13,-30,0.0
30.785,-3,-6,-8,-1,1,-2,-3,-3,0.0
30.79,3,-2,14,9,1,1,-2,1,0.0
30.795,3,-1,4,3,-3,-1,0,1,0.0
30.8,3,-1,-9,0,0,0,3,8,0.0
30.805,-6,-13,7,3,0,3,4,0,0.0
30.810000000000002,-2,11,-23,-5,-3,-5,-4,-7,0.0
30.815,-1,0,8,1,-2,-7,-12,-3,0.0
30.82,1,14,0,1,-3,-1,2,3,0.0
30.825,-2,-24,11,-1,0,-1,-3,0,0.0
30.830000000000002,4,12,13,4,2,0,-4,5,0.0
30.835,-3,-2,10,5,0,1,3,-3,0.0
30.84,0,4,2,-1,1,1,3,4,0.0
30.845000000000002,-1,21,-24,-17,-10,-6,-3,-2,0.0
30.85,1,4,10,12,4,3,7,5,0.0
30.855,2,-5,3,-8,-1,-6,-2,-20,0.0
30.86,-7,-9,-16,2,2,7,-5,-8,0.0
30.865000000000002,-7,-45,10,-8,-2,-3,18,5,0.0
30.87,-5,-5,-13,-10,-4,-5,-35,-25,0.0
30.875,1,13,24,6,-1,0,6,8,0.0
30.88,3,-9,-27,-3,3,6,20,32,0.0
30.885,2,20,-5,5,-1,4,-2,-28,0.0
30.89,-5,-6,9,1,1,2,29,-17,0.0
30.895,-2,-21,7,0,-3,-19,-85,-55,0.0
30.900000000000002,-5,-1,-9,-5,-4,-9,-23,-18,0.0
30.905,4,15,3,0,2,2,-7,-3,0.0
30.91,1,-6,-7,-1,2,6,7,19,0.0
30.915,-1,1,-23,-11,-1,6,11,24,0.0
30.92,1,17,9,-2,0,2,10,16,0.0
30.925,-14,-10,-3,-3,-1,-8,-10,-25,0.0
30.93,-5,-4,7,5,2,2,-3,1,0.0
30.935000000000002,20,24,-4,0,-2,3,19,20,0.0
30.94,1,-3,8,-1,-5,-7,-9,5,0.0
30.945,1,23,-10,2,-1,2,1,6,0.0
30.95,6,2,-6,-5,-1,-4,6,23,0.0
30.955000000000002,-13,-19,-5,-6,-1,0,3,-18,0.0
30.96,0,12,10,3,1,1,5,2,0.0
30.965,8,17,2,0,-4,0,49,26,0.0
30.970000000000002,-7,0,12,3,-2,-10,-63,-39,0.0
30.975,1,20,-10,-4,-1,2,13,32,0.0
30.98,-9,-27,5,-4,-1,0,-10,-52,0.0
30.985,-2,-7,-5,-1,0,1,6,13,0.0
30.990000000000002,4,10,-7,-3,-2,-3,7,9,0.0
30.995,-3,-1,6,4,0,2,8,16,0.0
31.0,1,-4,-2,1,-3,-1,6,7,0.0
31.005,1,7,-1,2,2,-3,-43,-8,0.0
31.01,0,-5,11,-2,-1,1,10,6,0.0
31.015,-2,-2,-1,-1,-2,-2,0,-10,0.0
31.02,-7,-13,-9,0,-1,4,13,7,0.0
31.025000000000002,-3,-3,-25,-4,-1,-2,-12,-5,0.0
31.03,1,3,-3,-2,-1,-1,4,4,0.0
31.035,-7,-18,6,0,0,0,6,-2,0.0
31.04,6,3,-7,-2,-4,-5,-3,21,0.0
31.045,-4,-30,9,1,1,1,-10,-27,0.0
31.05,2,16,-10,-4,-5,-5,4,6,0.0
31.055,3,4,-8,1,-1,-1,6,-4,0.0
31.060000000000002,-6,-24,3,0,0,-7,-6,2,0.0
31.065,6,60,8,-8,-2,3,1,9,0.0
31.07,1,0,8,3,1,-2,9,6,0.0
31.075,-6,-21,-9,-6,-3,-3,-4,-6,0.0
31.080000000000002,4,16,-6,8,-4,0,-5,-1,0.0
31.085,-2,-13,6,-3,-2,-1,3,9,0.0
31.09,-2,0,2,-2,-2,-1,-3,-16,0.0
31.095000000000002,-3,2,-3,-1,0,-5,-5,7,0.0
31.1,-4,-8,-2,8,4,0,-3,-15,0.0
31.105,-2,-9,-5,3,-6,-3,-1,3,0.0
31.11,1,-2,7,-4,0,0,2,5,0.0
31.115000000000002,-5,-1,-7,7,2,3,1,-7,0.0
31.12,-2,-25,15,-21,-5,1,1,2,0.0
31.125,2,19,-1,17,2,-2,-1,4,0.0
31.13,-5,0,0,-2,2,3,4,-10,0.0
31.135,-3,-28,-7,-3,-6,-3,-2,7,0.0
31.14,4,17,3,-4,-2,-1,-1,1,0.0
31.145,-1,-10,7,-4,-3,-2,-2,3,0.0
31.150000000000002,0,-1,-2,2,0,-1,0,-3,0.0
31.155,0,1,-2,-1,0,2,3,-5,0.0
31.16,-5,-17,-8,-1,1,1,-1,-1,0.0
31.165,-1,-2,4,-4,-2,-3,-2,-3,0.0
31.17,1,3,-3,2,-3,-5,1,0,0.0
31.175,1,0,1,-6,-3,0,-2,-2,0.0
31.18,-2,10,-9,-2,-2,0,1,-4,0.0
31.185000000000002,-1,-7,-4,-1,2,-3,0,1,0.0
31.19,-4,-4,1,3,0,0,-1,-7,0.0
31.195,-2,5,-3,-3,1,-1,2,0,0.0
31.2,2,6,2,2,0,-6,-4,-2,0.0
31.205000000000002,-3,-13,-13,-7,-4,-2,-3,1,0.0
31.21,-1,2,-2,-8,-3,-1,-3,3,0.0
31.215,-3,-2,-6,0,0,-2,-1,-5,0.0
31.220000000000002,1,0,-6,-4,-3,-3,-1,-2,0.0
31.225,-5,-17,1,-8,1,5,0,-7,0.0
31.23,1,3,1,-4,-5,-1,-2,4,0.0
31.235,-3,-5,6,0,0,-1,2,-4,0.0
31.240000000000002,0,7,1,5,1,0,-2,0,0.0
31.245,0,3,-2,0,-2,-3,-4,-2,0.0
31.25,-2,-6,-5,-4,-1,2,2,0,0.0
31.255,0,7,1,5,0,1,-1,-6,0.0
31.26,0,-1,0,-5,-2,0,2,8,0.0
31.265,-2,-2,-1,2,-1,-4,-4,-3,0.0
31.27,-1,0,1,2,-1,-2,0,0,0.0
31.275000000000002,1,3,6,1,-3,-2,1,1,0.0
31.28,0,3,-2,-1,-1,-3,-3,-4,0.0
31.285,-1,-4,-1,1,-1,-1,1,-2,0.0
31.29,-2,-4,0,0,-2,-1,-2,2,0.0
31.295,0,0,-1,-2,0,-1,0,1,0.0
31.3,-2,-1,-4,-3,-2,-4,-3,-4,0.0
31.305,-1,3,3,1,-2,0,0,0,0.0
31.310000000000002,0,2,-4,-2,-1,-1,-1,-1,0.0
31.315,0,5,-2,3,1,5,5,3,0.0
31.32,-1,-2,-3,-2,-1,4,1,1,0.0
31.325,-1,-3,2,-2,-2,3,15,5,0.0
31.330000000000002,14,6,-4,2,-5,-15,2,-7,0.0
31.335,-10,5,15,8,-1,-15,-24,-1,0.0
31.34,4,47,-7,-16,-2,-8,-27,-22,0.0
31.345000000000002,1,-27,29,0,-4,3,-5,-5,0.0
31.35,-3,2,-15,-1,0,7,7,24,0.0
31.355,-4,5,-7,-8,-2,7,11,-11,0.0
31.36,-39,-16,6,8,-2,-2,16,-4,0.0
31.365000000000002,4,11,-5,1,1,0,-10,1,0.0
31.37,2,-2,9,3,0,0,1,-8,0.0
31.375,-13,-8,-9,8,-1,-5,-4,10,0.0
31.38,5,-17,1,-1,-2,0,1,16,0.0
31.385,1,-4,-11,-6,-5,-8,-12,-20,0.0
31.39,-12,-12,9,0,-2,2,-2,3,0.0
31.395,1,-20,-14,-6,-1,-1,-5,-4,0.0
31.400000000000002,4,-6,14,7,0,2,6,-3,0.0
31.405,-4,1,-21,-6,-3,-6,-3,7,0.0
31.41,-2,-1,-1,-5,2,1,-6,-11,0.0
31.415,41,-1,-7,-15,-4,1,2,7,0.0
31.42,-57,-79,-10,-3,-1,-3,-9,-47,0.0
31.425,-11,44,-2,-1,-1,-5,-3,9,0.0
31.43,3,-13,0,4,1,3,-2,-20,0.0
31.435000000000002,-4,8,-9,-1,-2,2,15,21,0.0
31.44,2,-6,14,7,-1,-5,-19,-42,0.0
31.445,10,-8,-7,-11,-4,-4,-3,-20,0.0
31.45,-5,-7,-7,-8,-5,-6,-14,-19,0.0
31.455000000000002,6,7,5,1,-1,1,2,2,0.0
31.46,12,19,2,6,-1,-3,4,21,0.0
31.465,-6,-8,-4,6,3,1,3,7,0.0
31.470000000000002,15,17,0,1,-3,-2,0,9,0.0
31.475,-11,-10,3,2,0,-1,-1,-1,0.0
31.48,12,8,3,-3,0,2,3,20,0.0
31.485,2,-11,-3,0,0,2,3,-3,0.0
31.490000000000002,-9,-12,-17,-12,-4,-4,0,2,0.0
31.495,-11,-3,3,-1,-2,-3,-5,-10,0.0
31.5,4,3,-9,0,0,2,4,-4,0.0
31.505,5,-20,-4,0,-2,-1,3,9,0.0
31.51,-8,-4,7,8,0,-1,-5,3,0.0
31.515,-5,-6,2,-8,-3,2,-3,-14,0.0
31.52,16,28,-9,-7,-6,-3,1,9,0.0
31.525000000000002,0,8,5,3,1,2,3,7,0.0
31.53,0,10,-12,-3,-1,-4,-3,2,0.0
31.535,0,-10,7,-4,0,-1,-3,-7,0.0
31.54,1,-16,1,3,1,0,5,14,0.0
31.545,-3,-2,-11,1,-2,-1,-3,0,0.0
31.55,0,20,-8,-3,-1,0,2,2,0.0
31.555,-7,-42,17,-1,-1,-2,-2,-4,0.0
31.560000000000002,2,-5,2,0,-1,-3,0,4,0.0
31.565,2,47,-4,-1,-2,-2,-4,-7,0.0
31.57,0,-11,-2,-1,1,1,2,2,0.0
31.575,-1,8,-4,3,5,-2,-3,-1,0.0
31.580000000000002,12,31,-6,2,6,1,2,12,0.0
31.585,-5,-23,-4,-20,-22,-7,-1,-11,0.0
31.59,-4,-18,18,12,-4,1,0,6,0.0
31.595000000000002,2,16,-5,-4,-2,-1,0,-4,0.0
31.6,-2,-17,10,-8,4,0,-5,7,0.0
31.605,-4,-16,10,28,8,0,-3,-2,0.0
31.61,7,24,27,-13,1,1,4,-1,0.0
31.615000000000002,-10,-16,-54,-1,-3,-3,-3,-9,0.0
31.62,5,13,54,15,-15,-2,1,-1,0.0
31.625,-8,-26,-80,-21,0,-3,-3,-1,0.0
31.63,-9,0,16,-5,-6,-3,-6,1,0.0
31.635,1,10,12,1,7,2,1,-8,0.0
31.64,10,17,1,-3,1,1,7,19,0.0
31.645,0,5,31,9,3,2,2,8,0.0
31.650000000000002,12,74,-15,4,3,0,3,-3,0.0
31.655,2,25,19,2,0,1,2,0,0.0
31.66,-5,-13,-26,-6,-2,-1,-1,-8,0.0
31.665,-4,-4,29,5,2,0,-1,-3,0.0
31.67,-7,-22,-26,-2,4,0,-1,-2,0.0
31.675,-1,-4,12,2,-4,-3,-1,5,0.0
31.68,-4,7,-14,-4,-3,-3,-3,-8,0.0
31.685000000000002,-2,2,3,0,4,0,-2,-3,0.0
31.69,-1,-17,-8,-10,-1,0,2,2,0.0
31.695,-1,5,-6,-2,-3,-1,-1,3,0.0
31.7,-4,-23,-1,-4,2,-3,0,8,0.0
31.705000000000002,3,11,-4,-2,2,4,-2,-12,0.0
31.71,-2,-22,-1,5,-1,8,63,36,0.0
31.715,-8,-6,15,2,-8,-26,-77,-33,0.0
31.720000000000002,2,11,-29,-7,2,4,4,4,0.0
31.725,-6,-8,14,-12,-4,3,8,8,0.0
31.73,0,-6,7,11,1,-2,-25,0,0.0
31.735,1,7,-21,-13,-5,4,33,14,0.0
31.740000000000002,-7,-18,13,-6,-14,-8,-25,-17,0.0
31.745,5,7,16,8,-2,-1,-19,4,0.0
31.75,-11,-22,-20,6,20,-1,-18,-29,0.0
31.755,1,0,14,7,7,7,15,2,0.0
31.76,1,3,-9,-4,-9,-1,-6,1,0.0
31.765,3,-1,9,-1,2,5,31,-4,0.0
31.77,0,-4,9,-4,-1,0,-11,3,0.0
31.775000000000002,-5,-6,-10,4,1,-11,-13,-9,0.0
31.78,-7,-3,-12,-10,-6,1,17,-12,0.0
31.785,0,1,-5,-3,-6,0,3,11,0.0
31.79,0,-3,0,0,-7,2,62,23,0.0
31.795,-3,-2,-18,-7,-2,-1,-22,-36,0.0
31.8,-2,-9,-15,-6,0,3,32,63,0.0
31.805,-8,-12,-18,-2,-1,-7,-36,-42,0.0
31.810000000000002,-5,-33,23,6,-4,-10,20,12,0.0
31.815,4,14,6,-3,-3,8,7,33,0.0
31.82,1,6,4,11,3,-3,8,-28,0.0
31.825,-6,-31,-15,6,4,3,-4,9,0.0
31.830000000000002,-3,11,-4,-3,-1,5,-3,-12,0.0
31.835,-2,-12,6,6,-1,3,22,21,0.0
31.84,3,14,-4,-4,1,-10,-37,-17,0.0
31.845000000000002,-1,8,5,-1,1,-1,12,5,0.0
31.85,5,28,-1,-3,-6,-2,-23,-24,0.0
31.855,-3,-4,18,7,1,3,13,6,0.0
31.86,-3,-16,-8,-4,1,-4,-11,-11,0.0
31.865000000000002,-2,-14,6,-2,-5,-4,0,-2,0.0
31.87,2,8,18,-3,-4,2,3,26,0.0
31.875,9,69,8,-2,0,1,-13,-12,0.0
31.88,-1,3,12,9,6,4,4,0,0.0
31.885,-6,-64,16,-1,-4,-6,-8,0,0.0
31.89,-8,-3,-18,-6,-4,-7,-29,-10,0.0
31.895,-7,-34,-10,0,3,7,18,6,0.0
31.900000000000002,5,18,4,1,-4,-3,-3,-4,0.0
31.905,4,31,-1,3,1,2,7,17,0.0
31.91,-2,-6,-26,-15,-7,-9,-15,-12,0.0
31.915,-1,-19,-6,-2,-5,-7,-5,-2,0.0
31.92,-7,-31,-2,-3,-1,1,-2,-1,0.0
31.925,-9,-3,22,-27,-4,0,6,-1,0.0
31.93,-1,-10,-23,-11,-3,-1,-10,-24,0.0
31.935000000000002,0,-9,8,5,-4,1,2,14,0.0
31.94,5,-8,-6,6,9,2,0,3,0.0
31.945,7,9,-17,5,7,0,7,9,0.0
31.95,-4,-29,16,18,3,0,-11,1,0.0
31.955000000000002,-10,-23,-24,-19,-24,-6,-3,-10,0.0
31.96,-2,4,-19,-26,-2,2,0,-2,0.0
31.965,1,29,11,0,2,1,-2,-5,0.0
31.970000000000002,-2,-6,-6,2,3,-2,-8,-6,0.0
31.975,-1,-11,-6,12,10,1,0,-6,0.0
31.98,-3,-11,12,7,-2,1,2,-3,0.0
31.985,-2,3,-1,-4,-7,-7,-5,-2,0.0
31.990000000000002,6,-5,-6,2,1,0,-3,-1,0.0
31.995,3,7,4,1,-1,-2,5,-9,0.0
32.0,3,60,6,7,-9,-2,1,4,0.0
32.005,6,34,7,-1,1,-5,-2,-2,0.0
32.01,2,6,24,11,1,2,0,-4,0.0
32.015,2,6,-30,-18,-2,-2,-1,-1,0.0
32.02,-9,-23,-45,-7,-1,-5,-6,-11,0.0
32.025,1,-1,-7,10,-2,-2,-1,-2,0.0
32.03,3,18,13,-13,-6,1,-2,3,0.0
32.035000000000004,-1,-1,35,5,5,2,1,0,0.0
32.04,-2,-6,0,5,1,-1,0,-3,0.0
32.045,-2,0,-15,2,-2,-1,-2,0,0.0
32.05,-1,-3,16,0,-2,-3,-3,-4,0.0
32.055,1,7,6,0,0,-2,-2,3,0.0
32.06,-3,-17,-14,-4,-3,-2,-2,-4,0.0
32.065,-3,-8,1,-2,-1,0,-1,-3,0.0
32.07,-2,-7,-7,-3,-2,1,-2,-2,0.0
32.075,-3,1,-12,-3,-1,1,0,0,0.0
32.08,-2,-7,5,-1,-2,0,-3,-5,0.0
32.085,-2,0,0,1,0,0,-1,-5,0.0
32.09,-2,2,-12,0,-3,-4,-3,9,0.0
32.095,-3,-10,-9,-9,-2,-3,-1,2,0.0
32.1,0,-4,21,1,3,0,-1,-2,0.0
32.105000000000004,-2,0,3,2,-1,-1,-2,-3,0.0
32.11,-4,1,-18,-7,-4,2,-1,-5,0.0
32.115,0,1,5,-2,0,-4,7,-2,0.0
32.12,1,4,10,2,-2,1,-3,3,0.0
32.125,0,0,-10,3,-1,-4,1,-8,0.0
32.13,1,3,-4,-7,-4,-5,-7,-5,0.0
32.135,-1,-3,-4,-5,4,2,9,2,0.0
32.14,0,6,1,-2,-8,-8,-10,-5,0.0
32.145,-3,-33,-5,-4,-5,3,3,2,0.0
32.15,0,-2,1,10,5,2,21,2,0.0
32.155,-3,6,1,-2,0,-4,-31,-6,0.0
32.160000000000004,1,2,4,-2,2,-1,8,1,0.0
32.165,-6,1,-14,-9,-11,-4,-8,-14,0.0
32.17,-1,-20,-9,-2,6,-1,-10,-1,0.0
32.175,0,-1,4,2,-5,-5,-13,1,0.0
32.18,-2,-3,3,0,-6,1,4,0,0.0
32.185,2,3,1,6,3,8,15,11,0.0
32.19,-1,-4,-4,0,5,-4,-4,1,0.0
32.195,-4,-3,-5,7,0,-6,-21,-30,0.0
32.2,-3,-3,-8,-4,0,-5,-5,-3,0.0
32.205,1,1,-6,-6,-11,-1,-11,2,0.0
32.21,0,3,-1,-2,-2,9,27,13,0.0
32.215,4,5,18,12,7,7,37,22,0.0
32.22,-2,11,1,-16,-10,-11,-47,-31,0.0
32.225,5,26,-2,1,4,8,28,10,0.0
32.230000000000004,-13,-50,10,7,-3,-18,-16,-8,0.0
32.235,1,10,-1,-6,-4,-2,-5,-1,0.0
32.24,-2,-11,-27,-7,-1,2,-19,-5,0.0
32.245,1,-5,17,2,7,7,-7,3,0.0
32.25,-4,-1,9,-4,-5,7,28,23,0.0
32.255,-3,-3,-4,-11,-8,-10,-11,-24,0.0
32.26,7,25,-10,2,4,4,23,41,0.0
32.265,-16,-63,-3,3,4,-1,4,-28,0.0
32.27,4,12,-9,-3,-2,4,9,12,0.0
32.275,-1,2,-4,-2,-5,-4,-17,-16,0.0
32.28,-2,-4,5,8,0,-3,-5,0,0.0
32.285000000000004,8,13,-23,-4,0,0,21,52,0.0
32.29,-15,-39,-5,-4,-6,-8,-26,-74,0.0
32.295,-1,-9,4,-5,-2,0,16,18,0.0
32.3,-2,-5,15,12,7,0,4,1,0.0
32.305,0,13,-3,-2,-3,-9,-71,-31,0.0
32.31,9,18,3,-2,-4,2,0,15,0.0
32.315,7,39,-13,-2,-4,-6,8,20,0.0
32.32,-14,-81,2,-4,0,0,-18,-30,0.0
32.325,2,35,17,-1,1,0,31,22,0.0
32.33,5,23,-11,0,-2,-3,-26,2,0.0
32.335,2,-12,-15,-6,-2,2,-4,0,0.0
32.34,1,-11,2,-4,1,2,40,22,0.0
32.345,1,10,7,4,1,-12,-19,-8,0.0
32.35,-8,10,10,-11,-7,-1,-10,-29,0.0
32.355000000000004,-10,-51,15,-5,1,7,14,2,0.0
32.36,-1,22,-17,-6,-2,-2,2,1,0.0
32.365,1,-3,-1,-3,-1,-3,-5,-4,0.0
32.37,3,18,-15,-2,-3,-3,-5,2,0.0
32.375,1,-13,30,12,3,4,3,7,0.0
32.38,4,34,11,4,2,1,0,-3,0.0
32.385,-3,0,-3,1,-6,-4,-6,-21,0.0
32.39,-6,-1,-1,2,2,3,10,5,0.0
32.395,0,3,-20,-7,-2,-2,-2,2,0.0
32.4,-4,10,-6,-1,-3,-1,-4,-12,0.0
32.405,5,35,-20,-2,-2,-1,4,2,0.0
32.410000000000004,2,22,9,6,3,0,-1,1,0.0
32.415,-2,-1,-10,1,0,-1,-7,-8,0.0
32.42,4,11,2,1,-1,-1,1,1,0.0
32.425,-2,-12,-1,-4,-2,-1,2,3,0.0
32.43,-1,-12,-1,-3,-1,-4,-4,5,0.0
32.435,-1,10,-11,-5,-2,-1,-3,-6,0.0
32.44,-5,-14,6,0,-1,2,9,5,0.0
32.445,-5,-19,-3,-5,-3,-2,-1,-4,0.0
32.45,3,4,-2,-2,-2,0,-2,-1,0.0
32.455,-3,-4,-9,-1,-2,-1,-1,16,0.0
32.46,-2,-4,15,0,1,-2,0,-9,0.0
32.465,-4,-5,-2,-2,0,2,-1,-4,0.0
32.47,-5,-6,-3,2,-1,1,-1,5,0.0
32.475,1,6,4,1,-1,-1,1,0,0.0
32.480000000000004,2,30,3,3,-1,-1,2,2,0.0
32.485,-6,-34,3,-5,-1,-3,-1,-2,0.0
32.49,1,-2,-6,-3,-2,-2,1,2,0.0
32.495,-2,2,-5,1,2,1,-2,-8,0.0
32.5,0,-1,-1,1,-5,1,0,2,0.0
32.505,2,4,2,6,8,-2,-1,-1,0.0
32.51,-1,-4,0,-2,0,-3,-2,2,0.0
32.515,-1,-1,6,-4,-4,-3,-3,-4,0.0
32.52,0,-1,-6,-5,1,-1,-3,0,0.0
32.525,-1,2,2,1,-5,-3,-4,0,0.0
32.53,2,-5,2,-4,0,-2,-2,1,0.0
32.535000000000004,-2,3,-6,0,-1,-1,1,-4,0.0
32.54,-2,-11,5,-3,-4,0,2,1,0.0
32.545,-2,-2,-5,-4,-3,-2,0,2,0.0
32.55,-1,6,-3,1,1,2,-1,2,0.0
32.555,-2,-3,-4,-2,0,-2,-3,-5,0.0
32.56,-1,-13,-9,-6,-4,-3,2,-1,0.0
32.565,-2,0,6,-2,2,1,-2,-2,0.0
32.57,0,2,-4,-1,-2,4,3,1,0.0
32.575,-2,-1,-4,-1,-2,-5,-18,-3,0.0
32.58,-2,-6,0,0,1,0,6,0,0.0
32.585,0,7,-4,-1,-1,-1,-1,3,0.0
32.59,0,-3,2,-1,-1,-2,1,-3,0.0
32.595,-1,-3,-1,-1,-1,1,6,1,0.0
32.6,1,3,-7,1,0,-3,-4,2,0.0
32.605000000000004,-3,-30,8,-1,-4,-2,2,0,0.0
32.61,-3,0,-23,-13,-6,-4,-3,-9,0.0
32.615,1,-2,-6,-5,0,1,5,3,0.0
32.62,-2,-11,-2,1,0,-1,-8,-2,0.0
32.625,2,31,14,1,-1,2,2,2,0.0
32.63,0,-2,-2,2,-2,1,5,1,0.0
32.635,-3,-8,10,5,-1,-4,-15,-9,0.0
32.64,2,0,-5,-5,-1,6,-1,4,0.0
32.645,-2,-2,-11,-8,-6,-13,-7,-7,0.0
32.65,0,-1,9,5,0,-1,-1,0,0.0
32.655,-2,4,-1,1,1,-4,-13,-6,0.0
32.660000000000004,-1,3,10,6,2,0,4,1,0.0
32.665,-3,-8,-11,-9,-2,4,5,0,0.0
32.67,-1,-2,-11,-9,-2,0,5,0,0.0
32.675,1,5,-10,1,-2,3,7,4,0.0
32.68,-3,-10,-5,-6,-3,-5,-7,-3,0.0
32.685,4,4,19,14,3,2,7,3,0.0
32.69,-3,-1,-5,-3,-14,-20,-40,3,0.0
32.695,3,22,-4,3,9,-5,-4,-14,0.0
32.7,-2,11,15,2,7,5,12,5,0.0
32.705,-1,-3,5,4,0,4,6,4,0.0
32.71,-4,-7,-11,-7,-3,5,9,7,0.0
32.715,0,-2,0,-7,-9,2,15,16,0.0
32.72,-2,7,5,0,-5,-2,0,-24,0.0
32.725,0,-6,-26,-8,-4,-5,-9,1,0.0
32.730000000000004,1,0,15,9,3,-3,11,-9,0.0
32.735,-5,-31,-6,-2,-2,-9,-35,-10,0.0
32.74,1,14,7,-3,2,7,41,17,0.0
32.745,-5,-6,4,-1,-5,-3,-77,-36,0.0
32.75,0,-9,-6,2,3,3,1,18,0.0
32.755,-2,-6,-5,-5,-1,3,29,-4,0.0
32.76,-2,-7,0,2,-3,-5,-40,-7,0.0
32.765,9,20,-9,-1,-5,-1,38,20,0.0
32.77,-4,-21,1,4,2,-11,-46,-38,0.0
32.775,-4,24,25,5,0,17,24,9,0.0
32.78,-3,-25,1,-7,-6,-10,19,2,0.0
32.785000000000004,-7,-5,-4,-8,-1,-1,-17,-1,0.0
32.79,-1,-3,-11,-3,1,1,2,-6,0.0
32.795,2,-4,-2,6,-1,-6,1,2,0.0
32.8,1,3,-18,-7,1,5,3,-6,0.0
32.805,0,-6,5,-1,1,2,10,5,0.0
32.81,3,12,4,-4,-2,-3,4,5,0.0
32.815,-2,-9,10,0,-3,-3,-10,-18,0.0
32.82,3,33,9,6,-4,-1,2,29,0.0
32.825,-3,1,-30,-11,-3,-12,-10,-22,0.0
32.83,2,6,4,-6,-1,3,9,9,0.0
32.835,-2,14,-1,0,3,2,4,-10,0.0
32.84,-1,-20,-5,7,0,-3,-11,-2,0.0
32.845,-3,6,5,4,3,0,5,10,0.0
32.85,-1,17,5,1,0,3,4,0,0.0
32.855000000000004,3,-2,-1,-4,-1,-4,-4,0,0.0
32.86,-3,4,3,-1,3,5,-2,-4,0.0
32.865,2,-2,-3,-3,-4,-3,6,-4,0.0
32.87,-6,-6,-4,-3,-1,2,0,-1,0.0
32.875,-2,15,-11,-4,-4,-2,1,-1,0.0
32.88,-5,-23,-10,-9,-3,1,-1,-5,0.0
32.885,-2,-4,9,5,0,-1,2,6,0.0
32.89,2,-22,13,4,0,0,-3,1,0.0
32.895,-6,-12,-15,1,1,0,7,3,0.0
32.9,-2,-5,-6,-5,-4,-5,-14,-9,0.0
32.905,2,2,-5,-1,-3,0,8,-1,0.0
32.910000000000004,1,10,-1,-2,-1,-3,5,-1,0.0
32.915,6,44,-1,1,2,1,0,2,0.0
32.92,0,-14,-2,0,0,-7,-4,-1,0.0
32.925,-4,-7,6,3,11,6,8,-1,0.0
32.93,-2,4,4,9,-21,-10,-4,-4,0.0
32.935,-1,-21,4,-11,5,0,-3,-3,0.0
32.94,-2,2,-2,22,5,1,-3,-3,0.0
32.945,6,17,-17,-66,-10,-3,-3,-2,0.0
32.95,-5,-6,-3,13,26,6,1,-5,0.0
32.955,-16,-69,-2,14,-58,-13,-2,1,0.0
32.96,3,5,-3,-12,-5,-7,-5,-4,0.0
32.965,-7,-18,2,-1,5,2,-1,-4,0.0
32.97,-1,16,-7,5,7,0,-4,-19,0.0
32.975,-1,-13,3,4,21,5,-1,5,0.0
32.980000000000004,0,5,2,5,-4,-4,-6,-5,0.0
32.985,-4,-2,1,11,1,4,6,6,0.0
32.99,-3,-9,1,-8,-1,0,0,-2,0.0
32.995,-2,3,-4,5,1,-2,-5,3,0.0
33.0,-2,-5,-4,-6,-5,-2,-1,-3,0.0
33.005,1,5,0,6,-2,-3,-1,-3,0.0
33.01,-3,0,0,-3,-3,1,3,4,0.0
33.015,1,1,3,-6,-1,-2,-5,1,0.0
33.02,-3,7,-5,-11,-2,0,-1,2,0.0
33.025,-1,-7,5,17,4,0,1,-2,0.0
33.03,-1,-15,-17,0,-8,0,2,0,0.0
33.035000000000004,-4,-18,17,-8,3,-1,-1,3,0.0
33.04,-3,-3,-4,0,0,-3,-3,-5,0.0
33.045,-4,-7,0,11,-4,-3,0,-3,0.0
33.05,1,-6,-3,-13,0,-2,-1,2,0.0
33.055,4,22,-10,-1,9,2,-3,-4,0.0
33.06,-5,-18,1,1,0,-2,-3,-3,0.0
33.065,-1,-6,1,14,-3,-2,-1,-1,0.0
33.07,1,7,-1,-30,-8,-3,-1,3,0.0
33.075,2,6,-3,3,-1,-3,-3,2,0.0
33.08,0,1,-2,-5,-4,-1,0,-2,0.0
33.085,0,2,-1,-2,-3,-2,-6,-2,0.0
33.09,-1,0,1,8,1,1,12,3,0.0
33.095,-2,-3,5,-2,-1,-1,-4,-4,0.0
33.1,1,10,-7,-1,-4,-4,-11,-4,0.0
33.105000000000004,-5,-26,2,1,0,0,3,2,0.0
33.11,0,3,4,3,-1,0,2,0,0.0
33.115,1,-1,-2,-3,1,2,3,0,0.0
33.12,1,5,-1,3,3,5,9,-5,0.0
33.125,1,15,3,-6,-5,-12,-22,-11,0.0
33.13,3,3,-1,1,-3,-2,2,8,0.0
33.135,0,-3,-4,-8,-2,-3,-4,-3,0.0
33.14,1,1,2,-6,0,3,1,1,0.0
33.145,-3,-3,-1,11,3,4,6,1,0.0
33.15,0,-7,-4,3,0,0,5,-2,0.0
33.155,0,6,-1,-3,-1,-2,-7,1,0.0
33.160000000000004,-3,-12,-7,-15,-8,-2,5,4,0.0
33.165,4,34,2,-3,-8,2,4,-4,0.0
33.17,-2,-1,3,8,13,-5,-3,-13,0.0
33.175,-1,-4,-3,-5,4,3,9,3,0.0
33.18,-2,-7,9,5,1,-1,0,-3,0.0
33.185,-3,-16,-4,-5,-4,-4,-6,-1,0.0
33.19,1,6,19,-1,-12,-4,-14,-2,0.0
33.195,5,8,-16,-9,-7,-4,5,5,0.0
33.2,-5,6,-2,2,0,2,3,-23,0.0
33.205,-3,-13,-4,2,-1,3,0,7,0.0
33.21,2,12,6,-1,-2,0,2,-5,0.0
33.215,-3,-8,-6,4,0,0,-4,6,0.0
33.22,1,10,3,-7,0,-11,-20,-9,0.0
33.225,1,0,-2,6,3,3,10,13,0.0
33.230000000000004,-3,-5,-4,0,-2,0,8,-33,0.0
33.235,1,5,2,-2,-2,-3,-38,-4,0.0
33.24,1,-3,0,4,-4,-4,1,0,0.0
33.245,-3,5,-8,-4,-1,-1,5,10,0.0
33.25,-4,-8,-15,-7,-1,4,4,-15,0.0
33.255,-2,-7,3,2,-3,2,26,6,0.0
33.26,0,-4,13,11,4,-3,-16,-1,0.0
33.265,2,4,1,-7,-1,-4,5,3,0.0
33.27,-1,-1,-1,-3,-5,-11,-35,12,0.0
33.275,-2,3,-3,-5,0,2,9,-8,0.0
33.28,-2,-14,-11,-2,-2,-1,3,15,0.0
33.285000000000004,-1,0,-4,1,-2,1,2,-3,0.0
33.29,-5,-16,2,-5,-3,1,3,12,0.0
33.295,2,10,4,1,2,-3,-5,-6,0.0
33.3,5,3,2,6,-2,-3,0,8,0.0
33.305,0,7,-9,-10,2,1,-4,-9,0.0
33.31,-6,-16,-9,-5,0,1,6,11,0.0
33.315,-5,-16,-3,0,1,-4,-5,-9,0.0
33.32,6,59,-29,-4,-3,-1,8,6,0.0
33.325,-5,-41,19,9,0,-2,-8,-15,0.0
33.33,-2,5,-11,-1,-2,-4,-6,1,0.0
33.335,-5,-2,4,3,2,1,1,-1,0.0
33.34,-2,-8,-9,-2,2,4,1,0,0.0
33.345,-2,3,-9,1,-1,-4,-8,-6,0.0
33.35,2,4,-4,-4,-3,0,-1,5,0.0
33.355000000000004,3,30,-1,-9,-6,-8,3,-6,0.0
33.36,-3,-19,8,-1,-1,0,2,6,0.0
33.365,-3,-9,0,4,2,0,-3,-1,0.0
33.37,3,-6,7,5,2,2,4,3,0.0
33.375,2,3,-7,-2,-5,-1,-5,-2,0.0
33.38,-6,-15,1,-1,0,-1,0,-6,0.0
33.385,1,10,2,-7,-5,-2,3,-1,0.0
33.39,-1,11,0,-2,0,-2,-3,-1,0.0
33.395,-2,-17,3,4,-1,-1,1,5,0.0
33.4,-4,-6,-4,-4,-1,-1,-2,-6,0.0
33.405,-2,-7,-3,0,-3,0,1,5,0.0
33.410000000000004,0,-3,5,7,1,0,3,2,0.0
33.415,-2,-4,-4,-1,1,-1,-5,2,0.0
33.42,-7,-13,6,0,0,0,-6,-22,0.0
33.425,1,10,-3,-4,-1,-4,-2,-1,0.0
33.43,-1,-1,3,-5,-3,-2,-5,2,0.0
33.435,1,4,5,4,-1,-2,-1,0,0.0
33.44,0,1,-3,-5,-1,-2,1,4,0.0
33.445,-2,-3,6,-2,-5,-2,-2,-2,0.0
33.45,-1,6,0,1,4,0,-1,-1,0.0
33.455,-4,-10,-3,-1,2,1,2,1,0.0
33.46,-2,-11,4,-3,-4,-3,0,8,0.0
33.465,3,5,-2,-4,-5,-1,-3,-1,0.0
33.47,-2,-5,-6,2,-4,-3,1,3,0.0
33.475,-5,-6,0,-1,-1,-1,0,0,0.0
33.480000000000004,-1,-5,2,3,0,0,0,3,0.0
33.485,-3,1,-2,-6,0,-2,-2,-1,0.0
33.49,0,1,2,1,-3,-1,2,-2,0.0
33.495,-1,-9,-1,-3,0,-2,-3,-4,0.0
33.5,2,5,-5,1,-1,-3,-4,-1,0.0
33.505,3,2,-13,-8,-3,-4,-3,-1,0.0
33.51,-9,-30,0,0,-1,2,3,-9,0.0
33.515,-1,0,-2,-4,-2,-2,-2,1,0.0
33.52,-1,-3,3,0,-2,-1,-2,1,0.0
33.525,1,7,5,3,2,1,1,0,0.0
33.53,1,3,-6,-2,1,-2,-1,1,0.0
33.535000000000004,0,-3,-1,-2,0,-3,-3,-4,0.0
33.54,0,-1,-9,-2,-3,-3,-2,2,0.0
33.545,1,-1,12,2,1,1,2,0,0.0
33.55,-1,5,-7,-1,-3,-2,-1,0,0.0
33.555,0,-4,6,2,-1,4,3,2,0.0
33.56,-2,2,-3,-2,-1,-3,-7,-2,0.0
33.565,-2,-5,-2,0,-1,-2,9,4,0.0
33.57,0,4,5,-2,-2,-1,-7,0,0.0
33.575,-1,0,-7,-2,-1,-5,-11,-3,0.0
33.58,-1,-2,5,0,-1,1,3,-1,0.0
33.585,-3,-1,-2,4,2,6,1,1,0.0
33.59,0,-3,5,0,-2,-2,2,1,0.0
33.595,-3,-5,-3,-3,-2,1,3,-4,0.0
33.6,-2,0,-5,-4,-3,-3,4,-4,0.0
33.605000000000004,1,-1,-8,0,0,0,5,8,0.0
33.61,3,8,4,-1,-1,3,2,1,0.0
33.615,-2,-1,-3,0,-2,3,-4,-1,0.0
33.62,-6,-10,-11,-5,-3,-15,-4,-13,0.0
33.625,-1,1,-2,-1,-1,-4,-20,-8,0.0
33.63,0,-1,2,-1,-1,-2,5,0,0.0
33.635,1,-1,-3,4,1,4,7,5,0.0
33.64,-1,-7,-4,-5,-1,5,10,-5,0.0
33.645,-3,-7,-15,-12,-4,-3,0,-2,0.0
33.65,-1,0,1,-4,0,-2,-8,-3,0.0
33.655,-4,-6,5,2,0,1,1,-3,0.0
33.660000000000004,0,1,1,8,2,3,1,5,0.0
33.665,-3,-8,-4,-8,-1,-2,0,-1,0.0
33.67,-1,1,-3,2,-3,0,-1,-1,0.0
33.675,2,6,-3,-6,-4,-6,-2,0,0.0
33.68,-1,-5,-1,-5,-3,-2,-4,1,0.0
33.685,3,8,1,-1,-3,-3,0,0,0.0
33.69,-2,-6,-6,-13,1,-1,5,2,0.0
33.695,-1,-2,1,7,0,-2,-5,-3,0.0
33.7,2,1,9,-3,2,1,-3,2,0.0
33.705,-2,-7,-1,5,-1,1,1,-4,0.0
33.71,9,47,-2,-1,-1,-3,-9,1,0.0
33.715,-1,-5,2,1,1,0,4,0,0.0
33.72,-5,-6,6,2,-2,-3,-6,3,0.0
33.725,-1,-4,8,-2,0,-2,-10,-5,0.0
33.730000000000004,-2,-13,-7,2,-6,-4,-3,-3,0.0
33.735,-3,-4,-12,-5,-2,-1,-2,-2,0.0
33.74,8,5,-5,-4,-1,4,22,2,0.0
33.745,-4,-4,-3,8,-3,-8,-25,-8,0.0
33.75,-3,-8,-2,-3,0,-1,-1,-3,0.0
33.755,-1,2,-3,-2,0,1,-1,1,0.0
33.76,0,-4,3,-1,-2,-2,2,-2,0.0
33.765,-2,0,3,1,0,0,0,-2,0.0
33.77,-4,-5,-3,1,-1,-1,2,-4,0.0
33.775,0,8,-4,1,0,-3,-9,-4,0.0
33.78,-3,2,3,2,1,-2,-10,-8,0.0
33.785000000000004,-1,8,1,-5,0,3,8,4,0.0
33.79,11,-3,1,3,-2,-3,1,-5,0.0
33.795,6,2,4,-4,0,0,6,7,0.0
33.8,-7,-11,-5,4,-1,0,1,-1,0.0
33.805,-3,-8,3,-1,-2,-2,-1,-2,0.0
33.81,-6,-4,-7,-2,1,2,5,1,0.0
33.815,1,-3,4,-1,-2,-2,1,-4,0.0
33.82,-2,-2,2,0,-1,0,-6,2,0.0
33.825,-2,-14,-7,7,1,0,5,1,0.0
33.83,-5,8,7,-7,-1,-2,-2,-1,0.0
33.835,0,-5,0,0,0,-1,-3,-6,0.0
33.84,0,2,-12,-6,-5,0,-5,5,0.0
33.845,-2,-7,2,0,0,-3,4,-6,0.0
33.85,-6,-14,-7,0,-2,-5,-11,-10,0.0
33.855000000000004,-1,-2,-5,-4,-2,-3,-2,6,0.0
33.86,1,6,3,0,-2,0,0,-1,0.0
33.865,-3,1,3,-3,-3,0,2,1,0.0
33.87,-1,-5,-13,-3,-1,-1,-1,-1,0.0
33.875,-4,1,-8,-4,-1,-2,-1,0,0.0
33.88,0,4,-7,-1,-3,-3,-3,4,0.0
33.885,-2,-17,2,-1,1,0,0,1,0.0
33.89,-1,0,5,2,-2,0,0,7,0.0
33.895,-3,-4,0,-3,-3,-1,2,-3,0.0
33.9,-2,1,2,0,-1,1,-2,-4,0.0
33.905,3,4,-3,4,-1,-1,1,0,0.0
33.910000000000004,-2,2,3,0,1,0,2,5,0.0
33.915,-3,-4,-6,1,-1,-2,-1,-1,0.0
33.92,-2,-1,-5,-5,0,-2,-2,-4,0.0
33.925,1,11,5,0,-3,-1,2,3,0.0
33.93,-4,-12,2,7,1,2,2,-2,0.0
33.935,-2,0,5,-3,-4,-3,-4,-6,0.0
33.94,-1,-1,-4,-4,1,-1,-4,0,0.0
33.945,-1,1,-6,1,0,0,2,0,0.0
33.95,0,0,0,-2,0,-1,-1,-2,0.0
33.955,-3,-4,-2,2,0,-4,-4,-4,0.0
33.96,-2,4,-2,-1,-3,0,-1,-8,0.0
33.965,-3,2,-5,-4,2,1,2,1,0.0
33.97,-2,-3,-1,-3,-2,-1,-3,-4,0.0
33.975,-4,-6,-1,-1,0,1,2,-5,0.0
33.980000000000004,3,4,4,-3,-4,-3,-3,2,0.0
33.985,0,1,-8,-3,0,-1,-1,-3,0.0
33.99,5,5,4,0,1,-1,-1,1,0.0
33.995,-1,-3,3,-1,-3,2,0,1,0.0
34.0,0,-5,0,0,-1,0,-1,-3,0.0
34.005,2,1,-9,-4,-2,-1,-1,0,0.0
34.01,0,0,3,-11,-8,-3,-1,2,0.0
34.015,-3,-4,5,-6,-3,-2,-1,-3,0.0
34.02,-1,0,-5,19,5,1,-3,-1,0.0
34.025,-3,-6,1,-9,-1,2,0,-3,0.0
34.03,-3,12,-10,1,-2,1,-1,-4,0.0
34.035000000000004,2,-8,7,0,0,-3,1,3,0.0
34.04,-2,-3,-2,-12,-2,0,1,3,0.0
34.045,-1,-5,-9,0,-3,-5,-5,0,0.0
34.05,-1,-1,-1,-1,-1,-1,-3,-1,0.0
34.055,-3,0,-2,-4,-1,2,-2,-1,0.0
34.06,-1,0,3,5,2,1,2,0,0.0
34.065,2,6,3,6,-3,-3,-3,-2,0.0
34.07,-3,-15,-2,-12,-2,0,0,4,0.0
34.075,-3,-12,-8,-2,-1,-4,-6,-12,0.0
34.08,1,12,10,1,0,0,2,2,0.0
34.085,-1,2,-2,-5,-4,-3,-1,-5,0.0
34.09,0,-1,2,6,-1,-1,-2,-2,0.0
34.095,-3,-5,-6,0,1,0,0,-1,0.0
34.1,-4,-7,-6,-7,-1,-1,-2,-2,0.0
34.105000000000004,-2,1,3,2,0,-1,-2,-4,0.0
34.11,-1,-1,-1,8,2,-1,2,0,0.0
34.115,0,5,-3,-7,-2,-2,0,-6,0.0
34.12,-2,-5,-2,-5,-4,-5,-4,1,0.0
34.125,-4,-1,3,1,-2,-3,-3,-7,0.0
34.13,-2,-8,-6,-4,-3,-3,-5,-5,0.0
34.135,-1,7,-5,-4,0,4,4,4,0.0
34.14,-1,-3,1,-1,-4,-3,0,2,0.0
34.145,-1,0,5,1,3,-1,-1,-1,0.0
34.15,1,-5,-12,0,0,-3,-4,-7,0.0
34.155,-6,-5,1,2,-1,1,2,0,0.0
34.160000000000004,-3,-2,-1,-2,-1,-4,-3,-9,0.0
34.165,-1,-4,-2,-1,-3,-1,-3,-6,0.0
34.17,0,11,-1,-1,-2,-2,-3,0,0.0
34.175000000000004,-2,3,-2,2,3,1,2,6,0.0
34.18,0,-6,0,1,-1,0,-1,1,0.0
34.185,-2,-4,-1,-4,-2,2,1,2,0.0
34.19,-4,-20,-11,0,-1,1,0,-5,0.0
34.195,-2,-14,9,1,-1,-1,-3,2,0.0
34.2,-3,-8,-5,-1,0,-2,-2,-10,0.0
34.205,2,5,2,1,-1,-3,-2,0,0.0
34.21,0,0,0,-7,-2,-2,0,1,0.0
34.215,-1,13,-6,5,0,-1,-1,3,0.0
34.22,1,1,1,0,-2,-1,2,-2,0.0
34.225,3,-5,-5,4,-2,-3,-3,5,0.0
34.230000000000004,-1,3,2,-6,0,0,2,7,0.0
34.235,4,3,-3,-5,-5,-2,-2,2,0.0
34.24,2,11,-2,-4,-2,0,0,4,0.0
34.245,-4,-4,-5,6,-1,-1,0,-3,0.0
34.25,-2,-7,24,16,1,2,4,3,0.0
34.255,-1,1,1,4,2,0,1,-4,0.0
34.26,-6,-16,-42,-41,-6,-1,-6,-4,0.0
34.265,-4,-5,-4,0,0,0,1,-3,0.0
34.27,-2,14,3,7,-3,-3,-4,-2,0.0
34.275,1,4,6,24,1,-1,1,-2,0.0
34.28,4,8,20,-5,-2,-1,1,-1,0.0
34.285000000000004,2,2,14,27,2,3,3,2,0.0
34.29,-2,-5,-35,-49,4,3,0,-3,0.0
34.295,-2,5,4,-1,-8,-6,-5,-5,0.0
34.300000000000004,1,-2,-3,21,3,-2,1,0,0.0
34.305,2,7,15,-6,-1,0,0,-2,0.0
34.31,-5,-11,-6,9,-1,3,2,-7,0.0
34.315,0,-4,-8,-17,-4,-7,0,0,0.0
34.32,3,0,22,20,2,4,-6,-1,0.0
34.325,0,3,11,-6,0,5,2,-1,0.0
34.33,-6,-8,-9,-8,-9,-12,-4,-6,0.0
34.335,1,-6,-25,-47,-3,1,8,9,0.0
34.34,-9,-10,9,6,0,5,-14,-13,0.0
34.345,1,3,27,12,1,0,16,1,0.0
34.35,-1,-3,-5,-6,-3,-15,-22,-3,0.0
34.355000000000004,-5,-6,1,14,-1,5,2,5,0.0
34.36,16,8,9,11,2,3,12,-7,0.0
34.365,11,-3,-8,-22,-3,-1,2,-20,0.0
34.37,-10,1,13,16,-2,3,3,-16,0.0
34.375,-1,4,4,7,2,-5,-4,-4,0.0
34.38,0,-7,-4,-1,0,4,8,22,0.0
34.385,-4,4,-17,-10,-3,0,2,-6,0.0
34.39,9,-9,-5,3,-2,-3,4,14,0.0
34.395,-6,12,-5,3,-2,-4,-12,2,0.0
34.4,-8,-5,10,1,0,0,9,0,0.0
34.405,-2,-1,-26,-27,-4,-6,-6,14,0.0
34.410000000000004,5,-45,-6,24,-4,-7,-15,15,0.0
34.415,4,26,-4,-6,3,3,-7,-16,0.0
34.42,-4,28,-1,-5,-5,-2,2,-6,0.0
34.425000000000004,1,-18,13,-1,-2,-9,-14,2,0.0
34.43,-10,-52,0,3,1,2,-1,4,0.0
34.435,9,33,78,7,-2,-2,8,12,0.0
34.44,11,-34,-36,6,3,1,0,5,0.0
34.445,-11,-1,-71,-35,-10,-9,-12,-13,0.0
34.45,0,17,79,2,4,8,12,-7,0.0
34.455,9,14,-3,0,-2,0,1,4,0.0
34.46,-2,-1,51,2,-2,-5,-8,1,0.0
34.465,-11,9,9,10,4,4,-3,4,0.0
34.47,29,22,-12,-6,-2,-1,-1,-12,0.0
34.475,-6,-12,-31,-5,-2,-4,-4,-3,0.0
34.480000000000004,-49,-2,9,2,-1,-4,-5,-1,0.0
34.485,-17,-12,-50,-5,-2,-1,0,1,0.0
34.49,3,27,19,-7,-1,2,2,-3,0.0
34.495,12,-25,-8,16,4,6,-1,-6,0.0
34.5,1,13,-8,-11,-6,-5,-5,-13,0.0
34.505,14,-19,-10,-15,-9,-4,1,4,0.0
34.51,19,8,-7,-5,3,2,1,-1,0.0
34.515,-6,-7,-12,-8,-3,-1,-3,-3,0.0
34.52,5,-1,-17,6,0,0,1,-3,0.0
34.525,-34,-3,26,11,1,-2,-5,-5,0.0
34.53,3,17,-18,-2,-1,0,2,1,0.0
34.535000000000004,-6,-8,-15,-1,-1,-2,1,-8,0.0
34.54,4,6,-11,-16,-5,-3,-2,6,0.0
34.545,18,11,28,12,2,3,2,4,0.0
34.550000000000004,-10,6,-9,-2,-3,1,1,6,0.0
34.555,-10,-18,-13,0,0,-5,-5,-7,0.0
34.56,-2,-6,5,-2,-2,-2,-2,-4,0.0
34.565,6,1,2,5,0,0,-1,3,0.0
34.57,-18,-6,-20,-6,0,0,0,-4,0.0
34.575,-7,-6,8,-2,-4,0,-1,-1,0.0
34.58,13,16,-17,-4,-5,-4,-4,0,0.0
34.585,3,-3,0,2,1,0,2,0,0.0
34.59,-5,4,6,1,-2,-4,-2,-4,0.0
34.595,-1,5,-29,-10,2,2,3,6,0.0
34.6,0,-19,8,-3,-2,0,-2,1,0.0
34.605000000000004,-12,-12,-4,3,3,-2,-3,-4,0.0
34.61,-5,4,1,2,-5,2,1,1,0.0
34.615,1,0,16,2,-3,-3,-3,-3,0.0
34.62,3,9,12,-19,-26,-2,2,5,0.0
34.625,-2,-1,-31,1,29,0,-2,-5,0.0
34.63,-1,-9,-19,-10,12,2,15,-3,0.0
34.635,-1,-3,2,-8,-3,-1,-27,-9,0.0
34.64,8,-7,2,9,-5,-4,16,11,0.0
34.645,-14,-24,40,13,-8,-3,-15,-19,0.0
34.65,-23,-14,-58,-13,-7,7,-10,-18,0.0
34.655,-6,-7,-9,-10,-7,-17,-17,8,0.0
34.660000000000004,0,-7,-3,1,0,-8,-26,6,0.0
34.665,21,19,25,7,-3,8,40,45,0.0
34.67,-4,6,22,9,2,-9,-12,-44,0.0
34.675000000000004,6,11,72,25,-1,8,0,-38,0.0
34.68,3,-12,-78,-17,1,-3,18,54,0.0
34.685,-3,-3,-14,-20,-4,5,29,6,0.0
34.69,0,5,2,-20,-11,-14,5,26,0.0
34.695,6,34,-8,4,2,2,-24,-9,0.0
34.7,3,29,90,45,19,10,9,-11,0.0
34.705,2,15,-4,2,-1,5,-4,0,0.0
34.71,4,-3,56,22,6,5,3,4,0.0
34.715,0,-15,-48,-25,-6,-11,0,16,0.0
34.72,-7,9,-9,-1,6,0,-17,-26,0.0
34.725,7,22,4,-3,-7,-5,-13,-9,0.0
34.730000000000004,-16,-9,15,5,-3,-2,-8,1,0.0
34.735,13,28,-12,7,3,1,18,23,0.0
34.74,-18,-40,7,-13,-4,-1,2,-11,0.0
34.745,-13,-94,22,6,0,0,5,-11,0.0
34.75,29,70,-7,-8,-8,-9,-25,14,0.0
34.755,-9,-55,-2,8,5,6,15,0,0.0
34.76,2,-6,-14,-11,-4,-5,-7,-8,0.0
34.765,-8,-26,2,2,-5,-7,-23,-37,0.0
34.77,-9,-15,-5,6,2,3,7,7,0.0
34.775,-4,1,7,-3,-3,2,7,-4,0.0
34.78,3,-17,-38,-18,-3,-4,0,3,0.0
34.785000000000004,-12,27,2,2,-2,-6,-18,-16,0.0
34.79,0,-12,-11,0,-1,3,6,13,0.0
34.795,-8,-8,4,-2,1,-2,6,-8,0.0
34.800000000000004,-2,7,-2,8,9,3,1,-3,0.0
34.805,4,6,-11,5,-1,0,0,5,0.0
34.81,-10,-14,-15,-39,-18,-10,-7,2,0.0
34.815,-6,-27,-10,-7,-3,-4,-3,-3,0.0
34.82,9,2,10,4,3,1,-1,-2,0.0
34.825,9,20,-11,1,-1,1,-3,5,0.0
34.83,-3,5,-15,8,6,3,-1,-14,0.0
34.835,-5,-48,21,7,6,3,9,22,0.0
34.84,-17,34,2,-4,-8,-4,-1,-7,0.0
34.845,12,34,-21,-7,-13,-6,-6,3,0.0
34.85,-6,-38,6,0,2,1,3,-1,0.0
34.855000000000004,-2,-5,-11,3,-6,-2,0,-3,0.0
34.86,-1,-1,-1,0,11,3,-2,-8,0.0
34.865,-1,-6,2,3,-10,-8,-7,8,0.0
34.87,-2,19,23,-10,-5,-2,2,0,0.0
34.875,2,16,-15,10,8,4,4,2,0.0
34.88,0,-11,35,5,-7,-4,-4,-13,0.0
34.885,-11,-58,-40,-12,2,-3,-4,-2,0.0
34.89,0,20,11,9,6,4,1,-6,0.0
34.895,-1,-4,5,0,-5,-3,0,-4,0.0
34.9,2,8,-22,8,2,2,0,-7,0.0
34.905,-3,-1,10,-4,0,-1,-1,7,0.0
34.910000000000004,-1,6,-8,2,-5,-4,-1,-2,0.0
34.915,2,6,6,-4,-1,-2,-1,-3,0.0
34.92,-3,-18,7,-7,-4,0,0,0,0.0
34.925000000000004,2,19,6,-7,1,-2,-3,-1,0.0
34.93,1,-20,-3,9,2,-1,0,-1,0.0
34.935,1,19,0,-5,-4,-3,-1,-2,0.0
34.94,3,-2,-8,-3,1,2,4,0,0.0
34.945,4,10,10,1,1,1,2,-1,0.0
34.95,6,6,-5,1,-1,-2,-1,2,0.0
34.955,-10,-24,-10,-8,-5,-3,-1,-5,0.0
34.96,0,4,-7,-5,-1,-4,-1,2,0.0
34.965,-1,7,8,6,2,0,-2,-1,0.0
34.97,2,-4,-5,0,-1,1,0,0,0.0
34.975,1,19,12,-2,-4,-1,-1,-2,0.0
34.980000000000004,-3,-16,-9,-5,0,0,-2,4,0.0
34.985,4,9,12,4,0,1,0,-2,0.0
34.99,-7,-9,-10,3,-2,-2,-3,0,0.0
34.995,-1,4,-7,-12,-9,-6,-4,-2,0.0
35.0,1,-8,-5,1,1,0,-1,-2,0.0
35.005,1,-4,-1,5,5,0,-2,1,0.0
35.01,-19,-12,-1,-5,-1,-4,-4,2,0.0
35.015,8,6,8,16,2,-1,0,1,0.0
35.02,-3,4,-21,-16,-7,-4,-1,-1,0.0
35.025,-3,-15,-16,-4,-3,-3,-6,-5,0.0
35.03,-8,-9,-1,-2,-12,-2,-2,-3,0.0
35.035000000000004,-6,-1,-11,-7,6,-1,-2,-2,0.0
35.04,-3,-11,20,16,9,2,-2,-6,0.0
35.045,-1,-2,-10,1,8,3,3,0,0.0
35.050000000000004,7,6,5,0,1,-3,-1,1,0.0
35.055,-9,-46,6,-7,-14,-4,-1,-3,0.0
35.06,0,9,-11,-13,-19,-5,-4,-2,0.0
35.065,1,-1,9,-5,-21,1,-1,1,0.0
35.07,-1,-14,-32,-12,11,2,2,-2,0.0
35.075,2,12,-3,11,26,-9,-2,-4,0.0
35.08,-1,-6,2,3,-20,8,-2,6,0.0
35.085,-1,13,19,-17,-73,-22,22,-7,0.0
35.09,5,10,-15,2,58,4,-33,22,0.0
35.095,-3,-3,12,19,69,13,-7,-13,0.0
35.1,0,-1,30,24,22,11,10,8,0.0
35.105000000000004,-6,-14,-12,-2,-6,9,38,12,0.0
35.11,1,-1,21,-8,-51,-12,-3,-1,0.0
35.115,-6,-18,-62,-39,-40,-12,1,0,0.0
35.12,4,43,0,-5,2,-5,-14,-9,0.0
35.125,1,-29,31,7,15,17,44,32,0.0
35.13,-6,-8,-13,0,-11,-22,-79,-48,0.0
35.135,6,15,11,7,0,-1,-1,-8,0.0
35.14,1,17,-46,-12,-8,0,33,6,0.0
35.145,-9,-4,-11,-5,11,-2,-70,-37,0.0
35.15,11,13,11,10,5,9,42,17,0.0
35.155,-17,-48,-8,2,-15,-5,-28,-10,0.0
35.160000000000004,0,-12,-5,-8,1,-2,12,0,0.0
35.165,-2,-5,6,9,18,-4,7,-4,0.0
35.17,9,40,16,9,6,5,4,-9,0.0
35.175000000000004,5,19,12,-1,-20,-2,2,3,0.0
35.18,1,10,25,4,3,1,-2,3,0.0
35.185,-1,3,-29,-8,14,1,-11,3,0.0
35.19,8,27,-28,2,-12,-9,12,7,0.0
35.195,-3,-2,50,-1,-11,3,19,23,0.0
35.2,-1,7,-6,2,3,-5,-21,-8,0.0
35.205,5,30,-3,-8,-2,-4,-4,3,0.0
35.21,-7,-23,-31,-4,-6,1,10,0,0.0
35.215,9,21,-16,-5,-4,-3,-3,3,0.0
35.22,-8,-32,-2,-2,-1,-4,-1,-4,0.0
35.225,-2,6,-10,1,0,-5,-19,-7,0.0
35.230000000000004,-8,-28,-3,-5,-1,6,18,1,0.0
35.235,-5,-22,-8,3,-1,2,-1,0,0.0
35.24,0,-10,13,0,-4,-5,-12,-5,0.0
35.245,-1,12,0,-3,3,-1,0,-8,0.0
35.25,2,-10,2,3,2,2,2,19,0.0
35.255,1,1,3,2,-1,2,4,-2,0.0
35.26,0,0,-5,-2,-3,-5,-6,-1,0.0
35.265,-5,5,-15,-11,-2,-6,-7,-8,0.0
35.27,-4,-22,15,-1,0,3,8,-5,0.0
35.275,-4,6,0,0,-3,-5,-9,-8,0.0
35.28,2,-11,-10,-5,-1,1,12,15,0.0
35.285000000000004,3,9,1,2,2,-3,-6,-5,0.0
35.29,1,-1,4,-4,-3,1,1,-3,0.0
35.295,-2,10,-2,-2,-4,0,4,1,0.0
35.300000000000004,-6,-7,-2,3,1,-5,-12,-5,0.0
35.305,0,-6,4,2,-1,-4,-4,13,0.0
35.31,1,-5,16,1,1,5,5,-9,0.0
35.315,-3,4,-8,-6,-1,-1,5,-1,0.0
35.32,-1,-6,-13,-6,0,0,0,-5,0.0
35.325,-2,-5,14,5,0,-3,-4,-2,0.0
35.33,1,1,-2,0,-2,-8,-16,-5,0.0
35.335,1,-2,-11,-7,-2,-1,0,-1,0.0
35.34,-4,-14,-1,-3,-1,2,4,-11,0.0
35.345,4,4,-10,-3,0,3,0,13,0.0
35.35,3,47,-22,-10,-3,-3,1,-9,0.0
35.355000000000004,-9,-33,-7,-5,-1,2,9,3,0.0
35.36,0,18,11,7,-3,-4,-11,-3,0.0
35.365,2,-2,3,3,-1,-1,-2,-2,0.0
35.37,-2,-18,17,6,0,2,4,-1,0.0
35.375,9,42,-32,-7,-5,-3,-3,-7,0.0
35.38,-8,-45,23,-4,-2,-3,-1,-6,0.0
35.385,-7,-8,-13,-6,-2,-3,1,-1,0.0
35.39,-10,-11,6,5,0,-1,-3,-2,0.0
35.395,3,4,14,5,-2,-2,-1,1,0.0
35.4,7,61,-16,-3,-3,-4,-5,2,0.0
35.405,3,4,6,6,2,0,1,-6,0.0
35.410000000000004,-2,-16,0,-5,-3,0,2,4,0.0
35.415,2,9,-7,-4,-2,-4,-5,-4,0.0
35.42,-7,-26,-13,-5,-2,-1,0,-1,0.0
35.425000000000004,-3,-45,0,0,0,-2,-3,-7,0.0
35.43,6,49,-2,2,-4,0,9,10,0.0
35.435,-10,-22,6,5,1,0,-2,-4,0.0
35.44,4,-35,17,-2,-3,-3,-6,-3,0.0
35.445,0,4,-6,-3,-2,-2,-4,-1,0.0
35.45,-7,-39,5,-2,-1,1,-2,-8,0.0
35.455,0,4,9,2,-1,-1,-4,0,0.0
35.46,0,-6,-9,2,-1,-2,-1,-1,0.0
35.465,-1,16,15,3,2,3,2,0,0.0
35.47,1,-1,1,-1,-2,-4,-1,-1,0.0
35.475,1,0,-3,-2,-1,0,1,3,0.0
35.480000000000004,-3,3,-4,-2,0,-1,1,1,0.0
35.485,1,8,1,-2,-4,0,-3,0,0.0
35.49,-3,-4,-5,-2,-1,-1,-1,0,0.0
35.495,0,-3,3,1,0,-1,-1,0,0.0
35.5,-1,4,-5,-6,1,2,0,-2,0.0
35.505,-2,3,-3,-5,-8,0,1,1,0.0
35.51,0,-9,-2,2,6,1,-3,-1,0.0
35.515,0,6,4,3,-2,0,0,-2,0.0
35.52,-5,-21,-12,-8,-21,-9,-2,-3,0.0
35.525,-4,-27,6,-4,6,1,1,-7,0.0
35.53,-4,-13,-3,14,27,7,4,10,0.0
35.535000000000004,6,17,2,7,0,-1,-1,-1,0.0
35.54,-3,3,3,-3,-5,-3,-4,0,0.0
35.545,2,6,-9,-16,-43,-16,-4,-2,0.0
35.550000000000004,-13,-13,-19,-18,-40,-5,-2,-9,0.0
35.555,-1,-17,2,4,47,16,5,4,0.0
35.56,2,10,-4,17,30,6,0,2,0.0
35.565,-2,-1,9,6,12,1,6,1,0.0
35.57,5,2,12,-2,-29,-1,3,8,0.0
35.575,1,4,4,-8,7,-13,-17,-5,0.0
35.58,1,4,2,-1,-11,3,4,6,0.0
35.585,5,30,-12,0,4,7,2,-4,0.0
35.59,-7,-32,3,-3,-25,-2,17,2,0.0
35.595,-4,-4,-1,-14,-42,-18,-13,-5,0.0
35.6,2,3,3,2,31,2,3,1,0.0
35.605000000000004,-6,-2,-5,7,8,3,-3,-1,0.0
35.61,0,1,4,3,17,7,-5,-1,0.0
35.615,-4,0,-3,-4,-13,-2,14,0,0.0
35.62,1,8,2,-4,-15,-2,-19,-8,0.0
35.625,-4,-8,1,1,4,-10,-1,-4,0.0
35.63,0,6,-8,-3,10,-5,-8,-4,0.0
35.635,1,-4,0,1,-1,20,9,3,0.0
35.64,-2,-5,-6,-18,-51,-12,-6,0,0.0
35.645,1,-2,-3,-19,-19,-2,15,6,0.0
35.65,-3,-1,7,30,90,20,3,-11,0.0
35.655,-2,3,-2,16,27,-9,1,1,0.0
35.660000000000004,-4,-4,-4,3,-9,-6,-22,-4,0.0
35.665,-4,3,6,1,-4,-6,3,-9,0.0
35.67,8,12,15,-9,-47,-20,-14,0,0.0
35.675000000000004,-10,-26,-1,-6,0,22,16,2,0.0
35.68,8,8,-1,8,20,42,70,30,0.0
35.685,-11,-12,3,-9,-24,-62,-81,-43,0.0
35.69,2,2,16,0,-5,-1,-3,-1,0.0
35.695,8,21,27,7,5,-8,13,2,0.0
35.7,-9,-8,-10,2,2,-6,-8,-8,0.0
35.705,2,-3,68,23,22,34,26,23,0.0
35.71,5,10,-5,-3,2,10,43,0,0.0
35.715,-1,1,2,-5,-14,-7,-17,0,0.0
35.72,3,37,-2,-3,1,-9,-31,-8,0.0
35.725,8,-5,-9,3,14,12,1,21,0.0
35.730000000000004,4,24,-45,-10,-3,0,5,22,0.0
35.735,4,-13,4,-4,-12,-3,47,20,0.0
35.74,-11,-11,-14,-4,4,-14,-69,-85,0.0
35.745,2,-3,-2,5,6,4,12,-1,0.0
35.75,-2,1,-1,-6,-5,5,-5,9,0.0
35.755,-4,5,-26,-2,-6,-4,-8,3,0.0
35.76,9,27,3,1,1,-6,23,16,0.0
35.765,-5,-14,-2,1,-1,5,-12,3,0.0
35.77,-1,9,5,-5,-4,0,23,-6,0.0
35.775,-1,9,-4,-9,-1,-6,-21,-11,0.0
35.78,-4,-15,-17,-1,-4,-5,-2,3,0.0
35.785000000000004,-1,-17,-34,-7,4,8,12,-14,0.0
35.79,8,55,-1,-3,-1,-8,-11,5,0.0
35.795,-4,-3,-12,0,-3,-1,-7,-12,0.0
35.800000000000004,-1,-29,22,4,-3,-1,5,16,0.0
35.805,1,-3,-18,-3,4,3,13,6,0.0
35.81,-7,-26,-22,-14,-15,-10,-20,-16,0.0
35.815,-4,-2,-5,1,3,1,-14,-1,0.0
35.82,5,-7,-1,-2,8,3,16,14,0.0
35.825,-4,19,-2,-1,-3,-4,-9,-1,0.0
35.83,-1,-19,15,4,0,-5,-8,-9,0.0
35.835,1,-8,1,1,-3,-2,-5,6,0.0
35.84,-9,-3,-14,-6,-4,-2,7,-5,0.0
35.845,0,-6,-4,-3,3,0,5,1,0.0
35.85,-3,-4,-1,2,2,-1,-8,-4,0.0
35.855000000000004,2,-1,-6,0,-3,0,0,0,0.0
35.86,-5,-7,16,2,0,-4,0,7,0.0
35.865,1,13,-7,-1,-7,-5,2,0,0.0
35.87,-5,-13,-1,-1,-5,-3,-13,-15,0.0
35.875,1,9,8,-3,-5,-3,-9,-6,0.0
35.88,-1,-7,0,3,3,4,8,3,0.0
35.885,2,3,0,0,1,4,1,4,0.0
35.89,-3,-4,-5,2,1,-4,-7,-1,0.0
35.895,-7,-11,-17,-7,1,0,0,-6,0.0
35.9,2,10,9,0,-1,0,1,2,0.0
35.905,2,3,-5,-3,-1,0,1,10,0.0
35.910000000000004,-7,-12,1,-6,-7,-7,-7,-7,0.0
35.915,-2,-1,-3,-3,-4,-2,-7,-5,0.0
35.92,-3,-3,-1,-1,0,0,7,0,0.0
35.925000000000004,-2,6,-1,1,1,0,0,-4,0.0
35.93,-1,-12,6,-1,-1,0,-2,5,0.0
35.935,0,-3,5,4,-1,-2,-5,-3,0.0
35.94,3,3,-6,-3,-1,-4,-2,-2,0.0
35.945,-6,-7,-2,0,3,2,2,2,0.0
35.95,-3,-5,-5,-6,-3,-2,-3,0,0.0
35.955,2,15,-3,-3,-4,-2,1,-3,0.0
35.96,-6,-20,9,3,0,0,1,-1,0.0
35.965,-1,3,-5,-3,-1,-3,-4,-3,0.0
35.97,-1,-3,0,2,0,1,0,-1,0.0
35.975,1,3,0,0,-1,0,-4,-3,0.0
35.980000000000004,-1,8,-5,-1,-2,-3,-2,1,0.0
35.985,2,-3,0,-1,-4,-1,-1,-4,0.0
35.99,-3,-5,-13,-7,0,1,0,0,0.0
35.995,-2,-7,-1,1,-3,0,0,-4,0.0
36.0,2,3,-3,-3,-3,-2,-2,1,0.0
36.005,-3,-3,-3,-1,-2,-2,-1,-4,0.0
36.01,0,-1,7,2,1,-3,-2,-1,0.0
36.015,-1,-3,3,0,-1,0,1,1,0.0
36.02,1,-2,-4,-6,-5,-3,0,1,0.0
36.025,1,2,0,-1,5,-3,-2,-2,0.0
36.03,-6,-12,4,10,4,2,2,-1,0.0
36.035000000000004,-3,-4,-5,-3,-3,-5,-5,-4,0.0
36.04,-2,-1,0,-2,-4,-1,0,-1,0.0
36.045,0,-1,3,-3,-4,-2,3,-3,0.0
36.050000000000004,2,2,-4,-8,-8,-2,0,0,0.0
36.055,-1,-5,-2,0,4,1,-5,1,0.0
36.06,-2,2,0,1,2,7,7,-2,0.0
36.065,-3,-4,5,0,-8,-11,-13,0,0.0
36.07,-1,-3,-4,-1,4,-3,-3,-4,0.0
36.075,-1,0,-5,-5,-3,2,0,6,0.0
36.08,3,1,-6,-2,-1,0,2,-1,0.0
36.085,-5,-1,9,4,0,3,4,-2,0.0
36.09,4,6,-2,3,0,1,3,3,0.0
36.095,-2,-4,-15,-8,-6,-5,-5,-4,0.0
36.1,-1,0,38,-2,-1,-3,-5,-6,0.0
36.105000000000004,-1,3,-3,2,2,2,0,5,0.0
36.11,2,1,2,1,1,-2,-3,5,0.0
36.115,-1,1,-6,1,0,-1,1,-6,0.0
36.12,-4,-2,-16,-3,-2,-3,-1,-1,0.0
36.125,2,-7,0,-5,-4,3,4,0,0.0
36.13,-2,-19,6,-3,-3,0,1,2,0.0
36.135,1,0,9,2,-3,-4,7,5,0.0
36.14,-2,-1,-19,-3,-2,-3,-7,-3,0.0
36.145,-2,-5,1,2,0,0,-2,-5,0.0
36.15,6,14,-3,0,-2,-3,-6,-4,0.0
36.155,-9,-22,3,-4,-4,3,6,-4,0.0
36.160000000000004,-3,-6,1,0,-1,-5,-5,-2,0.0
36.165,-1,1,-7,-3,-3,-4,-7,-1,0.0
36.17,-6,-2,10,6,0,1,-8,-7,0.0
36.175000000000004,2,6,23,2,-5,-6,-6,2,0.0
36.18,1,12,7,7,4,-6,-15,-5,0.0
36.185,-1,-8,3,-5,2,16,30,9,0.0
36.19,1,5,16,6,2,-10,-15,-7,0.0
36.195,1,1,-3,3,-2,3,26,9,0.0
36.2,-5,-1,1,2,-1,-13,-52,-22,0.0
36.205,-2,-4,-26,-7,3,8,2,-3,0.0
36.21,-6,-5,-9,-2,-2,8,21,-9,0.0
36.215,0,-3,-5,-3,-1,-10,-19,-12,0.0
36.22,3,-8,0,-9,-2,10,33,21,0.0
36.225,-3,-1,0,2,-4,-17,-15,-7,0.0
36.230000000000004,2,9,5,2,1,7,-1,3,0.0
36.235,-10,-28,5,4,3,3,8,5,0.0
36.24,1,2,-11,-6,-2,-2,4,-1,0.0
36.245,-5,-5,-6,0,-3,-1,-10,-5,0.0
36.25,2,3,-18,-8,-3,1,8,7,0.0
36.255,3,9,-8,-6,2,0,-2,-7,0.0
36.26,0,27,8,5,-2,-11,-38,-4,0.0
36.265,-4,-9,2,4,2,0,9,-2,0.0
36.27,0,9,-7,-4,-1,-2,-1,-5,0.0
36.275,-3,-12,-19,-1,-2,1,3,3,0.0
36.28,3,-3,9,4,1,5,5,3,0.0
36.285000000000004,-1,7,-24,-6,-6,-8,-9,-8,0.0
36.29,-3,1,6,-4,-3,-6,-4,-8,0.0
36.295,3,5,1,-6,-2,-1,-4,-4,0.0
36.300000000000004,-5,-10,0,1,2,5,20,0,0.0
36.305,-1,4,-11,1,-2,-4,-12,0,0.0
36.31,-5,-21,0,-1,-3,-4,-2,0,0.0
36.315,-3,8,7,2,1,2,-5,0,0.0
36.32,3,-6,-4,-2,-1,2,6,4,0.0
36.325,1,16,-2,-1,-1,-2,7,-1,0.0
36.33,-2,-9,1,-1,0,-1,-7,-1,0.0
36.335,2,6,11,4,1,1,-3,-10,0.0
36.34,-3,-7,-9,-5,-3,-1,-2,0,0.0
36.345,-1,6,2,-6,-2,-5,-10,-15,0.0
36.35,-2,-6,-3,0,-1,0,5,-3,0.0
36.355000000000004,2,7,3,1,-3,-1,-15,7,0.0
36.36,0,-2,2,3,2,2,16,10,0.0
36.365,-2,-17,7,-8,-4,-3,-1,0,0.0
36.37,1,2,0,4,-1,-2,-2,-1,0.0
36.375,-1,1,0,-4,-1,0,-3,-1,0.0
36.38,0,0,-10,-5,-3,-2,11,4,0.0
36.385,-2,-4,4,5,1,-3,-15,-6,0.0
36.39,2,7,-6,-5,-3,-1,-1,3,0.0
36.395,0,6,-4,-2,-2,-1,-3,5,0.0
36.4,3,14,-6,0,-4,-2,1,-1,0.0
36.405,-6,-28,16,4,2,6,7,6,0.0
36.410000000000004,-2,-3,-6,-2,0,-1,3,5,0.0
36.415,1,2,-5,0,1,-1,-1,-1,0.0
36.42,-1,-3,0,-2,-1,-4,-2,-6,0.0
36.425000000000004,3,8,0,0,0,0,0,1,0.0
36.43,-3,-3,-2,-2,-2,-1,-1,2,0.0
36.435,-3,-7,0,-2,-1,-1,1,-7,0.0
36.44,-3,-6,-4,0,0,-1,-1,2,0.0
36.445,2,4,-1,-6,-2,-2,3,8,0.0
36.45,-3,-2,0,1,0,-2,-1,-1,0.0
36.455,-3,-1,-3,-2,-3,-4,-6,-8,0.0
36.46,1,-7,-4,-3,0,1,2,-6,0.0
36.465,-2,-4,20,9,4,1,-1,6,0.0
36.47,-4,-3,-24,-7,0,-5,-7,-2,0.0
36.475,4,8,1,-6,-2,-1,0,-2,0.0
36.480000000000004,-2,0,5,0,-3,0,1,0,0.0
36.485,0,-3,4,-3,-3,-1,1,-3,0.0
36.49,-3,0,4,3,2,5,4,-4,0.0
36.495,-4,-10,-7,-2,-1,-1,1,1,0.0
36.5,-2,4,-4,-5,-3,0,-3,-5,0.0
36.505,3,4,-2,-1,-1,0,-2,-1,0.0
36.51,-1,2,4,-4,-3,-4,-3,-1,0.0
36.515,0,-3,-2,-2,-1,-1,-1,1,0.0
36.52,0,-1,-1,-1,-2,-1,-2,1,0.0
36.525,1,1,-9,-1,-1,1,-1,-3,0.0
36.53,0,-2,6,-2,-3,-3,-3,0,0.0
36.535000000000004,-2,-3,10,1,1,0,2,1,0.0
36.54,-3,-9,-2,10,2,-2,-3,-3,0.0
36.545,-1,4,-1,-3,0,-1,0,1,0.0
36.550000000000004,0,-3,-3,-4,-2,-3,-1,-2,0.0
36.555,-1,1,2,-4,-11,-4,-1,0,0.0
36.56,-3,-3,-4,-7,-6,0,-1,-2,0.0
36.565,2,1,-7,8,18,2,-2,-1,0.0
36.57,-5,-15,5,4,0,1,-1,-3,0.0
36.575,4,31,5,0,-1,0,0,3,0.0
36.58,-3,-9,0,-5,-4,-2,-1,-1,0.0
36.585,-1,0,-5,-7,-9,-5,-1,0,0.0
36.59,1,2,1,-1,1,-2,-2,-2,0.0
36.595,-2,-9,-7,1,1,1,-3,-3,0.0
36.6,-1,-2,3,0,0,-2,1,-1,0.0
36.605000000000004,-1,2,-8,-7,-4,-2,-3,-2,0.0
36.61,0,-2,-5,-1,-1,-2,0,4,0.0
36.615,-3,-7,-4,1,-2,-2,-1,-2,0.0
36.62,-3,-2,2,0,1,1,0,0,0.0
36.625,-1,-4,7,-2,-2,-2,0,-2,0.0
36.63,0,2,3,-7,-4,0,-2,0,0.0
36.635,-2,-5,-2,-3,0,1,-1,1,0.0
36.64,-3,-5,-18,7,2,-3,-2,-2,0.0
36.645,-3,1,6,3,-4,-1,0,-2,0.0
36.65,-1,-1,0,6,-2,-2,0,-3,0.0
36.655,-1,-5,-9,-29,0,-2,0,-1,0.0
36.660000000000004,-1,-4,6,5,-1,0,-2,-2,0.0
36.665,-2,2,-3,-3,-6,-1,0,-4,0.0
36.67,1,-2,-1,4,0,0,-1,6,0.0
36.675000000000004,-1,-5,2,10,4,2,4,0,0.0
36.68,-1,-1,0,-8,-3,-3,-4,2,0.0
36.685,-1,-3,-4,-4,-2,-3,-1,-1,0.0
36.69,-2,1,2,1,-1,-2,0,-11,0.0
36.695,0,-5,-5,3,-2,-2,-3,9,0.0
36.7,-1,0,0,-5,0,1,2,-1,0.0
36.705,0,4,-5,-8,-8,-4,-4,-13,0.0
36.71,-3,-9,-11,-9,0,-1,0,3,0.0
36.715,-4,-1,-4,3,-1,-1,0,-5,0.0
36.72,1,2,4,-2,-3,-2,-3,-9,0.0
36.725,1,1,-3,-1,1,1,2,6,0.0
36.730000000000004,-4,-2,5,0,-1,-1,-3,-3,0.0
36.735,1,-3,-15,-7,-2,-1,-2,-3,0.0
36.74,1,3,-1,-6,2,4,2,5,0.0
36.745,-2,-7,5,7,2,-1,11,-2,0.0
36.75,-1,-2,-3,-4,-4,-8,-13,-3,0.0
36.755,-2,-3,8,7,0,3,8,-1,0.0
36.76,-3,-6,10,7,2,7,13,1,0.0
36.765,2,9,0,4,-1,-7,-8,-1,0.0
36.77,-3,-5,9,3,2,4,5,-6,0.0
36.775,-7,1,-14,-12,-7,-20,-21,-9,0.0
36.78,-6,-20,-45,-16,-5,1,0,11,0.0
36.785000000000004,2,1,15,-7,0,8,58,32,0.0
36.79,-2,2,-11,2,-1,-3,-35,-37,0.0
36.795,0,5,17,10,3,-4,-36,-20,0.0
36.800000000000004,2,7,-11,-14,-6,-8,9,1,0.0
36.805,-4,-6,-19,-1,-5,-3,-31,7,0.0
36.81,-3,1,7,-3,-3,-2,12,14,0.0
36.815,3,-16,13,-4,2,15,35,37,0.0
36.82,-7,-5,15,5,-2,-13,-26,-40,0.0
36.825,3,1,-7,-7,3,0,-20,-5,0.0
36.83,5,3,5,2,2,8,18,36,0.0
36.835,-6,-16,-7,9,-2,-8,23,-40,0.0
36.84,6,11,9,-1,-2,-3,-10,21,0.0
36.845,-9,-16,-8,-2,3,5,4,-8,0.0
36.85,-3,-8,6,3,-3,7,3,0,0.0
36.855000000000004,3,3,-11,-5,-5,-7,20,20,0.0
36.86,-1,-7,-8,-2,0,-1,-10,-7,0.0
36.865,-3,6,-1,5,1,1,0,-6,0.0
36.87,-4,-17,0,-3,-3,-5,1,-19,0.0
36.875,-2,1,2,1,3,6,-4,2,0.0
36.88,2,4,-3,5,2,0,5,-5,0.0
36.885,-3,-10,-23,-12,-6,-8,-24,-12,0.0
36.89,2,10,-25,-8,-2,-1,11,1,0.0
36.895,0,2,6,1,-2,0,-12,-5,0.0
36.9,0,1,6,8,0,-4,-8,7,0.0
36.905,9,14,1,-3,-3,4,14,10,0.0
36.910000000000004,4,7,2,-3,-1,-3,0,7,0.0
36.915,-7,-9,2,-1,-1,0,-9,2,0.0
36.92,-5,4,6,-1,2,3,1,-11,0.0
36.925000000000004,2,4,-2,3,0,-2,-2,-3,0.0
36.93,4,14,9,0,-1,-3,-2,-1,0.0
36.935,-3,-9,3,7,1,1,-9,-1,0.0
36.94,-2,-4,-4,-3,2,2,9,-5,0.0
36.945,-7,-11,2,-1,-5,-4,-6,-13,0.0
36.95,3,5,-21,-4,-1,-4,-6,0,0.0
36.955,0,4,1,-1,-1,0,1,2,0.0
36.96,-2,-4,-2,-1,-2,0,2,8,0.0
36.965,2,12,13,3,0,-3,-5,-1,0.0
36.97,-5,-4,-16,-5,0,-3,-4,-3,0.0
36.975,0,4,-5,-8,-3,-1,-4,-5,0.0
36.980000000000004,-2,-3,4,2,-2,-2,1,4,0.0
36.985,2,-4,4,3,0,0,-1,2,0.0
36.99,-1,-6,7,1,0,2,2,2,0.0
36.995,-4,-6,-7,0,-3,-3,-5,-3,0.0
37.0,-1,-1,4,-6,-3,-3,-4,1,0.0
37.005,-2,0,5,0,-2,1,4,5,0.0
37.01,1,4,-3,-1,-2,-4,-3,-4,0.0
37.015,-11,-31,2,-1,0,-1,-2,-8,0.0
37.02,4,1,0,0,-2,1,4,-4,0.0
37.025,-3,-4,-6,-1,0,0,1,-1,0.0
37.03,1,-3,2,2,0,-1,-2,3,0.0
37.035000000000004,5,9,-4,2,0,-3,-4,0,0.0
37.04,4,17,2,-5,-6,-1,1,1,0.0
37.045,-5,-5,-2,-5,-6,-1,1,-4,0.0
37.050000000000004,4,1,-1,-2,1,-3,-4,-5,0.0
37.055,1,8,5,2,1,2,2,4,0.0
37.06,-6,-7,-3,1,-1,-3,0,-2,0.0
37.065,0,7,-2,-2,-4,-6,-6,-1,0.0
37.07,-4,-4,0,-1,-2,-1,-1,-1,0.0
37.075,3,3,-5,-1,0,-1,-2,0,0.0
37.08,-1,-4,-4,2,2,-3,-2,0,0.0
37.085,-3,-9,-1,0,4,0,-2,-5,0.0
37.09,-4,-6,3,-4,-4,-1,2,-3,0.0
37.095,0,4,-4,-5,-3,-2,-3,-2,0.0
37.1,-1,-6,1,1,-1,3,1,0,0.0
37.105000000000004,-4,-4,2,1,6,0,1,-1,0.0
37.11,-3,-4,3,8,3,-1,2,-1,0.0
37.115,5,11,-1,3,-1,-1,-2,3,0.0
37.12,-1,-8,-5,-4,-3,-1,0,1,0.0
37.125,-1,-5,-2,-5,-3,-3,-3,-2,0.0
37.13,-2,6,-7,-2,-3,-2,-1,0,0.0
37.135,-6,-9,6,-1,-1,2,2,-2,0.0
37.14,-1,2,2,5,1,0,1,-1,0.0
37.145,-3,-12,-12,-8,-5,-3,-1,-1,0.0
37.15,1,2,1,-4,-2,-4,-3,-1,0.0
37.155,2,4,-1,6,-1,0,-1,0,0.0
37.160000000000004,0,1,1,-4,0,-1,-2,-1,0.0
37.165,1,1,2,4,-2,1,-1,-1,0.0
37.17,-2,-3,0,-2,-1,1,-1,-1,0.0
37.175000000000004,-2,-2,-5,1,2,-1,-1,-2,0.0
37.18,-1,0,4,3,0,-1,0,-1,0.0
37.185,-2,-2,-5,-2,-1,-3,-4,-2,0.0
37.19,-2,-6,-9,-4,-2,-1,-1,-4,0.0
37.195,0,2,1,-4,-1,0,-1,-1,0.0
37.2,0,3,-3,-7,1,-1,-2,2,0.0
37.205,-1,0,11,5,2,2,2,0,0.0
37.21,0,-2,11,20,2,-1,0,0,0.0
37.215,-6,-2,-19,-3,-1,-1,-1,-2,0.0
37.22,-4,-29,-15,-19,-5,-3,-2,-7,0.0
37.225,1,7,0,-11,-2,-3,-1,2,0.0
37.230000000000004,-3,-6,-7,-7,-1,-2,-3,-3,0.0
37.235,0,0,10,11,1,1,0,1,0.0
37.24,1,-3,5,24,2,1,0,2,0.0
37.245,-3,-4,-22,-42,-4,-3,-3,-3,0.0
37.25,1,2,4,-2,-3,-2,-4,-9,0.0
37.255,1,3,4,0,9,-1,-3,-4,0.0
37.26,-7,3,-17,-8,0,-4,-7,-8,0.0
37.265,-1,-3,9,-15,-22,-6,1,3,0.0
37.27,0,3,2,1,1,1,3,0,0.0
37.275,2,7,10,-4,-2,-2,0,8,0.0
37.28,0,9,2,8,10,1,0,-3,0.0
37.285000000000004,1,8,32,29,6,3,-1,-3,0.0
37.29,-2,-9,-15,-9,-5,0,-1,-1,0.0
37.295,-2,-6,-18,28,-2,-2,-1,-6,0.0
37.300000000000004,0,6,10,-25,-9,-3,0,3,0.0
37.305,-1,3,-5,5,3,0,-3,0,0.0
37.31,-1,4,-8,1,-3,1,1,4,0.0
37.315,-1,-6,-21,-15,-1,-2,-1,0,0.0
37.32,-1,-1,-5,5,-5,-4,-2,2,0.0
37.325,0,1,-4,5,-2,-5,-3,-2,0.0
37.33,-1,-4,19,7,6,1,-1,0,0.0
37.335,-9,-7,-1,-10,-4,2,1,-2,0.0
37.34,3,-2,2,-1,-2,0,0,4,0.0
37.345,0,-1,0,5,3,0,1,-2,0.0
37.35,-2,0,-6,-13,-5,-4,-4,-4,0.0
37.355000000000004,2,-1,1,-12,-5,-1,0,3,0.0
37.36,-2,0,8,0,-1,-2,1,-1,0.0
37.365,-1,-1,2,19,1,1,-1,-2,0.0
37.37,-8,-27,-17,-5,3,0,-3,-2,0.0
37.375,0,11,-1,-17,-11,-4,-4,-5,0.0
37.38,2,-1,7,9,3,0,-1,0,0.0
37.385,0,-4,-14,0,0,0,2,0,0.0
37.39,0,-5,0,-19,7,0,2,3,0.0
37.395,-8,-10,0,4,-2,1,-1,-8,0.0
37.4,-3,4,-9,1,0,1,-2,16,0.0
37.405,14,25,89,39,3,3,14,5,0.0
37.410000000000004,4,0,-22,82,-3,-8,-13,8,0.0
37.415,-40,-15,-11,-57,-7,-6,-6,-33,0.0
37.42,8,8,59,67,-3,-1,-5,-11,0.0
37.425000000000004,-11,-21,-96,-66,-6,-3,-4,-10,0.0
37.43,-1,28,69,30,7,9,12,7,0.0
37.435,19,-3,-49,-87,-2,-2,-1,-8,0.0
37.44,3,-6,-10,-1,-3,3,7,2,0.0
37.445,5,9,21,39,8,11,5,8,0.0
37.45,-8,-3,-6,-6,-10,-22,-27,-7,0.0
37.455,0,0,13,24,1,-4,-9,5,0.0
37.46,-5,0,-4,-20,-4,0,10,-2,0.0
37.465,1,-8,-2,-17,-2,-4,-14,3,0.0
37.47,-2,8,-16,-20,-1,3,-11,0,0.0
37.475,13,2,26,29,1,5,16,26,0.0
37.480000000000004,-2,-2,-2,-3,2,-1,-8,-5,0.0
37.485,-6,1,-7,12,0,0,13,7,0.0
37.49,0,-5,-2,-22,-7,2,13,-3,0.0
37.495,5,6,17,26,3,-2,-8,-6,0.0
37.5,-9,-5,-13,-15,-4,-4,-4,3,0.0
37.505,-5,-9,-11,-10,-4,-5,-7,-10,0.0
37.51,-1,-10,4,-14,-5,-2,1,0,0.0
37.515,9,8,24,24,1,2,-1,8,0.0
37.52,-2,0,-11,-11,0,-1,1,-7,0.0
37.525,-11,-11,-12,-6,-1,-4,-6,-10,0.0
37.53,1,-2,0,-7,-1,1,1,-2,0.0
37.535000000000004,-7,0,5,18,0,1,8,4,0.0
37.54,12,2,3,-9,-5,-3,0,-1,0.0
37.545,-4,-9,-30,-20,-4,-6,-11,-7,0.0
37.550000000000004,1,-5,-4,8,6,23,35,15,0.0
37.555,5,1,-14,-8,-5,-24,-7,8,0.0
37.56,-18,1,38,53,7,-2,-23,-10,0.0
37.565,-7,-3,-41,-47,-7,-10,-16,-14,0.0
37.57,12,7,32,6,-8,2,9,9,0.0
37.575,-11,-8,-29,-14,2,13,42,25,0.0
37.58,-5,-5,-8,-9,-8,-9,-4,-35,0.0
37.585,8,-8,46,39,3,-1,1,11,0.0
37.59,-3,-4,-41,-20,0,-2,-9,-12,0.0
37.595,9,3,18,28,3,4,9,18,0.0
37.6,-6,1,-5,-7,1,2,6,7,0.0
37.605000000000004,0,4,6,3,-4,-1,-8,-9,0.0
37.61,-1,1,8,-14,-1,-4,7,-2,0.0
37.615,0,-3,-5,22,0,0,-16,-11,0.0
37.62,-3,0,-54,-24,2,2,-2,1,0.0
37.625,-2,6,25,4,-3,-2,7,2,0.0
37.63,-5,-5,-11,5,-3,-7,-6,-1,0.0
37.635,-1,13,4,7,2,-2,-28,-17,0.0
37.64,1,-12,-24,-23,-1,7,3,5,0.0
37.645,11,-3,4,4,2,12,36,39,0.0
37.65,-26,11,-5,-2,-5,-20,-34,-31,0.0
37.655,9,-3,-2,-14,-6,-3,-19,-20,0.0
37.660000000000004,19,-10,1,-6,4,18,36,17,0.0
37.665,-2,10,-2,-2,-5,-22,-63,-56,0.0
37.67,19,0,20,5,7,8,20,45,0.0
37.675000000000004,-58,-7,3,-5,-6,-11,-27,-75,0.0
37.68,-1,5,13,1,-1,-2,-9,6,0.0
37.685,3,-1,10,18,1,11,27,14,0.0
37.69,4,-12,-20,-11,-2,1,-5,-17,0.0
37.695,1,-1,4,-2,-1,0,2,20,0.0
37.7,22,7,-15,-9,-1,-3,0,-6,0.0
37.705,-15,-6,-6,3,-1,1,-4,-10,0.0
37.71,0,-1,44,-7,-7,-8,-4,2,0.0
37.715,12,-3,16,-8,-7,5,13,27,0.0
37.72,-16,1,-4,17,-9,-5,-6,-6,0.0
37.725,7,-3,-18,-2,20,7,19,21,0.0
37.730000000000004,-3,2,-13,3,9,6,8,21,0.0
37.735,10,-8,-1,-2,-3,-13,-48,-37,0.0
37.74,-8,-1,4,-10,-6,-8,-17,5,0.0
37.745,33,1,-1,0,-8,-2,-24,19,0.0
37.75,-2,-6,-4,-10,-4,-1,17,-9,0.0
37.755,-36,-4,12,10,-4,-1,3,-15,0.0
37.76,-4,-1,-11,-6,-2,-3,5,18,0.0
37.765,-8,-2,19,7,-1,2,7,12,0.0
37.77,4,3,-9,-4,3,7,12,9,0.0
37.775,16,-14,-15,-9,-3,-1,9,17,0.0
37.78,-2,-1,26,12,-2,-5,-9,-16,0.0
37.785000000000004,-9,2,-5,-6,-6,2,11,-8,0.0
37.79,-5,-4,-6,2,-8,-5,-17,-29,0.0
37.795,5,8,-8,1,9,-1,8,4,0.0
37.800000000000004,0,1,1,3,5,10,18,10,0.0
37.805,-6,-9,-3,-4,-2,-11,-4,-12,0.0
37.81,-4,0,3,4,-2,-8,-31,-4,0.0
37.815,10,-3,-14,-5,-5,-7,-23,-6,0.0
37.82,2,-4,13,-14,-9,-6,-6,-26,0.0
37.825,-3,-4,-14,-6,-9,2,11,3,0.0
37.83,0,-5,-2,10,6,7,10,-7,0.0
37.835,1,2,1,10,19,9,23,24,0.0
37.84,-5,-6,1,2,5,0,-3,-6,0.0
37.845,-7,5,2,-3,-8,-6,11,-17,0.0
37.85,-5,-1,2,-12,-21,-13,-33,-9,0.0
37.855000000000004,3,0,-4,-10,-11,5,5,7,0.0
37.86,-6,-2,-7,-1,14,-10,-10,-6,0.0
37.865,-1,-3,2,6,5,5,0,14,0.0
37.87,0,-3,-1,4,6,6,12,2,0.0
37.875,5,7,4,-1,-5,2,21,5,0.0
37.88,-4,-4,-6,-12,-13,-5,-2,-1,0.0
37.885,-2,1,-14,-7,-2,-5,-7,-2,0.0
37.89,-4,-6,6,5,-1,-6,-12,-27,0.0
37.895,-3,1,18,5,-5,-2,-3,2,0.0
37.9,-4,-2,-2,-1,0,3,16,-9,0.0
37.905,1,-4,0,2,-2,-1,-17,5,0.0
37.910000000000004,6,2,-7,-2,0,1,9,9,0.0
37.915,-1,-3,-14,-7,1,-1,15,14,0.0
37.92,-5,-1,2,3,0,-10,-27,-14,0.0
37.925000000000004,-4,-4,6,-8,-7,-9,-18,-1,0.0
37.93,-3,8,-31,-8,-3,4,2,-5,0.0
37.935,-2,-16,10,-2,13,8,13,10,0.0
37.94,-1,-1,-8,6,3,3,6,11,0.0
37.945,-2,5,-2,5,0,5,0,-13,0.0
37.95,3,1,20,-2,-6,-12,-16,6,0.0
37.955,1,-4,1,-3,-9,-2,22,-6,0.0
37.96,2,5,-28,-10,4,-3,-30,5,0.0
37.965,-9,-16,10,4,2,0,6,2,0.0
37.97,-3,-4,-10,-3,4,2,3,-3,0.0
37.975,2,6,6,3,-3,6,8,2,0.0
37.980000000000004,0,-1,11,-4,-19,-13,-25,-11,0.0
37.985,3,1,2,-3,1,1,10,4,0.0
37.99,-6,-3,-10,18,19,7,15,-9,0.0
37.995,3,-2,-3,2,5,-5,-27,4,0.0
38.0,-5,-4,-5,-6,-5,-4,-9,-3,0.0
38.005,-2,0,0,-4,-5,-4,-2,-10,0.0
38.01,-3,-6,-1,-6,-11,0,-2,9,0.0
38.015,-2,7,1,5,6,0,3,-8,0.0
38.02,-1,-7,3,-5,-2,3,25,13,0.0
38.025,-14,-18,-6,2,8,6,-6,-7,0.0
38.03,-3,0,-1,-10,-8,-13,-22,-27,0.0
38.035000000000004,0,6,8,2,-7,0,2,1,0.0
38.04,1,-3,-10,9,4,1,8,8,0.0
38.045,5,5,10,5,2,16,23,8,0.0
38.050000000000004,-5,1,-14,-5,-4,-17,-22,-12,0.0
38.055,-2,-1,-14,-12,-3,-6,0,-12,0.0
38.06,-2,-1,20,2,-1,-6,-7,-17,0.0
38.065,1,5,9,1,-15,0,-3,-6,0.0
38.07,5,0,3,1,12,6,9,-1,0.0
38.075,-4,13,-12,-1,2,1,5,0,0.0
38.08,8,1,2,-1,-1,0,20,20,0.0
38.085,-9,-5,0,4,1,-7,-11,-23,0.0
38.09,3,2,0,-3,-8,9,36,29,0.0
38.095,1,2,4,-1,-5,-9,-51,-32,0.0
38.1,-10,7,-15,-7,-2,-6,-5,-4,0.0
38.105000000000004,-2,-1,-9,-5,-1,4,26,10,0.0
38.11,8,-5,-4,-4,-5,-2,30,0,0.0
38.115,12,-7,0,-4,0,-12,-68,-46,0.0
38.12,-3,-3,-3,2,0,0,-9,-5,0.0
38.125,13,8,7,6,7,25,48,43,0.0
38.13,1,1,1,2,0,-20,-54,9,0.0
38.135,-33,2,13,-9,-5,-18,-18,-27,0.0
38.14,6,2,-1,-14,-9,-6,-4,-35,0.0
38.145,-13,-18,-24,7,1,-13,-38,-33,0.0
38.15,23,26,66,27,10,32,124,79,0.0
38.155,-39,-5,-2,-5,-8,-5,-44,-9,0.0
38.160000000000004,-8,-3,20,11,2,7,28,-21,0.0
38.165,6,20,-32,-23,-6,-18,-55,30,0.0
38.17,0,-10,7,7,-1,1,-21,-16,0.0
38.175000000000004,12,-2,3,14,5,3,27,32,0.0
38.18,3,5,4,15,6,14,20,17,0.0
38.185,9,-3,18,-22,-6,-6,-2,-11,0.0
38.19,-10,-3,-15,-11,-5,-6,-25,-14,0.0
38.195,2,-13,-13,4,2,13,39,6,0.0
38.2,0,-7,-13,-9,-2,-14,-41,40,0.0
38.205,-2,-2,-11,5,-2,-9,8,5,0.0
38.21,-19,-5,13,-11,-7,-17,-63,-55,0.0
38.215,12,-5,-9,4,4,14,45,15,0.0
38.22,14,2,3,-12,-1,10,43,22,0.0
38.225,-15,-11,0,8,-5,-2,-13,-12,0.0
38.230000000000004,-3,-6,-16,-13,-8,-4,4,3,0.0
38.235,21,3,8,8,5,4,15,19,0.0
38.24,3,3,-1,11,1,0,-6,-6,0.0
38.245,-16,-6,-7,-11,1,7,7,-6,0.0
38.25,-10,-9,-7,-5,1,16,3,-13,0.0
38.255,1,-3,-3,-2,-9,-21,-77,-8,0.0
38.26,10,2,2,-12,-3,-16,-7,-13,0.0
38.265,11,7,10,22,6,9,29,0,0.0
38.27,2,-9,-6,24,2,8,33,9,0.0
38.275,5,2,-23,-49,-12,5,19,11,0.0
38.28,-7,8,-7,-9,-1,6,-16,-29,0.0
38.285000000000004,-4,0,12,3,1,-13,-27,-9,0.0
38.29,-2,-2,1,4,-2,-17,-53,-16,0.0
38.295,5,8,6,12,2,10,-21,16,0.0
38.300000000000004,-5,-5,7,14,4,-5,-3,2,0.0
38.305,7,7,2,-5,-1,0,10,-4,0.0
38.31,-6,-3,-19,-33,-7,1,0,-4,0.0
38.315,-1,3,24,33,13,1,17,6,0.0
38.32,-3,-5,3,26,-5,9,5,8,0.0
38.325,0,-11,-40,-71,-17,-15,15,-4,0.0
38.33,4,6,2,2,-8,3,-1,5,0.0
38.335,-3,-4,1,-20,9,3,19,-3,0.0
38.34,-6,-2,-1,31,2,0,7,5,0.0
38.345,1,0,7,28,8,-3,-21,-11,0.0
38.35,-1,6,6,15,-2,6,30,7,0.0
38.355000000000004,4,4,-13,-16,-8,6,57,9,0.0
38.36,-7,-3,8,-26,-5,-13,-83,-19,0.0
38.365,-6,-7,12,13,1,-4,-33,-7,0.0
38.37,-2,-3,-20,-7,-1,-3,3,2,0.0
38.375,-3,-4,13,35,13,1,9,-5,0.0
38.38,2,6,-28,-18,0,11,34,15,0.0
38.385,2,3,1,-5,-10,0,6,5,0.0
38.39,1,10,21,10,10,-9,-23,-6,0.0
38.395,-9,-7,-28,-7,-13,-9,-6,-5,0.0
38.4,-13,-13,-13,-38,-13,-4,10,4,0.0
38.405,-1,5,23,26,10,6,6,1,0.0
38.410000000000004,-2,0,-1,-28,-9,-5,4,-5,0.0
38.415,5,-2,-6,-17,-18,-3,-5,0,0.0
38.42,2,-5,10,22,23,-2,1,-3,0.0
38.425000000000004,2,8,-1,6,-2,-3,1,-3,0.0
38.43,-6,-14,-13,-1,0,1,11,4,0.0
38.435,-4,2,6,7,-4,-7,-2,-3,0.0
38.44,-4,-1,11,-8,-18,1,6,1,0.0
38.445,-9,-22,-8,5,6,4,-3,-4,0.0
38.45,-4,-5,-12,-13,10,10,35,4,0.0
38.455,-6,-9,-21,-9,-9,-21,-51,-14,0.0
38.46,12,4,5,13,-1,-1,4,4,0.0
38.465,52,28,2,30,21,7,13,11,0.0
38.47,59,-3,-25,-22,-29,-8,-9,2,0.0
38.475,-80,-28,6,-2,-7,-4,2,-16,0.0
38.480000000000004,-33,-9,8,-16,-2,-2,2,-6,0.0
38.485,-38,-11,9,-9,-2,-3,-6,-8,0.0
38.49,76,13,20,21,11,0,-7,9,0.0
38.495,3,13,5,2,5,7,14,8,0.0
38.5,-34,9,5,19,-1,-6,-8,-8,0.0
38.505,-25,-18,-58,-54,3,-4,-3,-8,0.0
38.51,-36,-21,-1,-17,-13,-2,-6,1,0.0
38.515,26,22,33,8,3,2,12,7,0.0
38.52,12,10,-11,1,-1,6,12,5,0.0
38.525,4,-2,22,7,-15,-11,-8,-2,0.0
38.53,-17,0,-23,7,14,1,-9,-6,0.0
38.535000000000004,17,20,-15,-15,-11,-3,4,3,0.0
38.54,14,-7,-7,0,4,-1,1,2,0.0
38.545,13,-4,-5,12,-2,3,-3,-2,0.0
38.550000000000004,-34,-18,-4,-18,12,7,-3,-10,0.0
38.555,23,37,-48,-17,-17,-9,-1,0,0.0
38.56,-4,-47,33,-27,0,0,3,5,0.0
38.565,-10,-17,15,20,-1,3,4,-5,0.0
38.57,-1,19,6,31,2,-5,-7,0,0.0
38.575,8,-8,-21,-23,-3,1,2,2,0.0
38.58,10,-5,-43,-23,1,3,1,0,0.0
38.585,15,14,14,0,-7,0,1,0,0.0
38.59,6,-4,11,11,5,0,-3,-1,0.0
38.595,-3,-15,8,28,9,1,4,0,0.0
38.6,16,11,17,51,-4,-5,-5,-3,0.0
38.605000000000004,-24,-26,-70,-80,-15,-12,-11,-12,0.0
38.61,-1,17,24,50,-2,3,-3,-2,0.0
38.615,2,-38,11,-24,-11,0,3,2,0.0
38.62,2,6,22,-15,-2,4,4,3,0.0
38.625,14,26,11,31,-4,-5,1,4,0.0
38.63,-2,5,-6,-13,1,-4,-3,2,0.0
38.635,-8,-38,8,-3,6,2,-2,-5,0.0
38.64,-4,12,40,35,8,1,1,1,0.0
38.645,4,6,-11,-9,-1,-2,-1,1,0.0
38.65,-13,-3,-20,-19,-8,-7,-7,-2,0.0
38.655,-6,-1,19,28,5,3,2,-1,0.0
38.660000000000004,6,11,-22,-11,-4,-3,-3,-2,0.0
38.665,19,11,-32,-17,-7,-2,0,0,0.0
38.67,-72,-5,-2,-10,-4,-6,-6,-11,0.0
38.675000000000004,-2,-6,-7,8,9,2,1,0,0.0
38.68,-3,-1,10,-23,-11,-6,-4,-5,0.0
38.685,-5,-3,21,2,0,-1,2,1,0.0
38.69,15,7,14,10,0,3,1,5,0.0
38.695,-1,0,2,20,6,2,2,-1,0.0
38.7,-7,-7,-56,-59,-7,-3,-3,-2,0.0
38.705,-3,-5,39,38,2,0,-2,-4,0.0
38.71,8,2,-16,-9,-4,-4,-1,-1,0.0
38.715,3,10,29,-7,11,5,0,-1,0.0
38.72,1,-17,-41,-33,-29,-2,1,-3,0.0
38.725,-9,11,-1,17,14,3,-1,-1,0.0
38.730000000000004,-3,-10,4,-18,-13,-8,-5,-2,0.0
38.735,3,0,21,6,5,2,3,1,0.0
38.74,15,20,18,33,10,0,2,1,0.0
38.745,-15,-27,-28,-1,-1,-2,-2,-3,0.0
38.75,28,1,13,-20,-5,0,0,3,0.0
38.755,-53,1,-28,6,-4,-4,-3,-6,0.0
38.76,-22,-12,-34,-1,-4,-8,-10,-9,0.0
38.765,-23,-3,11,-3,3,2,2,1,0.0
38.77,16,2,-3,-14,-3,-3,0,3,0.0
38.775,11,2,-6,-16,-1,-2,-3,-3,0.0
38.78,16,-7,44,37,0,2,1,-2,0.0
38.785000000000004,22,18,-20,-8,-1,-1,-1,5,0.0
38.79,10,-12,1,11,6,5,5,1,0.0
38.795,-46,-3,3,0,5,-3,-5,-7,0.0
38.800000000000004,-10,-21,-10,16,-3,-2,-2,-3,0.0
38.805,2,-8,-6,-48,-32,-12,-2,0,0.0
38.81,18,5,4,-7,0,4,4,2,0.0
38.815,28,3,-18,-3,-1,0,-2,1,0.0
38.82,-2,7,-13,-2,14,1,-1,2,0.0
38.825,-1,-13,11,24,5,1,-2,-3,0.0
38.83,-20,-3,-19,12,-2,0,-1,-1,0.0
38.835,8,-5,0,-15,-4,-2,-1,-1,0.0
38.84,-9,8,-22,2,-2,-3,0,-2,0.0
38.845,13,3,21,-4,0,-1,1,3,0.0
38.85,-18,-2,3,6,4,2,0,-5,0.0
38.855000000000004,29,-3,-4,-6,0,1,2,1,0.0
38.86,-30,4,15,-6,-3,-3,-1,4,0.0
38.865,-19,-2,2,8,3,1,-2,-2,0.0
38.87,-12,25,-8,-2,-6,-4,-5,-4,0.0
38.875,10,-2,5,13,2,1,0,2,0.0
38.88,14,1,8,-9,6,4,3,4,0.0
38.885,24,14,20,12,3,-1,-2,1,0.0
38.89,-38,-11,-6,-43,-15,-7,-6,-5,0.0
38.895,12,4,-15,-2,-6,-2,-2,-4,0.0
38.9,-17,-3,2,5,0,-5,-6,-3,0.0
38.905,-3,10,2,-5,5,3,0,-5,0.0
38.910000000000004,10,-13,7,25,12,5,3,2,0.0
38.915,14,9,4,25,-6,-4,0,4,0.0
38.92,2,-12,-8,-34,-3,0,0,-2,0.0
38.925000000000004,2,6,-17,-8,-3,-4,-3,-3,0.0
38.93,16,9,12,24,0,-1,-2,1,0.0
38.935,-7,-3,-5,5,-10,-3,3,7,0.0
38.94,-7,-4,0,-30,-27,-3,-2,1,0.0
38.945,2,-3,11,5,0,-1,-5,-10,0.0
38.95,-18,-6,-15,-15,6,2,-2,-9,0.0
38.955,-10,-6,9,12,5,-2,-5,-1,0.0
38.96,18,6,-29,10,5,-1,-2,-3,0.0
38.965,-16,-23,6,-14,-5,5,7,3,0.0
38.97,11,32,1,12,3,-4,-3,3,0.0
38.975,2,-2,-9,-1,-4,1,-1,-4,0.0
38.980000000000004,-3,-3,14,-2,1,-2,0,0,0.0
38.985,-4,0,-8,8,3,0,0,-2,0.0
38.99,11,-12,-5,10,1,-2,1,-1,0.0
38.995,-33,-3,-6,-28,-6,-3,-2,-4,0.0
39.0,3,2,5,10,2,0,-2,-2,0.0
39.005,-4,-10,-5,3,-1,-1,-3,-4,0.0
39.01,-5,-5,1,-5,-2,-1,-1,0,0.0
39.015,9,-9,-1,4,-7,-2,2,-1,0.0
39.02,1,-1,-2,0,2,1,-3,-3,0.0
39.025,-4,4,2,2,-2,1,3,0,0.0
39.03,2,-11,5,3,1,-2,-2,-1,0.0
39.035000000000004,11,14,-3,-29,1,0,0,-2,0.0
39.04,-1,11,16,11,8,3,2,1,0.0
39.045,-9,-9,-2,-11,-4,-7,-3,-1,0.0
39.050000000000004,-3,2,-9,3,-10,-2,-2,-1,0.0
39.055,-1,-17,1,6,5,-1,-4,-1,0.0
39.06,5,7,-1,-3,3,0,1,-2,0.0
39.065,1,14,-2,-4,-1,-1,-3,0,0.0
39.07,-5,-12,4,5,1,1,-1,0,0.0
39.075,1,7,-1,2,-1,-5,-6,-1,0.0
39.08,1,-14,-8,0,0,1,0,-1,0.0
39.085,3,7,4,23,-7,-5,-4,-1,0.0
39.09,-2,-9,-6,-16,-3,-3,0,-4,0.0
39.095,-8,-5,-1,-6,-4,-2,-1,-1,0.0
39.1,6,7,4,-3,0,1,0,-2,0.0
39.105000000000004,1,-6,0,2,1,-1,0,3,0.0
39.11,3,-8,-7,-5,-1,0,0,-1,0.0
39.115,-9,-2,-10,-8,-3,0,-3,-2,0.0
39.12,0,-12,0,5,-3,-2,1,-2,0.0
39.125,-7,0,2,-3,0,-1,-3,0,0.0
39.13,-3,-8,1,-3,-1,-3,-2,-1,0.0
39.135,11,8,0,7,1,-1,-2,-1,0.0
39.14,0,8,6,-11,0,1,-1,-1,0.0
39.145,-3,-1,1,-5,-2,0,-1,-2,0.0
39.15,2,3,7,5,-1,-1,-2,0,0.0
39.155,-4,-14,-2,-5,1,3,2,1,0.0
39.160000000000004,2,5,-1,-4,0,-3,-2,-1,0.0
39.165,-2,-12,6,2,4,4,5,-3,0.0
39.17,-8,-9,-8,-11,-5,-2,-3,-2,0.0
39.175000000000004,1,13,-2,4,-4,-5,-4,-3,0.0
39.18,7,-1,-6,13,1,-1,-3,1,0.0
39.185,-7,-2,2,-22,-6,-2,-2,-2,0.0
39.19,-1,1,-3,4,-3,-3,-3,0,0.0
39.195,-3,-5,5,4,3,3,3,0,0.0
39.2,0,4,-18,9,-1,-3,-2,-1,0.0
39.205,1,1,-3,4,0,-1,-2,-2,0.0
39.21,-3,4,-8,-4,-2,-2,-2,-1,0.0
39.215,6,3,-3,-5,-2,-3,-3,0,0.0
39.22,-9,-12,4,3,-2,0,-1,-3,0.0
39.225,0,1,-16,-8,-1,-1,-1,-1,0.0
39.230000000000004,-11,-16,-3,-1,-1,-3,-2,-2,0.0
39.235,0,2,7,-4,-3,0,2,-1,0.0
39.24,-1,-2,3,-10,0,-2,1,-2,0.0
39.245,2,-3,1,0,-2,-3,-2,1,0.0
39.25,1,-5,2,2,2,1,1,-3,0.0
39.255,4,3,-2,4,-2,-2,-2,-1,0.0
39.26,6,15,-2,-1,-1,-3,-3,-3,0.0
39.265,-9,-7,12,9,4,3,5,-1,0.0
39.27,-2,-1,-8,2,4,1,0,3,0.0
39.275,-2,-15,-1,-2,-1,-1,1,-2,0.0
39.28,0,0,-8,-8,-8,-5,-5,-1,0.0
39.285000000000004,4,-2,-9,0,1,-1,-3,-2,0.0
39.29,-1,0,0,3,-3,-2,-2,-2,0.0
39.295,0,-3,-8,-10,-3,1,-1,-1,0.0
39.300000000000004,-6,-10,6,0,3,2,1,0,0.0
39.305,3,5,0,3,-2,-4,-2,-1,0.0
39.31,3,2,3,0,-2,0,0,0,0.0
39.315,2,2,0,0,-2,-3,-5,0,0.0
39.32,0,2,7,4,-1,-1,1,1,0.0
39.325,0,-9,-3,-3,-2,1,1,1,0.0
39.33,-4,6,-5,-13,-3,0,2,-1,0.0
39.335,-6,-4,-2,6,-2,-4,-4,-5,0.0
39.34,-7,-9,2,-3,-3,-2,0,-2,0.0
39.345,-3,1,-2,-3,-2,-3,-5,-2,0.0
39.35,5,-1,7,3,4,2,0,1,0.0
39.355000000000004,1,1,-3,-6,-1,1,1,-2,0.0
39.36,-1,-2,1,9,1,-2,-1,0,0.0
39.365,2,-1,-5,1,-2,-2,-2,1,0.0
39.37,0,-4,2,-1,1,-2,-2,-3,0.0
39.375,-5,-1,3,9,1,1,-1,-1,0.0
39.38,1,8,0,-1,-3,-3,-3,-3,0.0
39.385,-1,-5,-1,-4,0,-1,0,2,0.0
39.39,0,6,-6,-11,-4,-5,-3,-4,0.0
39.395,-4,-4,-2,-2,-3,-2,-2,-2,0.0
39.4,-7,-16,-5,3,2,4,2,2,0.0
39.405,-1,2,-1,0,-2,-2,-4,-3,0.0
39.410000000000004,-2,-3,-6,-4,-4,0,-3,-1,0.0
39.415,0,-6,-2,-3,0,-2,-1,0,0.0
39.42,0,-5,-8,-3,-2,-1,-2,0,0.0
39.425000000000004,3,6,4,4,1,3,-1,-1,0.0
39.43,4,8,-10,-3,-1,-2,-2,0,0.0
39.435,-5,-15,-2,6,-3,0,-1,-2,0.0
39.44,-1,1,-5,-26,-11,-5,-4,-2,0.0
39.445,-6,-7,-6,0,4,2,3,0,0.0
39.45,-8,-1,4,-5,-5,-2,-3,0,0.0
39.455,6,12,7,2,0,-3,-1,1,0.0
39.46,3,0,2,7,5,2,0,0,0.0
39.465,2,0,2,-2,-2,-3,-2,-1,0.0
39.47,1,2,-13,-8,-2,-1,-3,0,0.0
39.475,-2,-2,8,0,1,0,-1,-2,0.0
39.480000000000004,-1,-1,-5,0,0,-2,-3,-1,0.0
39.485,0,5,-3,-1,-2,-3,-3,-3,0.0
39.49,-4,-5,6,11,0,2,3,1,0.0
39.495,-2,6,-7,-24,-7,-4,-4,-3,0.0
39.5,3,7,5,0,1,-1,-2,1,0.0
39.505,-5,-6,2,1,-4,-2,1,-2,0.0
39.51,0,1,3,4,0,-3,-2,-2,0.0
39.515,1,4,-2,1,-1,1,-1,-1,0.0
39.52,6,6,4,0,-2,-1,-2,0,0.0
39.525,8,3,-1,1,-2,-2,-2,-1,0.0
39.53,-6,2,-8,5,2,2,0,-4,0.0
39.535000000000004,-4,0,2,2,2,-2,0,0,0.0
39.54,-13,-25,-7,3,-4,-2,-2,-6,0.0
39.545,1,3,1,-6,1,-2,0,0,0.0
39.550000000000004,5,-5,1,0,0,-1,0,0,0.0
39.555,16,5,0,-4,-1,-2,-2,4,0.0
39.56,9,7,-9,11,3,5,2,0,0.0
39.565,-3,9,4,5,-1,0,0,-3,0.0
39.57,-18,-18,-7,-3,-5,-5,-4,-4,0.0
39.575,-17,-15,-27,-7,-3,-3,-5,-6,0.0
39.58,-3,-8,-3,-27,-7,0,4,-1,0.0
39.585,12,5,-1,-12,-4,-3,-2,1,0.0
39.59,5,9,9,6,3,2,2,1,0.0
39.595,4,-3,-1,7,0,0,-2,-2,0.0
39.6,-4,-6,4,6,4,-1,1,-2,0.0
39.605000000000004,-2,2,-5,6,0,1,-1,-1,0.0
39.61,6,-10,7,-7,-3,-2,-2,-1,0.0
39.615,-4,2,-5,-7,-2,-1,1,-1,0.0
39.62,3,10,13,6,1,-2,-3,-2,0.0
39.625,-10,-17,3,-5,1,2,1,-2,0.0
39.63,-1,22,11,1,2,4,4,3,0.0
39.635,4,2,1,-8,-5,-5,-5,-1,0.0
39.64,-12,-20,-1,9,2,6,5,2,0.0
39.645,-4,-6,-2,-1,-1,-2,-1,-1,0.0
39.65,4,0,-15,-5,-2,0,-1,-1,0.0
39.655,-9,-1,8,-2,-3,-3,0,1,0.0
39.660000000000004,-9,2,-9,-11,-6,-4,-5,-3,0.0
39.665,1,7,-16,-2,-1,-2,-3,-3,0.0
39.67,-2,-10,3,-4,-3,-2,-1,-3,0.0
39.675000000000004,3,4,1,6,2,2,2,1,0.0
39.68,-1,-3,-2,2,-1,-2,0,0,0.0
39.685,-1,0,-5,-2,-1,-1,0,0,0.0
39.69,2,-1,-2,-3,0,-3,-3,-1,0.0
39.695,-4,0,3,0,1,1,1,-1,0.0
39.7,4,4,3,3,2,-2,-2,0,0.0
39.705,-8,-8,-5,-2,-1,3,2,0,0.0
39.71,-2,-7,-4,-9,-4,-2,-2,-3,0.0
39.715,-1,-7,0,2,-1,-1,-1,2,0.0
39.72,4,3,2,-1,-2,-2,-1,-2,0.0
39.725,-1,-7,4,10,2,-1,0,0,0.0
39.730000000000004,-1,1,1,0,-3,-2,-2,0,0.0
39.735,-4,-5,-2,-2,0,1,2,-1,0.0
39.74,4,2,-7,-2,-1,-2,-3,-1,0.0
39.745,2,-5,7,-2,-3,-4,-3,-1,0.0
39.75,-9,6,-7,5,0,-3,-2,-3,0.0
39.755,-4,4,1,-3,-2,-1,-3,-3,0.0
39.76,-1,1,0,2,3,-2,-1,1,0.0
39.765,1,1,-1,0,0,-1,-2,-3,0.0
39.77,2,-7,-1,-3,-3,-2,0,-1,0.0
39.775,5,0,0,4,-3,-2,0,1,0.0
39.78,-10,-1,-1,0,-5,-3,-3,-2,0.0
39.785000000000004,1,0,-1,-4,0,-1,-3,-1,0.0
39.79,7,30,8,-2,-2,-2,-1,2,0.0
39.795,-3,-7,-1,-2,-1,2,0,0,0.0
39.800000000000004,0,-4,0,-2,0,1,0,1,0.0
39.805,-1,0,7,-5,-4,-5,-4,1,0.0
39.81,-1,-9,-9,1,0,1,1,-1,0.0
39.815,0,-2,1,-8,1,1,0,-3,0.0
39.82,1,5,2,-1,-3,-4,-3,1,0.0
39.825,2,6,-12,-5,-2,-2,-1,-1,0.0
39.83,-12,-9,2,-2,2,-2,0,-3,0.0
39.835,1,6,0,6,0,0,0,-1,0.0
39.84,2,-7,-5,0,-1,-3,-4,-2,0.0
39.845,-3,-1,-1,-1,2,4,3,0,0.0
39.85,1,-4,3,-2,-3,-3,-1,-1,0.0
39.855000000000004,-12,-4,-6,-6,-3,-3,-2,-4,0.0
39.86,-4,-10,8,4,4,1,3,-3,0.0
39.865,7,6,-2,7,-5,-4,-3,-3,0.0
39.87,5,4,-2,-14,1,-1,-3,4,0.0
39.875,-11,-3,1,7,0,-1,-1,-1,0.0
39.88,-5,-7,3,4,2,1,2,-2,0.0
39.885,8,36,8,-8,0,1,3,4,0.0
39.89,-2,-6,0,5,0,0,-3,-3,0.0
39.895,1,-19,-18,-4,-2,-1,-2,1,0.0
39.9,3,1,6,2,-3,-1,-1,-1,0.0
39.905,-13,-16,-1,4,0,-2,-4,-3,0.0
39.910000000000004,0,-4,-8,-1,-1,-1,-3,-2,0.0
39.915,5,6,2,-1,2,0,-2,0,0.0
39.92,2,6,-9,0,-3,-3,-2,0,0.0
39.925000000000004,-5,-12,-2,-8,-1,1,0,-1,0.0
39.93,-11,-9,-1,9,2,4,4,-1,0.0
39.935,10,8,10,-3,-2,-6,-4,1,0.0
39.94,-6,6,-15,-3,2,1,-1,-2,0.0
39.945,-6,-11,8,-5,-2,-3,-4,-2,0.0
39.95,-3,18,1,-7,-2,-1,1,0,0.0
39.955,3,7,2,7,1,1,-1,-2,0.0
39.96,-4,-12,5,-13,-4,-1,-1,-1,0.0
39.965,6,7,-6,-6,0,0,0,1,0.0
39.97,-1,-12,-4,-4,-2,0,-3,-2,0.0
39.975,1,-2,-1,3,-2,1,0,0,0.0
39.980000000000004,-3,-4,4,-10,-3,-2,1,1,0.0
39.985,-8,-16,-6,2,0,1,1,-1,0.0
39.99,-1,-8,-2,1,1,0,0,1,0.0
39.995,0,-1,2,-1,-1,0,-1,0,0.0
40.0,0,-6,-7,5,-1,0,1,-3,0.0
40.005,-10,-12,-2,0,-1,0,-2,0,0.0
40.01,1,2,-9,-6,-4,-6,-4,-3,0.0
40.015,1,14,-3,5,-1,1,2,-2,0.0
40.02,-18,-34,13,6,5,5,4,-3,0.0
40.025,4,13,6,0,-4,-2,-3,1,0.0
40.03,4,-3,0,0,-1,-1,-1,-2,0.0
40.035000000000004,-5,-8,-2,-5,-2,-3,-2,-2,0.0
40.04,10,14,-4,-1,-3,-4,-2,2,0.0
40.045,-2,-4,1,3,0,-1,0,-2,0.0
40.050000000000004,-1,-1,12,5,0,0,0,-1,0.0
40.055,-2,-5,0,-6,1,2,1,-3,0.0
40.06,4,10,-9,-4,-3,-3,-4,0,0.0
40.065,4,3,-15,0,0,-2,0,-2,0.0
40.07,-10,-12,13,-6,-1,2,2,-2,0.0
40.075,0,-5,1,-5,-3,-2,1,0,0.0
40.08,7,8,-1,1,-2,-2,-4,-2,0.0
40.085,-4,0,-4,-2,-1,-1,-1,-3,0.0
40.09,0,-6,-8,4,-1,-2,-4,-3,0.0
40.095,-3,3,-4,-3,-1,-3,-5,0,0.0
40.1,-1,4,0,-5,-2,-1,-2,0,0.0
40.105000000000004,1,-9,-5,6,-4,-2,3,-3,0.0
40.11,0,1,-5,-5,-1,-1,-1,-1,0.0
40.115,-9,-10,-7,-7,-1,-1,1,-4,0.0
40.12,3,5,-1,-2,0,-3,-3,0,0.0
40.125,-8,-11,10,1,-1,-3,-3,-3,0.0
40.13,2,14,-5,6,1,-1,-1,1,0.0
40.135,5,-9,-11,-6,-4,-5,-5,-2,0.0
40.14,-13,-8,-4,5,4,6,4,-3,0.0
40.145,-6,-12,0,-5,-3,-1,-1,-2,0.0
40.15,6,9,5,0,-3,-1,-3,1,0.0
40.155,-8,-8,-10,0,-3,-1,0,0,0.0
40.160000000000004,14,3,-3,-6,-2,-4,-4,-1,0.0
40.165,8,6,-3,4,2,-2,-2,0,0.0
40.17,2,-5,-6,1,-3,-4,-2,-3,0.0
40.175000000000004,-7,-1,4,-13,-3,1,-2,1,0.0
40.18,-5,-1,4,3,1,1,0,-2,0.0
40.185,6,5,-2,-3,-3,-3,-2,1,0.0
40.19,6,5,16,2,2,3,-1,0,0.0
40.195,0,3,0,4,1,-3,-1,-3,0.0
40.2,-1,-1,-10,-5,-4,-3,-2,1,0.0
40.205,-4,-1,7,-4,2,3,4,-1,0.0
40.21,-20,-7,-10,8,-3,-1,0,0,0.0
40.215,31,20,5,1,-3,1,-1,-1,0.0
40.22,-25,10,-1,-10,-4,-4,-4,-4,0.0
40.225,-1,-8,-7,-7,-1,-3,-3,-1,0.0
40.230000000000004,-8,-7,2,9,1,0,-1,-2,0.0
40.235,3,-5,-6,2,2,3,0,-1,0.0
40.24,10,1,-4,-2,-4,-2,0,1,0.0
40.245,3,-14,0,4,-4,-1,0,5,0.0
40.25,-4,-2,-2,-6,1,1,-2,-2,0.0
40.255,-8,-5,-2,2,0,-2,-1,-1,0.0
40.26,8,0,0,-2,-1,1,-1,-2,0.0
40.265,0,-5,-3,2,1,4,3,-2,0.0
40.27,-1,2,-8,-6,-2,-4,-3,3,0.0
40.275,-38,-16,4,13,6,-2,-4,-6,0.0
40.28,4,12,-1,-3,-3,-3,-3,-3,0.0
40.285000000000004,-1,15,-4,-27,-6,0,-2,-3,0.0
40.29,16,-1,12,2,-1,-2,0,0,0.0
40.295,4,4,10,7,2,1,0,-2,0.0
40.300000000000004,-12,-9,-14,8,4,-3,0,-4,0.0
40.305,-19,-3,8,5,-3,-2,-2,-2,0.0
40.31,4,-5,-4,-7,-3,-1,-4,2,0.0
40.315,12,16,2,-6,-5,-2,-1,1,0.0
40.32,3,-5,10,4,0,3,2,1,0.0
40.325,13,8,-11,-2,-1,-5,-2,-1,0.0
40.33,-4,-6,-6,-1,-1,1,1,-2,0.0
40.335,0,0,0,-4,-5,-1,-1,0,0.0
40.34,2,-4,-3,-5,-3,-5,-3,-2,0.0
40.345,-3,0,-2,8,3,0,0,-2,0.0
40.35,-2,12,0,1,-3,-1,-1,2,0.0
40.355000000000004,6,-11,-6,-12,2,2,1,-1,0.0
40.36,-8,-6,-10,-4,-6,-5,-2,-2,0.0
40.365,-13,-5,6,2,3,-1,-2,-6,0.0
40.37,9,17,2,-7,1,0,2,-2,0.0
40.375,1,1,3,9,0,-1,-3,0,0.0
40.38,2,-9,-5,-25,-4,1,-1,2,0.0
40.385,1,6,5,5,-2,-4,-3,0,0.0
40.39,0,-1,-9,-3,-2,-1,-3,-4,0.0
40.395,-3,-9,18,-1,0,-1,2,1,0.0
40.4,2,3,3,7,2,0,0,1,0.0
40.405,3,-1,-7,0,-4,-1,-2,0,0.0
40.410000000000004,-11,-7,1,2,2,-1,0,-3,0.0
40.415,-2,-6,-5,-10,-6,-2,-2,1,0.0
40.42,-8,-1,-5,2,-2,-3,-4,2,0.0
40.425000000000004,-8,-8,-6,-9,-1,0,-3,-4,0.0
40.43,-2,-7,0,6,3,2,1,-4,0.0
40.435,-6,4,-2,5,1,-2,0,-5,0.0
40.44,10,2,1,3,0,1,0,7,0.0
40.445,7,4,3,-8,-4,-3,-1,-2,0.0
40.45,-8,-13,-24,-7,-3,-4,-3,-3,0.0
40.455,13,20,1,1,-6,-8,-5,-2,0.0
40.46,-3,2,11,10,8,10,8,1,0.0
40.465,5,-5,-2,1,-6,-2,0,1,0.0
40.47,11,-7,9,-20,-8,-4,-2,-2,0.0
40.475,19,2,-6,-13,1,3,5,2,0.0
40.480000000000004,-41,-6,-4,6,-3,-7,-7,-5,0.0
40.485,-1,-9,-7,1,0,-2,-7,-10,0.0
40.49,0,-10,16,2,2,3,1,3,0.0
40.495,0,-3,-14,-7,-2,-3,-5,-10,0.0
40.5,19,15,29,1,-5,-1,2,1,0.0
40.505,9,-9,-5,4,5,0,0,1,0.0
40.51,-19,1,15,20,-2,-1,1,-4,0.0
40.515,11,-11,-31,-26,-2,-2,0,0,0.0
40.52,21,-8,-37,-32,0,-1,-1,5,0.0
40.525,-20,21,23,-7,-10,-3,2,5,0.0
40.53,-47,-18,8,14,1,-4,-12,-27,0.0
40.535000000000004,-21,-17,3,13,0,3,40,15,0.0
40.54,18,11,4,-17,-2,-2,-15,-11,0.0
40.545,24,5,-6,13,-3,-1,1,10,0.0
40.550000000000004,9,17,24,2,4,0,-1,12,0.0
40.555,9,4,-2,9,0,3,10,9,0.0
40.56,20,15,-8,-2,-4,-4,3,-5,0.0
40.565,-25,-10,5,-1,3,-1,13,4,0.0
40.57,-6,-22,-7,20,0,-2,0,8,0.0
40.575,-8,4,10,-6,2,0,-15,-17,0.0
40.58,-32,-5,-30,-13,-9,-3,1,0,0.0
40.585,-8,-15,22,-6,2,-8,-16,19,0.0
40.59,20,-1,-56,-15,-9,-6,1,-8,0.0
40.595,39,10,-8,11,1,2,-5,8,0.0
40.6,30,14,42,41,11,7,5,8,0.0
40.605000000000004,-17,-11,7,12,11,2,4,-12,0.0
40.61,-7,-24,-85,-68,-38,-17,-8,-7,0.0
40.615,-16,-13,22,5,3,0,-15,1,0.0
40.62,-12,-7,3,13,-1,-4,2,-7,0.0
40.625,31,27,72,44,12,9,8,1,0.0
40.63,46,8,-27,39,12,5,0,12,0.0
40.635,8,13,42,-15,-3,1,-6,-18,0.0
40.64,-67,-13,22,17,-9,-7,-8,-10,0.0
40.645,-34,-42,-93,-100,-13,-10,-6,-12,0.0
40.65,-4,-23,-21,-25,1,-3,-20,-18,0.0
40.655,57,8,-12,-20,-7,2,21,21,0.0
40.660000000000004,17,-1,33,42,15,10,-14,7,0.0
40.665,56,38,21,2,2,6,-10,15,0.0
40.67,55,40,120,48,11,3,-29,2,0.0
40.675000000000004,-99,-27,-16,65,5,-6,-29,-38,0.0
40.68,15,-98,-102,-101,-37,-40,-46,-45,0.0
40.685,7,18,68,-8,-18,0,34,19,0.0
40.69,31,32,-10,2,10,7,-24,-33,0.0
40.695,4,14,71,39,10,7,7,12,0.0
40.7,-8,2,-47,123,19,17,58,58,0.0
40.705,-22,-38,-114,-104,-9,-11,-63,55,0.0
40.71,14,31,91,4,-13,-2,-1,9,0.0
40.715,-2,6,-21,-51,0,7,5,12,0.0
40.72,-39,15,28,1,3,5,16,10,0.0
40.725,22,0,98,95,19,16,49,87,0.0
40.730000000000004,-44,-11,-18,81,-4,-20,-76,-82,0.0
40.735,-2,-27,-50,-52,-14,-11,-31,19,0.0
40.74,93,30,23,-25,3,6,5,26,0.0
40.745,-88,-19,-4,16,-1,4,44,-39,0.0
40.75,-9,31,15,10,8,12,96,86,0.0
40.755,-46,-26,17,32,-13,-25,-77,-90,0.0
40.76,9,10,50,-33,-2,-1,-38,-17,0.0
40.765,7,-12,-105,-62,-12,-8,-8,5,0.0
40.77,13,-18,44,20,11,10,25,21,0.0
40.775,28,6,-57,26,-14,-12,-9,-47,0.0
40.78,-34,-3,70,-53,-3,2,42,23,0.0
40.785000000000004,5,15,-5,15,2,-4,-51,-37,0.0
40.79,-33,-51,-45,-36,-15,-1,19,56,0.0
40.795,50,15,97,73,15,10,-18,26,0.0
40.800000000000004,-26,12,-50,-36,-10,-16,-44,-58,0.0
40.805,22,44,23,28,1,0,25,11,0.0
40.81,3,7,-18,-35,7,8,4,-40,0.0
40.815,-31,11,34,8,-8,-6,15,-10,0.0
40.82,-1,-39,-61,-16,-4,9,64,56,0.0
40.825,-3,-18,9,17,5,-4,-62,-89,0.0
40.83,18,-2,-6,2,5,7,75,82,0.0
40.835,-13,10,11,-18,-4,-16,-23,28,0.0
40.84,-2,16,-4,5,0,-4,8,-12,0.0
40.845,15,0,-1,15,5,0,-5,-2,0.0
40.85,-7,7,67,82,0,16,15,21,0.0
40.855000000000004,-5,-27,-103,-75,-22,-10,20,52,0.0
40.86,4,-1,16,46,-12,-15,57,21,0.0
40.865,-15,6,32,16,21,7,-90,-92,0.0
40.87,-16,-17,-28,-37,-4,-12,-15,-14,0.0
40.875,6,14,5,31,18,22,37,29,0.0
40.88,4,2,-28,9,1,15,-17,-27,0.0
40.885,6,-3,76,6,-6,7,53,33,0.0
40.89,3,12,16,4,1,-23,24,-39,0.0
40.895,-18,-11,-34,-49,-4,-16,-55,35,0.0
40.9,25,-7,-1,27,7,0,-4,89,0.0
40.905,-31,-20,-71,-9,-15,7,34,55,0.0
40.910000000000004,-28,15,-24,-73,-21,-17,-1,-2,0.0
40.915,-8,11,24,21,1,-5,2,-16,0.0
40.92,-3,-6,9,4,5,4,-27,-32,0.0
40.925000000000004,13,2,15,47,8,9,15,4,0.0
40.93,13,-9,8,20,9,15,11,13,0.0
40.935,-14,-13,-58,-24,-3,2,24,-2,0.0
40.94,-7,17,56,-9,7,4,-19,-16,0.0
40.945,3,-27,-109,-70,-28,-22,-7,-20,0.0
40.95,-1,-2,12,-10,1,-1,-18,0,0.0
40.955,5,5,26,41,7,10,19,-12,0.0
40.96,3,9,19,23,7,3,-17,-23,0.0
40.965,21,10,6,10,-2,0,77,50,0.0
40.97,-20,-11,-19,-14,-6,-9,-95,-104,0.0
40.975,5,2,9,11,3,10,57,35,0.0
40.980000000000004,-8,-1,-6,3,-7,-9,-20,-23,0.0
40.985,-1,11,-2,-48,-8,-12,-24,-62,0.0
40.99,-7,-4,-18,-9,5,4,-6,-17,0.0
40.995,6,-3,25,1,1,5,20,5,0.0
41.0,-28,-9,15,6,-4,-2,12,4,0.0
41.005,2,-4,-13,41,-3,-3,-11,20,0.0
41.01,21,-8,-27,-67,-9,-3,7,15,0.0
41.015,-23,-12,-18,1,-4,-9,-25,0,0.0
41.02,-10,-4,-25,-36,-7,-8,16,-9,0.0
41.025,6,15,47,34,9,-6,-39,-12,0.0
41.03,-2,12,-20,4,8,16,10,23,0.0
41.035000000000004,24,-4,22,21,7,11,29,8,0.0
41.04,-23,-12,-30,-22,-15,-6,-10,1,0.0
41.045,12,-8,-25,12,-5,-1,30,82,0.0
41.050000000000004,31,19,25,16,2,-6,1,-2,0.0
41.055,9,0,10,-26,0,-1,-24,-16,0.0
41.06,-19,2,38,43,8,1,-18,-24,0.0
41.065,2,-2,-3,5,7,6,22,4,0.0
41.07,-23,-18,-58,-29,-11,-11,-19,23,0.0
41.075,15,-3,-22,-17,-1,13,31,24,0.0
41.08,13,-10,-50,-83,-16,-23,-30,-36,0.0
41.085,67,20,33,16,3,2,3,29,0.0
41.09,-80,-3,30,34,5,3,37,23,0.0
41.095,-42,-10,10,1,-5,-7,-15,-47,0.0
41.1,-2,-7,-17,12,6,6,24,38,0.0
41.105000000000004,-22,-10,0,-7,0,-3,4,-19,0.0
41.11,30,3,18,6,6,3,-19,-3,0.0
41.115,22,5,10,-12,-22,-4,15,22,0.0
41.12,-10,10,4,14,7,5,0,-1,0.0
41.125,-5,21,10,7,11,7,29,-8,0.0
41.13,13,-14,-34,-17,-1,-2,-20,-14,0.0
41.135,-7,-5,27,-2,4,-9,-22,-12,0.0
41.14,37,7,-5,8,-1,4,2,9,0.0
41.145,-52,-18,-4,-15,-9,-10,-18,-34,0.0
41.15,-34,-12,1,15,-7,11,9,-2,0.0
41.155,7,2,-27,-19,5,-9,13,-1,0.0
41.160000000000004,8,3,-16,13,9,22,19,34,0.0
41.165,-9,-4,10,-9,-7,-15,-45,-87,0.0
41.17,18,4,11,1,-10,-13,-6,13,0.0
41.175000000000004,-7,0,-4,-3,-9,2,-20,-2,0.0
41.18,9,3,13,-5,7,-2,22,-2,0.0
41.185,-15,-7,-6,-4,0,-4,-11,9,0.0
41.19,-1,-6,-11,8,-19,-5,11,8,0.0
41.195,11,8,1,0,1,-1,-1,-17,0.0
41.2,3,2,11,0,4,8,-3,1,0.0
41.205,-27,-14,-17,-4,-15,-3,-10,-6,0.0
41.21,1,1,5,1,12,-8,-8,-1,0.0
41.215,4,5,4,-6,11,-5,15,22,0.0
41.22,4,4,19,8,11,28,5,-6,0.0
41.225,12,-1,1,-1,-6,-1,-2,4,0.0
41.230000000000004,-23,-9,16,26,4,-3,1,-5,0.0
41.235,-4,-1,-41,-1,3,-6,-1,0,0.0
41.24,-22,-24,-45,-14,-22,-31,-23,2,0.0
41.245,0,4,22,-19,-2,14,27,17,0.0
41.25,6,15,70,-23,-17,-10,-57,-23,0.0
41.255,5,-15,-28,11,18,9,5,-6,0.0
41.26,-4,8,-19,6,-59,-23,-17,-14,0.0
41.265,49,13,-10,7,0,19,13,63,0.0
41.27,92,28,100,94,95,2,60,52,0.0
41.275,111,-1,76,59,30,5,-80,-66,0.0
41.28,127,-50,-76,-71,-17,-27,-38,-38,0.0
41.285000000000004,127,1,102,-19,-29,-6,-8,0,0.0
41.29,68,-32,-128,-35,-47,-5,10,2,0.0
41.295,-46,10,63,22,-14,3,30,29,0.0
41.300000000000004,-94,8,-1,-3,-51,-3,10,20,0.0
41.305,-128,-4,10,-18,16,-8,2,-23,0.0
41.31,-123,31,115,100,72,31,24,-5,0.0
41.315,-105,-8,-21,27,44,10,8,-1,0.0
41.32,-97,-33,-57,-50,-18,-17,-17,-15,0.0
41.325,-86,-12,41,-42,-40,-22,-8,0,0.0
41.33,-67,-10,51,-71,-92,-26,-22,18,0.0
41.335,-60,6,48,-8,-23,-2,5,-7,0.0
41.34,-41,26,51,117,114,34,44,80,0.0
41.345,-33,-13,-94,74,34,12,0,-49,0.0
41.35,-30,-42,-111,-14,-3,-22,-29,-18,0.0
41.355000000000004,-24,13,-4,-70,-55,-12,-1,-29,0.0
41.36,-11,2,-12,-44,-25,-8,-5,-14,0.0
41.365,-11,32,-19,2,-3,5,36,33,0.0
41.37,-14,21,29,-4,-24,3,-13,6,0.0
41.375,-7,5,-43,13,57,6,0,-7,0.0
41.38,0,36,70,50,59,24,11,34,0.0
41.385,-7,23,10,21,-11,0,6,11,0.0
41.39,-6,-5,-92,-15,5,-1,1,-28,0.0
41.395,-59,-8,-116,-17,-45,-8,-2,15,0.0
41.4,-110,11,-15,-31,23,0,0,-25,0.0
41.405,-128,14,56,-1,5,4,-17,-18,0.0
41.410000000000004,-128,11,-5,-24,-18,0,15,10,0.0
41.415,-78,16,26,14,6,4,0,17,0.0
41.42,-28,9,74,12,-20,1,0,-14,0.0
41.425000000000004,-67,-6,14,20,14,-7,-14,-12,0.0
41.43,-14,6,48,0,27,14,0,0,0.0
41.435,-29,-27,-46,-19,-2,-1,10,2,0.0
41.44,1,-7,13,5,-8,-1,2,-13,0.0
41.445,44,-11,-2,-13,-4,-3,-5,11,0.0
41.45,40,-18,12,11,-7,-1,-5,-7,0.0
41.455,30,-16,15,-35,-16,-2,4,5,0.0
41.46,37,-13,11,34,11,-4,0,-3,0.0
41.465,42,-22,-11,-10,8,8,-7,1,0.0
41.47,20,-18,-21,-11,11,3,-1,-2,0.0
41.475,52,-3,16,-16,-24,-12,-6,2,0.0
41.480000000000004,23,-3,16,19,-14,-1,-4,-7,0.0
41.485,-18,-24,-30,-6,9,-3,-10,-17,0.0
41.49,17,-5,-16,-16,-13,-8,-1,-6,0.0
41.495,24,-1,6,-5,3,3,6,8,0.0
41.5,22,0,18,-1,-12,-3,-7,-9,0.0
41.505,35,-5,-22,4,6,-2,6,7,0.0
41.51,20,1,16,-13,13,14,13,4,0.0
41.515,-19,-16,-16,-24,-8,0,-3,4,0.0
41.52,-3,-1,-6,3,-1,-13,-14,-16,0.0
41.525,28,-5,-12,-10,-22,-13,-15,-8,0.0
41.53,-4,0,4,-5,7,0,4,-5,0.0
41.535000000000004,20,6,20,30,13,7,8,7,0.0
41.54,9,9,-2,-11,1,-1,2,0,0.0
41.545,10,-3,-2,8,-3,-3,-6,-1,0.0
41.550000000000004,16,1,-6,10,-4,-3,6,-2,0.0
41.555,8,-11,-18,-35,-7,-8,-5,36,0.0
41.56,-2,-7,-16,-9,-10,-1,0,-16,0.0
41.565,14,13,2,5,12,1,12,13,0.0
41.57,13,3,-14,3,-10,4,-3,6,0.0
41.575,-2,6,28,12,-3,-3,4,-4,0.0
41.58,9,-2,-4,-5,10,-2,-8,-8,0.0
41.585,2,1,3,4,-3,-2,-11,-2,0.0
41.59,-4,-5,-20,-18,-8,-3,5,18,0.0
41.595,10,1,-3,-2,-2,-3,-1,-6,0.0
41.6,10,4,13,1,5,5,6,2,0.0
41.605000000000004,9,-1,-17,-2,8,7,12,8,0.0
41.61,1,-5,7,-22,-9,-4,-6,-7,0.0
41.615,2,-2,6,23,2,-2,0,-13,0.0
41.62,10,-4,3,-3,0,2,34,9,0.0
41.625,4,-5,-11,4,-7,-7,-29,-8,0.0
41.63,6,-2,3,-16,7,0,-3,-5,0.0
41.635,4,1,-18,-13,-5,-3,-7,-9,0.0
41.64,9,0,13,9,3,6,15,10,0.0
41.645,15,4,4,1,-6,-1,12,5,0.0
41.65,-20,-17,-11,-16,-8,-7,-8,-13,0.0
41.655,0,2,15,5,2,-2,-6,-15,0.0
41.660000000000004,5,-4,6,7,4,3,-13,-5,0.0
41.665,-10,1,0,-43,-3,-3,4,-1,0.0
41.67,0,2,-27,29,2,-3,-14,-11,0.0
41.675000000000004,-8,-3,10,-5,-3,-2,2,4,0.0
41.68,0,-1,0,-6,-5,-1,-13,-4,0.0
41.685,4,4,5,18,8,3,3,3,0.0
41.69,-2,-1,24,-5,-4,1,16,5,0.0
41.695,4,9,2,11,4,-2,-6,-10,0.0
41.7,7,-3,-3,-10,-12,-5,-13,0,0.0
41.705,-12,-12,-19,-4,-2,-3,-5,-10,0.0
41.71,3,11,-2,-5,0,-1,1,4,0.0
41.715,19,1,3,12,2,3,4,3,0.0
41.72,-27,-3,-3,-4,-10,0,-11,-5,0.0
41.725,-6,-7,-2,5,-6,-3,3,2,0.0
41.730000000000004,13,1,1,1,-1,0,-1,-2,0.0
41.735,2,0,0,-4,1,-1,-3,-3,0.0
41.74,2,3,-5,16,2,0,2,3,0.0
41.745,16,-2,-5,0,-10,-7,-1,-1,0.0
41.75,-9,-4,0,0,0,4,1,-4,0.0
41.755,4,0,-2,0,-1,0,-1,1,0.0
41.76,-3,2,-15,-37,3,-2,-5,-2,0.0
41.765,0,0,-4,5,0,-1,-2,-3,0.0
41.77,7,1,0,-14,-3,-3,-7,-3,0.0
41.775,-5,-2,12,34,-1,5,1,1,0.0
41.78,8,1,0,-16,-1,-6,1,0,0.0
41.785000000000004,-5,-5,3,13,0,-8,-1,-3,0.0
41.79,-6,-5,8,3,-3,-5,1,-2,0.0
41.795,-7,-5,-5,-13,-5,1,-3,-4,0.0
41.800000000000004,0,0,7,8,-5,-1,-8,-4,0.0
41.805,0,4,-9,-4,4,1,3,3,0.0
41.81,1,-1,8,15,0,-3,3,-2,0.0
41.815,1,7,-36,-12,-2,1,0,1,0.0
41.82,1,-5,-6,1,-4,2,-7,-1,0.0
41.825,3,0,3,-15,-5,1,-8,-3,0.0
41.83,16,-2,-3,1,-3,-11,0,3,0.0
41.835,8,0,15,6,7,9,11,20,0.0
41.84,-4,2,-7,-2,3,5,10,-16,0.0
41.845,-15,-2,-3,3,8,-8,-9,-32,0.0
41.85,8,-11,-36,-10,-7,1,-6,-7,0.0
41.855000000000004,-6,-1,-4,-8,-8,-9,-7,5,0.0
41.86,43,7,12,11,0,5,7,25,0.0
41.865,-17,-8,-19,-3,-7,-8,-5,-40,0.0
41.87,-24,-10,-24,-22,2,-5,2,5,0.0
41.875,-15,-5,-3,8,3,9,5,-4,0.0
41.88,-17,14,7,5,4,1,10,-7,0.0
41.885,37,-4,-4,2,-4,-4,-25,15,0.0
41.89,11,5,6,12,-1,0,8,44,0.0
41.895,-3,-21,34,-13,-9,-12,-15,-37,0.0
41.9,-7,-8,-18,-7,-4,-2,-1,-13,0.0
41.905,-4,20,26,-3,2,0,7,49,0.0
41.910000000000004,-12,2,-15,5,3,4,-2,4,0.0
41.915,5,6,-1,3,0,0,-1,3,0.0
41.92,5,6,3,4,-1,-2,3,9,0.0
41.925000000000004,-7,-4,-3,-14,-5,1,6,-13,0.0
41.93,21,23,10,-1,2,2,-7,-13,0.0
41.935,-16,-3,-46,-10,2,-3,-4,-8,0.0
41.94,2,-2,-32,3,0,-2,-6,-29,0.0
41.945,1,-4,18,-14,4,4,7,2,0.0
41.95,-16,-8,7,-4,-5,-12,-2,42,0.0
41.955,-4,-7,2,6,-18,-15,-13,25,0.0
41.96,-7,9,32,-3,2,-1,-9,-20,0.0
41.965,-3,-11,0,11,4,9,4,-20,0.0
41.97,-2,1,3,-4,9,8,1,-25,0.0
41.975,4,18,0,-12,19,3,4,-4,0.0
41.980000000000004,-1,-7,1,47,-30,-16,-3,17,0.0
41.985,3,0,-12,-3,-4,7,6,2,0.0
41.99,-6,-7,-8,-12,-22,-3,2,-35,0.0
41.995,11,-3,-15,-11,14,4,6,-1,0.0
42.0,-38,-21,8,-12,6,-7,-14,73,0.0
42.005,-4,10,-41,10,9,-1,2,-13,0.0
42.01,-4,-3,16,9,-1,-1,-7,-11,0.0
42.015,5,0,7,8,-4,4,4,-22,0.0
42.02,-1,-7,-8,-6,6,0,0,-6,0.0
42.025,-9,-12,-6,-32,-16,-4,-1,15,0.0
42.03,-1,-3,4,-1,0,4,-1,-6,0.0
42.035000000000004,3,5,12,-1,-5,-2,4,-1,0.0
42.04,3,-5,4,6,-2,-2,-2,-8,0.0
42.045,-5,1,-31,-1,0,1,1,10,0.0
42.050000000000004,2,0,6,2,-1,-2,1,-5,0.0
42.055,-4,-6,21,18,1,1,1,3,0.0
42.06,-2,-7,-25,-17,4,2,2,-15,0.0
42.065,3,6,27,21,-3,0,0,5,0.0
42.07,-9,-15,5,-1,-4,-6,-9,9,0.0
42.075,-8,-6,-2,-3,-2,-6,-6,-2,0.0
42.08,-1,1,6,-7,-13,-1,-4,-7,0.0
42.085,0,-5,6,-3,2,0,-1,-9,0.0
42.09,0,4,-4,-3,3,-1,1,-2,0.0
42.095,0,-4,-10,10,-6,-4,-1,8,0.0
42.1,6,2,-2,-10,8,6,2,-11,0.0
42.105000000000004,4,4,14,12,0,-3,-2,0,0.0
42.11,1,1,-8,10,-1,-1,2,-3,0.0
42.115,1,-2,-12,-14,-1,-1,-4,5,0.0
42.12,-7,3,40,-13,4,-1,-5,-7,0.0
42.125,-1,0,-3,-3,-7,-4,-4,8,0.0
42.13,0,0,-18,-12,0,1,7,-1,0.0
42.135,-2,2,2,-6,-1,-1,0,-17,0.0
42.14,2,-3,-21,5,-2,-1,-1,1,0.0
42.145,-5,-6,-1,-14,-3,-3,-6,-6,0.0
42.15,4,-1,16,7,-1,0,-5,-12,0.0
42.155,2,0,10,6,-3,1,3,6,0.0
42.160000000000004,1,4,-10,-10,-4,-6,-1,20,0.0
42.165,-6,-4,-12,-2,-1,-4,-5,-21,0.0
42.17,-1,-1,-1,9,6,-2,-2,-1,0.0
42.175000000000004,0,4,7,-19,-18,-7,-2,6,0.0
42.18,2,-3,-3,14,12,5,5,-16,0.0
42.185,3,0,-9,-3,-3,1,7,11,0.0
42.19,-5,0,-6,7,9,1,-2,-1,0.0
42.195,-14,-7,4,-18,-12,-4,-7,-13,0.0
42.2,3,-11,-2,-19,-9,-6,-8,-6,0.0
42.205,7,8,-17,-1,2,4,2,10,0.0
42.21,-2,5,20,3,1,1,-3,-3,0.0
42.215,3,-4,-21,1,3,0,1,3,0.0
42.22,1,8,1,0,-7,-2,-2,2,0.0
42.225,-9,-13,-5,6,-4,-5,-3,0,0.0
42.230000000000004,6,-1,-8,-3,-5,-2,-2,-4,0.0
42.235,0,2,3,4,4,1,3,-8,0.0
42.24,-2,-5,-7,-6,-2,-1,3,3,0.0
42.245,0,-2,8,8,5,0,-5,3,0.0
42.25,0,-9,26,5,-1,-2,5,21,0.0
42.255,-4,4,-20,3,0,-2,-8,-7,0.0
42.26,-6,-1,-30,-33,0,-1,-2,-16,0.0
42.265,-3,0,3,-3,-2,0,-1,-1,0.0
42.27,1,-4,9,3,-3,-1,-1,-8,0.0
42.275,1,-3,14,5,2,1,1,-1,0.0
42.28,3,-2,1,1,-3,-4,-2,13,0.0
42.285000000000004,0,-1,-2,3,0,4,2,1,0.0
42.29,-3,-1,-9,-2,-4,-6,-6,-5,0.0
42.295,-4,0,4,9,5,0,1,-1,0.0
42.300000000000004,-2,-4,21,10,0,2,0,1,0.0
42.305,-4,-7,-3,-9,-7,-7,-4,0,0.0
42.31,-4,-5,-36,-44,-4,-3,-3,-10,0.0
42.315,3,-5,-4,-2,0,1,-2,-14,0.0
42.32,4,1,26,12,4,5,8,6,0.0
42.325,-7,6,3,-11,4,-1,0,29,0.0
42.33,3,4,0,19,1,1,-1,-11,0.0
42.335,-2,-4,-10,-3,-1,-3,0,0,0.0
42.34,-8,-4,17,9,0,0,-6,-3,0.0
42.345,1,6,10,5,2,0,2,-11,0.0
42.35,1,9,-4,-12,-10,-5,-2,3,0.0
42.355000000000004,-4,-17,-9,6,-5,-1,1,-1,0.0
42.36,6,4,-4,19,14,4,1,-7,0.0
42.365,-8,-9,-4,-10,-3,-5,-3,8,0.0
42.37,1,10,12,7,10,3,-2,5,0.0
42.375,-6,-4,3,-5,-1,3,5,-1,0.0
42.38,-3,-4,-8,6,-9,-5,-4,-2,0.0
42.385,3,-1,17,18,1,-1,-2,-6,0.0
42.39,-5,-10,-42,-56,-23,-6,-9,-5,0.0
42.395,4,3,12,7,2,-2,1,11,0.0
42.4,2,3,-10,-12,2,0,8,-1,0.0
42.405,10,8,11,21,10,7,6,-13,0.0
42.410000000000004,-10,-6,10,32,-3,0,-1,-4,0.0
42.415,-23,-12,2,0,-3,-2,-6,14,0.0
42.42,-2,0,6,-36,-7,-6,-9,-13,0.0
42.425000000000004,-13,-18,-43,-13,-10,-7,-9,-15,0.0
42.43,8,4,7,2,1,1,4,-3,0.0
42.435,13,9,-2,0,0,3,5,11,0.0
42.44,4,5,-2,7,2,3,-1,-10,0.0
42.445,10,-3,14,11,0,-1,2,-3,0.0
42.45,-1,-2,12,16,7,0,-1,-2,0.0
42.455,-8,-13,-33,1,-6,-6,-9,-7,0.0
42.46,-12,-7,-9,-39,-4,-4,-4,5,0.0
42.465,2,1,4,-12,-6,0,-2,0,0.0
42.47,3,1,9,2,5,-1,0,4,0.0
42.475,13,15,17,11,2,3,4,6,0.0
42.480000000000004,5,-1,-12,28,-5,-1,-2,3,0.0
42.485,1,-2,-17,-29,-5,-2,3,5,0.0
42.49,-1,-1,-10,1,8,11,10,3,0.0
42.495,-15,-6,14,-12,4,-9,-16,-17,0.0
42.5,-8,-6,-34,-10,-18,-10,-15,-2,0.0
42.505,-2,4,-5,-20,-25,-10,-8,-3,0.0
42.51,2,1,37,45,16,4,57,21,0.0
42.515,30,10,-11,7,35,19,-36,-5,0.0
42.52,9,1,-8,1,11,-3,-7,-9,0.0
42.525,-44,-9,3,3,2,1,-1,-1,0.0
42.53,-18,-16,-10,-36,-14,-10,3,-5,0.0
42.535000000000004,-13,-1,-14,6,-30,-14,-25,5,0.0
42.54,12,9,14,18,3,7,65,17,0.0
42.545,13,-2,10,-21,-12,-6,-34,-10,0.0
42.550000000000004,-1,1,-15,-11,-8,-5,-19,-18,0.0
42.555,3,6,14,1,18,3,19,43,0.0
42.56,28,3,-12,7,-11,0,-1,-6,0.0
42.565,-7,2,-6,0,16,10,55,71,0.0
42.57,-15,-11,-4,11,-1,-17,-65,-57,0.0
42.575,4,0,-17,-20,-1,12,20,19,0.0
42.58,-14,-7,-3,2,-6,-12,-35,-10,0.0
42.585,7,0,12,4,-4,5,-4,29,0.0
42.59,8,3,8,-16,-4,-8,-9,-40,0.0
42.595,-2,-1,3,-1,-5,2,19,-2,0.0
42.6,-12,-1,-16,-9,0,-13,-25,-26,0.0
42.605000000000004,12,5,-4,16,2,14,23,16,0.0
42.61,-7,-1,-8,-6,4,9,9,7,0.0
42.615,-5,-4,5,-7,-11,-13,-10,-28,0.0
42.62,-6,-4,9,1,-2,-1,19,25,0.0
42.625,10,6,13,13,15,2,37,39,0.0
42.63,-7,-5,-4,4,-5,3,-38,-56,0.0
42.635,-4,0,4,-1,-1,-8,-57,-1,0.0
42.64,-6,-4,-8,-15,-2,1,-5,28,0.0
42.645,-3,-5,33,9,-9,-8,19,-11,0.0
42.65,0,2,-3,-3,-4,-1,-50,-15,0.0
42.655,2,3,18,7,3,-2,30,16,0.0
42.660000000000004,-7,-6,-9,-23,-7,-6,-5,-3,0.0
42.665,-1,0,-15,6,0,4,-26,-63,0.0
42.67,7,3,19,4,-3,-1,57,73,0.0
42.675000000000004,-2,-5,9,12,-3,11,10,-11,0.0
42.68,-9,-6,-25,-38,1,-5,-77,-28,0.0
42.685,-3,-2,-9,3,4,-7,8,-19,0.0
42.69,2,2,1,13,6,-4,6,22,0.0
42.695,-1,2,-6,-23,-29,-8,3,-9,0.0
42.7,-8,-7,-4,14,-6,3,5,-5,0.0
42.705,1,1,4,11,26,10,-8,-1,0.0
42.71,2,2,-1,-5,-2,-8,4,14,0.0
42.715,3,-2,-11,-1,9,5,30,80,0.0
42.72,-7,-3,16,5,-2,11,5,-54,0.0
42.725,-8,-6,7,0,-14,-12,-36,-22,0.0
42.730000000000004,4,1,-7,3,2,5,16,21,0.0
42.735,1,1,-1,8,-2,-6,11,9,0.0
42.74,1,-2,18,-8,-22,-5,19,30,0.0
42.745,-3,-5,-23,-4,1,-13,-26,-8,0.0
42.75,3,-1,-12,-25,0,16,20,18,0.0
42.755,-4,0,8,0,3,-7,6,-29,0.0
42.76,-5,-1,11,17,13,-1,-22,-5,0.0
42.765,2,6,16,4,5,4,11,-6,0.0
42.77,2,-3,-24,6,-21,-7,-7,15,0.0
42.775,3,1,18,7,5,3,2,-7,0.0
42.78,5,3,6,20,8,6,41,21,0.0
42.785000000000004,-9,-15,-33,-53,-10,-14,-40,-9,0.0
42.79,2,-11,-49,-13,-4,-2,8,13,0.0
42.795,-19,0,-6,-1,-3,1,-5,-5,0.0
42.800000000000004,40,15,51,11,8,3,3,-12,0.0
42.805,12,8,21,52,2,3,10,13,0.0
42.81,3,-8,14,-11,-2,-4,-15,-7,0.0
42.815,-22,-29,-99,-87,-16,-13,-18,-38,0.0
42.82,-11,3,22,17,3,2,5,40,0.0
42.825,11,15,27,32,6,12,15,18,0.0
42.83,9,-3,-19,-8,6,-2,5,1,0.0
42.835,21,20,57,50,16,13,12,9,0.0
42.84,-45,-40,-78,-53,-26,-27,-15,-11,0.0
42.845,-42,-12,10,-11,-17,-8,-14,-49,0.0
42.85,12,13,83,73,3,2,0,2,0.0
42.855000000000004,36,4,-10,-4,5,3,5,17,0.0
42.86,-50,7,22,40,16,10,7,26,0.0
42.865,8,-4,35,-4,-4,-9,-13,-41,0.0
42.87,-4,-2,-50,-35,-3,2,-2,5,0.0
42.875,-13,1,23,6,-6,-3,-6,-27,0.0
42.88,24,11,79,98,14,8,13,10,0.0
42.885,-21,-21,-125,-70,-6,-8,5,8,0.0
42.89,-19,-8,27,-37,-12,-9,-9,-3,0.0
42.895,-3,1,18,78,-3,2,-3,-21,0.0
42.9,-7,-2,-23,-39,-11,-6,-13,-17,0.0
42.905,2,16,68,41,-12,-1,6,13,0.0
42.910000000000004,14,-1,-36,-3,3,9,16,10,0.0
42.915,-13,-2,-6,-30,-6,4,0,-15,0.0
42.92,1,-2,4,60,75,16,3,-8,0.0
42.925000000000004,38,4,10,9,2,4,5,4,0.0
42.93,-21,-11,-26,-7,-16,-12,-15,9,0.0
42.935,-22,1,45,35,-18,-10,-5,-36,0.0
42.94,-1,-8,-31,-109,-36,-10,-4,-2,0.0
42.945,11,6,2,-34,-35,-4,3,13,0.0
42.95,-6,-11,-63,-32,-32,-15,-16,-6,0.0
42.955,0,-7,35,53,71,16,9,15,0.0
42.96,22,10,-13,35,32,10,12,8,0.0
42.965,-14,-2,18,62,25,7,9,16,0.0
42.97,-1,7,6,-26,-14,2,5,-4,0.0
42.975,-1,-13,-40,-106,-83,-26,-25,-36,0.0
42.980000000000004,5,-2,20,-15,-34,-7,3,16,0.0
42.985,10,1,17,17,61,25,15,-12,0.0
42.99,-15,5,51,49,43,13,36,-10,0.0
42.995,18,-2,-42,-20,9,-2,-8,15,0.0
43.0,9,4,0,16,-24,-17,-42,-25,0.0
43.005,-35,-23,-65,-72,-46,-21,-34,-21,0.0
43.01,-12,-5,41,24,3,5,7,-6,0.0
43.015,2,4,10,-3,-15,-1,13,16,0.0
43.02,13,-1,-7,-6,-13,-5,13,30,0.0
43.025,5,-1,0,17,47,22,19,23,0.0
43.03,12,3,3,22,10,-4,-12,-10,0.0
43.035000000000004,-8,6,-5,33,-15,0,-1,14,0.0
43.04,2,11,-10,-40,-15,-13,-6,-17,0.0
43.045,-1,-13,-32,6,19,-11,-5,0,0.0
43.050000000000004,-2,3,8,5,70,29,16,11,0.0
43.055,1,-8,4,-2,-12,-5,-9,-2,0.0
43.06,11,5,-16,5,-22,-2,11,15,0.0
43.065,47,26,6,-18,-40,-12,-12,-9,0.0
43.07,-62,9,1,-1,-25,-19,-10,-15,0.0
43.075,-37,-53,-76,-29,4,-14,11,17,0.0
43.08,-20,-13,-17,-23,7,8,-20,-54,0.0
43.085,6,-4,-4,9,-16,-7,4,25,0.0
43.09,54,27,14,5,-1,1,-9,4,0.0
43.095,-4,18,1,14,-12,12,6,5,0.0
43.1,8,9,88,82,31,9,21,35,0.0
43.105000000000004,22,-7,-89,-72,1,-14,-11,-8,0.0
43.11,-26,9,57,17,-13,-9,-5,-7,0.0
43.115,-76,-39,-22,-14,6,-2,-16,-32,0.0
43.12,-6,-16,-40,0,-4,12,16,9,0.0
43.125,-11,6,37,29,-3,2,-30,29,0.0
43.13,71,20,20,6,-8,2,25,48,0.0
43.135,108,50,11,-4,37,17,77,61,0.0
43.14,-105,-36,-42,-17,-6,-16,-58,15,0.0
43.145,-20,-24,-3,-18,-11,-22,-21,-12,0.0
43.15,-4,-18,-42,-28,-25,-9,11,-18,0.0
43.155,16,2,33,-7,-3,7,-15,-10,0.0
43.160000000000004,76,32,3,6,29,21,59,47,0.0
43.165,36,35,53,33,-15,6,20,19,0.0
43.17,-56,-21,4,82,1,-4,-35,-39,0.0
43.175000000000004,-74,-47,-53,-69,-21,-19,-17,-21,0.0
43.18,15,7,21,-25,2,-2,0,-7,0.0
43.185,-51,-16,4,6,-9,-1,-4,-23,0.0
43.19,74,26,25,23,12,11,1,41,0.0
43.195,-51,27,26,48,37,7,0,-5,0.0
43.2,37,-17,30,40,1,-4,-4,-2,0.0
43.205,-16,-18,-46,-84,-13,4,-2,-47,0.0
43.21,-73,-37,-9,-28,-22,-20,16,-18,0.0
43.215,22,7,10,7,-11,-11,-20,-6,0.0
43.22,4,3,-9,-41,1,5,-9,-34,0.0
43.225,33,20,37,111,9,13,27,30,0.0
43.230000000000004,5,-7,-17,-28,7,-5,13,3,0.0
43.235,4,-4,-8,-9,-9,3,-18,-12,0.0
43.24,-2,6,17,18,-6,-7,-8,-17,0.0
43.245,5,-7,-11,-36,2,3,21,19,0.0
43.25,14,-3,-10,-29,15,1,-7,7,0.0
43.255,-9,2,24,39,-13,-12,-9,3,0.0
43.26,-11,-6,-27,17,-20,5,-3,-15,0.0
43.265,-20,-2,-13,-23,-5,1,-2,-2,0.0
43.27,9,-5,7,0,-1,3,-12,4,0.0
43.275,35,10,29,3,14,-4,-3,-8,0.0
43.28,-10,2,24,22,11,1,12,8,0.0
43.285000000000004,-13,-8,-42,-19,-5,-4,1,8,0.0
43.29,6,3,23,-14,-5,3,-19,-47,0.0
43.295,24,4,11,29,5,2,9,6,0.0
43.300000000000004,-11,-2,-11,-8,-17,-1,6,-2,0.0
43.305,6,11,55,48,20,10,3,0,0.0
43.31,-8,-16,-68,-49,-18,-16,-10,19,0.0
43.315,0,-3,10,-1,4,-1,-9,90,0.0
43.32,0,-3,-12,-6,-5,-6,-2,-20,0.0
43.325,6,2,13,4,5,3,-8,26,0.0
43.33,-1,0,-13,18,2,5,9,11,0.0
43.335,5,2,13,0,-7,-16,-9,-32,0.0
43.34,2,10,-19,-31,1,6,10,18,0.0
43.345,-4,-5,13,24,4,-6,-25,-11,0.0
43.35,-4,-7,-9,4,-1,6,28,78,0.0
43.355000000000004,4,-12,-29,-35,-8,-7,-27,-100,0.0
43.36,-2,-1,3,2,-3,-10,-26,-22,0.0
43.365,-10,10,13,17,-2,-2,8,-22,0.0
43.37,5,8,23,-9,-3,-1,12,26,0.0
43.375,8,5,17,6,4,10,-20,-27,0.0
43.38,0,-9,-34,2,-4,2,52,4,0.0
43.385,-14,-16,-19,-32,5,-12,-86,-50,0.0
43.39,0,-4,-19,-37,-1,0,-13,-26,0.0
43.395,5,1,-3,20,-3,5,35,28,0.0
43.4,-1,4,6,-17,0,3,2,9,0.0
43.405,1,2,-2,12,-3,-5,20,26,0.0
43.410000000000004,-1,6,30,79,6,1,-24,-93,0.0
43.415,-1,-3,-60,-56,4,5,2,22,0.0
43.42,-4,-12,-19,-39,-13,-10,14,24,0.0
43.425000000000004,-1,0,28,-38,-4,-6,1,-57,0.0
43.43,0,9,15,16,6,-1,-43,5,0.0
43.435,4,1,-24,42,-17,-2,25,38,0.0
43.44,0,4,46,15,5,5,-7,-1,0.0
43.445,5,0,27,85,12,10,34,68,0.0
43.45,-8,-6,-18,-82,-5,-6,-17,-62,0.0
43.455,3,0,3,-58,-5,-5,1,-3,0.0
43.46,5,-1,16,-26,6,-8,-28,-15,0.0
43.465,-2,-3,-81,-1,3,2,18,5,0.0
43.47,-4,-2,21,72,-9,5,13,19,0.0
43.475,6,15,54,73,16,1,-5,-5,0.0
43.480000000000004,0,-20,-86,-62,-17,-11,9,70,0.0
43.485,7,2,28,-39,-8,-4,-19,-43,0.0
43.49,-35,-5,-29,10,3,-1,10,20,0.0
43.495,15,-1,8,15,20,2,0,26,0.0
43.5,4,11,22,28,-22,1,64,34,0.0
43.505,-6,-9,3,-16,-7,-8,-43,-55,0.0
43.51,5,3,0,-39,-6,3,4,19,0.0
43.515,-9,-3,-14,7,3,-1,2,-9,0.0
43.52,9,10,24,26,19,7,0,-18,0.0
43.525,13,3,-27,2,-6,1,40,48,0.0
43.53,-3,-3,14,-10,-7,-11,-23,-20,0.0
43.535000000000004,-24,-7,9,33,7,-2,-6,-12,0.0
43.54,-8,-9,-4,-8,-11,-9,-35,-15,0.0
43.545,10,-7,-69,-40,0,1,10,8,0.0
43.550000000000004,39,15,29,39,3,10,18,31,0.0
43.555,-33,-19,33,-34,27,-12,-11,-19,0.0
43.56,-6,13,-42,41,-25,0,-30,-27,0.0
43.565,-7,-13,35,-10,-6,-2,8,14,0.0
43.57,48,21,96,22,13,7,68,37,0.0
43.575,-54,-15,-94,-24,-15,6,-7,-7,0.0
43.58,-40,-14,56,-12,20,-11,-22,-38,0.0
43.585,9,6,-40,-4,1,-3,-4,8,0.0
43.59,-6,-13,-12,-30,-20,-4,-6,-21,0.0
43.595,21,18,26,-4,14,12,22,8,0.0
43.6,10,1,-1,12,-1,2,-25,12,0.0
43.605000000000004,-6,0,12,28,-5,2,20,12,0.0
43.61,-7,-2,-14,31,13,1,-19,-9,0.0
43.615,24,-1,-41,-45,-29,-11,27,20,0.0
43.62,5,-3,-22,-52,9,5,-6,-20,0.0
43.625,10,2,25,-10,9,5,11,-14,0.0
43.63,-10,-16,-41,-34,-28,-19,-29,21,0.0
43.635,-8,-1,-7,34,19,4,3,8,0.0
43.64,8,4,31,79,-6,7,12,18,0.0
43.645,-11,2,46,13,-14,-6,-1,31,0.0
43.65,10,8,25,46,19,10,13,-36,0.0
43.655,28,12,2,57,10,11,0,-13,0.0
43.660000000000004,-28,-37,-75,-36,-15,-10,-1,-3,0.0
43.665,-41,1,75,41,5,-6,-19,4,0.0
43.67,-14,13,-40,-9,-14,-8,26,5,0.0
43.675000000000004,14,-14,-4,-27,-20,-14,-16,50,0.0
43.68,56,25,72,14,52,26,18,-6,0.0
43.685,81,42,65,23,4,17,26,26,0.0
43.69,-16,8,-72,-15,38,4,14,13,0.0
43.695,-41,-67,72,40,-25,-9,-78,-31,0.0
43.7,-39,-19,-49,-63,-15,-8,-20,-98,0.0
43.705,-30,-37,-105,-70,-6,-23,8,-4,0.0
43.71,106,70,79,-37,75,40,1,92,0.0
43.715,59,74,-24,36,-62,-33,22,-31,0.0
43.72,-40,-9,114,30,65,0,0,48,0.0
43.725,75,-2,-36,91,38,23,-23,-75,0.0
43.730000000000004,-67,18,27,57,-73,-24,24,61,0.0
43.735,-48,-69,10,-117,114,-29,-83,-66,0.0
43.74,103,69,68,79,-128,3,29,38,0.0
43.745,-128,6,81,22,76,-6,32,-41,0.0
43.75,21,-53,-116,71,49,-3,-28,-100,0.0
43.755,12,14,127,-70,80,22,10,64,0.0
43.76,29,-21,-65,70,-65,-38,-23,72,0.0
43.765,62,8,117,-44,37,10,33,101,0.0
43.77,-23,-8,-91,2,5,-5,-2,-6,0.0
43.775,7,-8,-98,-79,-38,0,125,108,0.0
43.78,-17,1,-38,-43,127,35,-105,-70,0.0
43.785000000000004,-9,-62,-45,-90,-50,-16,-29,39,0.0
43.79,7,-12,119,61,-61,-31,83,44,0.0
43.795,2,-29,-103,27,-29,-15,-107,-81,0.0
43.800000000000004,81,67,127,11,-32,25,127,127,0.0
43.805,24,61,30,53,44,30,-42,61,0.0
43.81,-84,-61,-57,34,-53,-61,-115,-69,0.0
43.815,75,11,105,-19,76,-17,-15,-1,0.0
43.82,57,-22,47,9,63,59,56,27,0.0
43.825,-101,-38,-10,-31,-26,-52,-53,-20,0.0
43.83,127,25,-7,-52,117,13,-29,-71,0.0
43.835,100,47,1,50,-31,9,-1,-18,0.0
43.84,-21,40,36,-18,61,5,14,33,0.0
43.845,127,127,127,-2,81,92,127,44,0.0
43.85,-128,-89,-91,-97,-49,-48,-85,36,0.0
43.855000000000004,-34,-15,66,47,-13,-11,40,15,0.0
43.86,29,51,-118,9,84,-5,-18,-54,0.0
43.865,-10,-87,-57,14,-128,-28,-10,13,0.0
43.87,1,23,-44,-41,-41,13,12,48,0.0
43.875,26,43,70,45,59,33,40,16,0.0
43.88,-102,-32,-50,-47,-63,-20,3,23,0.0
43.885,22,5,-39,6,-14,-9,-12,-13,0.0
43.89,-60,-24,67,-1,15,21,5,-33,0.0
43.895,-26,-2,-53,19,-30,6,8,15,0.0
43.9,-30,-23,2,7,-20,-26,-31,-31,0.0
43.905,-25,-29,-56,-6,-8,-21,-32,-41,0.0
43.910000000000004,28,26,83,-9,10,22,73,24,0.0
43.915,-25,7,-13,7,-9,6,7,-7,0.0
43.92,-27,-23,-11,-17,-10,-25,-30,-52,0.0
43.925000000000004,-16,1,-8,20,8,-10,-44,-13,0.0
43.93,43,17,18,-2,32,24,26,58,0.0
43.935,-22,9,-5,-3,-29,-1,-18,-23,0.0
43.94,6,-24,-25,-1,-8,-19,-22,-13,0.0
43.945,-6,-9,-25,-23,1,1,59,26,0.0
43.95,-3,1,23,-2,-9,0,-106,-98,0.0
43.955,0,-5,-20,-2,-13,1,19,62,0.0
43.96,-3,-10,1,-32,3,-7,-2,-15,0.0
43.965,-17,-5,21,21,14,-12,-55,-64,0.0
43.97,15,11,13,50,14,9,25,27,0.0
43.975,-17,-2,-33,-94,-24,-5,-20,-90,0.0
43.980000000000004,7,-6,13,24,-3,-6,2,-42,0.0
43.985,-3,-3,-25,-48,-20,-4,18,7,0.0
43.99,16,2,9,-6,12,-2,-34,-17,0.0
43.995,4,7,17,54,18,16,28,26,0.0
44.0,-3,-5,16,20,-2,-7,7,18,0.0
44.005,22,-2,-43,-22,-17,-1,25,45,0.0
44.01,-26,-19,2,-38,-10,-21,-10,-28,0.0
44.015,5,1,6,12,2,22,-11,1,0.0
44.02,-13,-12,1,-10,-9,-18,-38,-18,0.0
44.025,7,3,21,41,4,8,43,43,0.0
44.03,47,16,10,-1,13,16,19,94,0.0
44.035000000000004,-66,-19,-27,-5,-19,-22,-78,-96,0.0
44.04,8,-3,-14,-1,9,7,16,35,0.0
44.045,-15,1,-4,-4,11,3,-25,-29,0.0
44.050000000000004,-16,-5,10,23,-6,-2,12,31,0.0
44.055,18,-2,-6,-30,2,-7,1,-32,0.0
44.06,2,-5,-8,-6,-23,-4,-30,-17,0.0
44.065,38,6,-6,12,7,-4,12,-3,0.0
44.07,-5,19,9,-16,-2,14,23,-10,0.0
44.075,-10,-46,28,43,-4,-2,40,3,0.0
44.08,-8,-2,-44,-47,1,-15,-92,-78,0.0
44.085,-10,-8,-17,-10,-7,-16,-10,-9,0.0
44.09,31,3,16,7,-4,3,20,-20,0.0
44.095,22,19,-21,-11,11,10,16,44,0.0
44.1,-3,0,21,0,7,8,56,67,0.0
44.105000000000004,-20,-12,-18,-3,-11,-11,-49,-105,0.0
44.11,-4,8,-23,-15,-2,-5,-18,-18,0.0
44.115,7,13,-7,-13,-2,5,45,51,0.0
44.12,-12,-11,46,42,4,-6,-21,30,0.0
44.125,-16,5,-56,-13,-8,-2,16,27,0.0
44.13,38,11,35,-4,5,1,5,-20,0.0
44.135,-50,-18,-49,-41,-17,-6,38,-19,0.0
44.14,10,0,-3,0,4,-5,-55,-44,0.0
44.145,-17,-10,8,6,2,2,-33,-34,0.0
44.15,-3,-6,2,2,2,6,23,5,0.0
44.155,34,18,-2,5,-5,-2,8,51,0.0
44.160000000000004,24,17,6,27,18,15,104,57,0.0
44.165,-41,-20,90,98,3,-4,-6,7,0.0
44.17,-26,-33,-74,-94,-31,-22,-29,-32,0.0
44.175000000000004,5,9,45,56,12,0,-23,-38,0.0
44.18,7,-1,-47,-12,-10,6,41,15,0.0
44.185,17,15,30,32,-3,10,3,19,0.0
44.19,-7,-2,9,22,1,-1,9,4,0.0
44.195,7,-1,-1,-9,-5,-4,-6,40,0.0
44.2,-17,-4,-15,-6,3,0,-31,-106,0.0
44.205,-5,3,-17,-53,2,-5,-2,16,0.0
44.21,-11,-6,-6,23,5,5,-8,9,0.0
44.215,11,7,12,-3,-11,-3,11,42,0.0
44.22,-9,-11,9,6,1,-2,-16,-39,0.0
44.225,9,1,4,-8,-2,3,82,69,0.0
44.230000000000004,0,-2,-16,-8,0,3,26,-27,0.0
44.235,7,9,17,16,14,1,-15,4,0.0
44.24,-9,-12,-61,-17,-12,-3,4,31,0.0
44.245,-18,-12,-14,-31,-22,-8,-9,-10,0.0
44.25,5,7,6,-1,25,10,24,25,0.0
44.255,-2,-4,13,25,-17,-12,-18,-16,0.0
44.26,-15,-3,12,-17,-1,-5,-5,7,0.0
44.265,9,3,3,8,1,6,-1,-17,0.0
44.27,-3,0,53,17,3,-3,-11,3,0.0
44.275,-4,-1,-66,3,-3,4,-17,-12,0.0
44.28,8,-2,-11,-30,-13,-5,3,41,0.0
44.285000000000004,3,4,24,14,15,-1,-14,-12,0.0
44.29,6,9,27,26,1,4,-8,-2,0.0
44.295,-3,-7,-13,-28,-5,-5,-7,-7,0.0
44.300000000000004,-9,-7,7,-8,-4,-3,8,25,0.0
44.305,2,-2,0,-4,3,0,-15,-11,0.0
44.31,-4,7,-6,8,-1,3,70,46,0.0
44.315,13,2,9,14,5,3,19,26,0.0
44.32,-17,0,6,1,-3,-2,-25,-81,0.0
44.325,-6,-6,19,-6,-4,-6,-28,-16,0.0
44.33,6,3,-42,6,4,4,10,3,0.0
44.335,-22,-10,52,7,-6,-3,-15,-13,0.0
44.34,20,5,-5,-14,-4,-2,3,40,0.0
44.345,7,5,-15,-8,-5,-5,12,11,0.0
44.35,-14,-2,24,-11,-5,-7,-30,-71,0.0
44.355000000000004,3,4,-25,16,2,7,-1,5,0.0
44.36,-2,-4,54,7,31,9,-4,0,0.0
44.365,2,-15,-77,-12,-1,6,-3,-3,0.0
44.37,2,-1,-3,-18,-13,-9,-12,34,0.0
44.375,-6,0,22,-17,-7,-4,-2,-49,0.0
44.38,5,10,45,21,3,-1,-65,4,0.0
44.385,-9,6,-17,6,8,2,20,7,0.0
44.39,3,-8,12,-19,-3,-8,-37,-10,0.0
44.395,-22,0,18,-7,-7,-6,-7,-10,0.0
44.4,2,-2,0,-20,-16,-3,40,43,0.0
44.405,0,1,25,13,3,1,-4,-19,0.0
44.410000000000004,-8,-12,-65,-6,-17,-7,-32,-18,0.0
44.415,27,-4,-17,-9,17,3,6,-3,0.0
44.42,-28,1,77,13,3,1,14,5,0.0
44.425000000000004,3,6,14,28,6,-2,-16,-10,0.0
44.43,7,2,33,6,5,8,38,38,0.0
44.435,-6,-14,-22,-83,-37,-15,-24,-20,0.0
44.44,0,-8,-22,-2,-16,-8,8,-25,0.0
44.445,1,-3,-10,-1,16,1,-10,-2,0.0
44.45,0,5,27,38,14,12,-1,14,0.0
44.455,3,10,40,14,8,1,6,12,0.0
44.46,5,-7,-95,-18,-30,-14,-2,-1,0.0
44.465,-3,-2,32,-8,-9,3,5,10,0.0
44.47,6,1,-19,21,13,4,-5,-21,0.0
44.475,-15,7,59,23,17,4,-3,4,0.0
44.480000000000004,0,-14,-54,-15,-5,-2,7,-9,0.0
44.485,-8,-17,-61,-28,-25,-8,-9,-14,0.0
44.49,-6,-2,9,-7,-4,1,2,-2,0.0
44.495,11,14,44,4,2,-2,1,2,0.0
44.5,13,4,-78,13,0,2,17,22,0.0
44.505,-16,-3,57,3,7,0,4,37,0.0
44.51,6,-4,-45,-18,-8,-6,-22,-19,0.0
44.515,-9,-19,-39,22,-8,-5,8,16,0.0
44.52,3,0,-49,-30,22,8,5,-25,0.0
44.525,9,8,21,-4,-4,-1,-35,6,0.0
44.53,-15,-6,52,-8,0,-5,1,-10,0.0
44.535000000000004,15,11,10,14,-12,-2,9,33,0.0
44.54,-14,-22,0,7,-17,-13,-27,-32,0.0
44.545,7,9,5,-33,14,7,14,-10,0.0
44.550000000000004,6,10,14,-10,-22,-5,10,18,0.0
44.555,-2,-4,-22,15,-16,1,-10,-15,0.0
44.56,3,4,39,28,43,11,20,11,0.0
44.565,3,8,59,26,27,11,7,-3,0.0
44.57,-5,-10,-83,-7,-10,-12,-9,-6,0.0
44.575,-17,-23,-91,-57,-26,-10,-4,-8,0.0
44.58,9,14,120,2,-33,-11,-5,6,0.0
44.585,13,-10,0,20,10,3,0,3,0.0
44.59,-3,2,16,13,16,1,-5,-2,0.0
44.595,24,18,19,0,11,5,2,0,0.0
44.6,-21,5,-8,4,-2,1,6,28,0.0
44.605000000000004,-53,-25,-45,-22,-27,-16,-18,-54,0.0
44.61,3,5,44,-12,2,3,7,3,0.0
44.615,3,-1,-38,24,18,3,-2,2,0.0
44.62,31,26,29,15,18,6,8,12,0.0
44.625,49,20,-6,1,-10,-2,12,25,0.0
44.63,-17,-27,-29,-10,-11,-7,-9,-11,0.0
44.635,-77,-15,26,-7,-1,-4,-9,-21,0.0
44.64,-9,-13,-21,-9,-2,-3,-9,-1,0.0
44.645,6,0,-26,9,-5,-3,-6,-1,0.0
44.65,12,6,5,-5,0,2,6,5,0.0
44.655,36,11,12,-8,0,-1,-2,6,0.0
44.660000000000004,0,-7,3,11,-12,-1,2,-2,0.0
44.665,27,11,-10,2,25,9,13,13,0.0
44.67,40,39,32,32,25,9,4,-2,0.0
44.675000000000004,-65,-56,-41,-26,-24,-13,-14,-15,0.0
44.68,-12,-4,-12,-24,-7,-3,-8,-15,0.0
44.685,-14,-9,4,-9,-33,-13,-5,-1,0.0
44.69,23,13,5,2,7,3,5,9,0.0
44.695,35,18,5,13,14,9,3,5,0.0
44.7,-9,-10,-25,-7,-12,-9,-1,-6,0.0
44.705,5,0,-30,-11,2,1,-6,1,0.0
44.71,-5,-8,26,6,-19,-6,-7,-4,0.0
44.715,-30,-1,2,5,7,-1,12,3,0.0
44.72,-3,-2,5,6,-3,3,0,-2,0.0
44.725,-14,-2,3,8,10,-1,3,-3,0.0
44.730000000000004,-9,-11,-17,-13,-9,-6,-8,-3,0.0
44.735,-20,-5,2,1,4,2,-5,-4,0.0
44.74,15,17,29,13,5,2,-1,1,0.0
44.745,-12,-16,-61,-13,-13,-13,-4,-8,0.0
44.75,-12,-8,-5,-21,-2,-3,0,1,0.0
44.755,73,21,24,22,-1,0,3,12,0.0
44.76,9,23,19,-2,11,8,11,5,0.0
44.765,-96,-50,8,-8,-15,-6,-14,-32,0.0
44.77,-35,-13,-21,-4,-6,-6,-6,-4,0.0
44.775,9,4,-32,-6,10,3,6,2,0.0
44.78,12,-12,30,-5,-2,-1,-4,1,0.0
44.785000000000004,32,26,35,2,5,4,3,8,0.0
44.79,-2,7,84,8,-5,-1,6,2,0.0
44.795,5,-21,-80,-8,-4,-7,-7,-5,0.0
44.800000000000004,0,15,21,6,5,2,1,1,0.0
44.805,15,8,-39,0,3,7,6,9,0.0
44.81,-1,1,75,29,-1,-5,-8,-7,0.0
44.815,23,27,-65,-33,-7,-5,-9,-9,0.0
44.82,-58,-55,-47,12,0,-7,-5,-4,0.0
44.825,3,4,110,-36,-5,-2,-4,-1,0.0
44.83,10,5,16,15,5,12,12,8,0.0
44.835,10,20,16,-16,11,12,11,9,0.0
44.84,3,-3,63,77,-5,-16,-16,-12,0.0
44.845,3,9,11,-27,-13,-9,-10,-12,0.0
44.85,0,-3,-105,-3,-3,-2,2,19,0.0
44.855000000000004,-2,-23,-43,-14,6,5,3,1,0.0
44.86,5,5,20,-13,3,7,4,-4,0.0
44.865,3,0,65,52,5,-1,2,-3,0.0
44.87,12,14,40,-20,-10,-2,-4,19,0.0
44.875,1,10,16,-15,8,11,2,16,0.0
44.88,-10,-55,-96,-11,-20,-23,-2,-11,0.0
44.885,-3,-2,-52,-24,2,9,-4,-13,0.0
44.89,2,8,68,-5,-10,-2,-8,-18,0.0
44.895,1,-6,-26,15,7,-2,31,26,0.0
44.9,14,41,-44,42,18,14,9,6,0.0
44.905,-18,-20,91,-57,20,-21,-32,-20,0.0
44.910000000000004,8,11,110,31,-23,4,-14,7,0.0
44.915,-18,2,74,37,-20,-13,-10,-35,0.0
44.92,21,50,-46,16,48,27,0,-16,0.0
44.925000000000004,19,-10,-23,89,-43,-19,24,25,0.0
44.93,-19,-76,-93,-63,23,5,36,48,0.0
44.935,15,46,127,44,7,23,4,5,0.0
44.94,3,-22,-55,-95,-32,-4,15,7,0.0
44.945,-4,36,96,72,114,44,22,-16,0.0
44.95,-14,-22,-57,3,-102,-46,-29,-35,0.0
44.955,0,6,66,-66,-35,-10,-15,-11,0.0
44.96,-12,-43,48,6,-9,-24,-28,-6,0.0
44.965,36,20,-33,9,-16,-10,-14,26,0.0
44.97,33,46,41,38,71,39,36,9,0.0
44.975,-72,-67,-20,119,0,-7,11,-26,0.0
44.980000000000004,34,19,-38,-67,1,-6,88,79,0.0
44.985,19,-5,-56,18,-21,-3,-87,-19,0.0
44.99,30,0,-77,-89,-21,-15,-21,-20,0.0
44.995,-88,-43,-36,-63,-30,-23,-58,-109,0.0
45.0,6,-4,73,47,8,11,0,5,0.0
45.005,7,-10,-50,27,8,17,117,65,0.0
45.01,18,11,2,39,35,13,-29,30,0.0
45.015,11,0,-41,-47,-24,-30,-65,-67,0.0
45.02,2,31,99,-42,-31,26,69,32,0.0
45.025,-10,28,65,-17,-27,-20,23,25,0.0
45.03,-8,13,93,52,22,-3,-31,-37,0.0
45.035000000000004,21,-32,-114,-117,27,15,46,51,0.0
45.04,-65,-39,-1,55,87,-1,-106,-58,0.0
45.045,17,10,-13,64,-108,-3,19,26,0.0
45.050000000000004,-31,-2,72,2,-9,-18,15,-22,0.0
45.055,65,40,127,-1,30,7,-3,53,0.0
45.06,61,37,106,-5,1,0,51,27,0.0
45.065,-47,-3,69,-29,31,6,-83,-3,0.0
45.07,-94,-65,-108,-66,-10,-12,85,86,0.0
45.075,-28,-7,62,-16,-26,-38,-66,-74,0.0
45.08,-30,-10,57,16,0,11,-82,-113,0.0
45.085,28,-16,3,-39,3,-8,23,47,0.0
45.09,50,24,-20,82,14,31,94,58,0.0
45.095,36,32,-48,127,33,27,29,54,0.0
45.1,22,-13,-90,-117,-76,-45,-26,48,0.0
45.105000000000004,-9,-19,-49,33,1,-5,3,47,0.0
45.11,-56,-29,-89,-108,45,-29,-55,-101,0.0
45.115,14,-7,-106,87,-55,28,84,121,0.0
45.12,25,62,-31,49,-17,0,-20,19,0.0
45.125,2,-10,-62,-3,21,11,39,0,0.0
45.13,4,-9,-18,-15,-15,-2,-17,0,0.0
45.135,72,22,7,-18,32,-12,-14,-11,0.0
45.14,-45,-42,-24,-11,-4,-3,-18,-62,0.0
45.145,-32,6,29,-19,-10,0,-5,-44,0.0
45.15,-25,-49,-62,-33,-6,-2,-59,-12,0.0
45.155,39,4,37,25,12,7,22,33,0.0
45.160000000000004,22,2,14,-19,1,15,21,-58,0.0
45.165,127,31,-52,-69,14,7,-7,51,0.0
45.17,-36,18,34,97,-17,-21,-72,-19,0.0
45.175000000000004,-60,-83,-3,-107,-12,-19,16,-18,0.0
45.18,-7,-11,55,83,2,0,51,58,0.0
45.185,1,-15,14,-76,15,0,-25,-49,0.0
45.19,56,26,46,45,-22,10,60,-6,0.0
45.195,-4,21,37,58,-48,-1,-5,1,0.0
45.2,-4,5,33,5,15,-2,-21,52,0.0
45.205,1,-5,21,-1,-8,3,81,43,0.0
45.21,4,17,42,-29,2,-4,-78,43,0.0
45.215,-39,-7,-8,-53,49,-11,-4,1,0.0
45.22,-6,-4,38,48,-52,-3,1,-29,0.0
45.225,-49,8,-29,34,16,4,30,13,0.0
45.230000000000004,5,-25,-1,-13,-16,4,50,100,0.0
45.235,4,4,11,11,14,-6,-46,-26,0.0
45.24,42,23,24,-19,19,6,24,73,0.0
45.245,5,7,18,-27,12,-7,-92,-117,0.0
45.25,-82,-51,-84,10,-4,-10,4,-23,0.0
45.255,21,16,21,-18,24,15,10,18,0.0
45.26,-20,-7,-60,9,-23,-6,29,-25,0.0
45.265,-8,-12,7,-16,-30,-8,-11,-8,0.0
45.27,43,30,-47,-2,11,10,-31,-20,0.0
45.275,7,15,28,20,7,9,71,66,0.0
45.28,-26,-10,30,7,7,-10,-93,-58,0.0
45.285000000000004,-8,-11,-17,-62,26,-2,5,25,0.0
45.29,7,6,34,18,-61,-3,14,-9,0.0
45.295,-18,-4,-11,1,24,5,14,18,0.0
45.300000000000004,26,15,11,28,-25,8,11,24,0.0
45.305,-16,-6,21,26,9,2,27,-4,0.0
45.31,5,10,-67,-7,15,-2,-73,-22,0.0
45.315,-6,-8,36,-11,-3,-7,-25,-41,0.0
45.32,-5,-11,-34,-38,16,-5,-3,21,0.0
45.325,-26,-12,-28,24,-19,-7,-5,-22,0.0
45.33,23,12,55,-23,53,11,65,40,0.0
45.335,-5,14,-12,26,-65,-4,-27,-59,0.0
45.34,-15,-17,-35,-36,8,-4,49,13,0.0
45.345,5,0,27,26,-5,-4,-52,-31,0.0
45.35,22,23,90,58,19,18,41,9,0.0
45.355000000000004,-18,-13,-28,-48,0,-8,-39,-17,0.0
45.36,-22,-17,-33,-48,-11,-13,19,12,0.0
45.365,-6,-7,16,19,-9,0,5,0,0.0
45.37,19,10,24,5,10,1,6,1,0.0
45.375,17,13,11,58,-14,12,85,87,0.0
45.38,-12,4,55,79,20,6,-31,-81,0.0
45.385,20,12,17,-3,24,10,-3,19,0.0
45.39,-16,-18,82,-13,-39,-25,-56,-37,0.0
45.395,-2,-26,-49,-110,-22,-16,14,11,0.0
45.4,-5,-7,3,-25,18,-5,1,18,0.0
45.405,5,12,26,74,-24,4,6,4,0.0
45.410000000000004,2,6,-6,6,28,17,42,24,0.0
45.415,31,17,16,28,-19,0,-13,15,0.0
45.42,32,-1,-20,34,17,-3,44,37,0.0
45.425000000000004,-78,-23,33,9,2,-6,-32,-53,0.0
45.43,-8,-20,-71,-86,-4,-14,5,-14,0.0
45.435,-32,0,-74,3,24,0,-25,43,0.0
45.44,21,5,-44,16,-39,3,4,29,0.0
45.445,36,12,-10,19,44,0,38,61,0.0
45.45,107,61,100,88,-19,33,41,34,0.0
45.455,51,73,127,63,20,38,27,-42,0.0
45.46,-87,-95,-83,-5,4,-43,-34,-28,0.0
45.465,61,31,65,-25,-2,8,7,42,0.0
45.47,51,-50,-110,-121,53,-8,3,-62,0.0
45.475,1,68,75,92,-69,-3,-12,1,0.0
45.480000000000004,-79,-49,9,-6,-90,-46,-32,42,0.0
45.485,-53,-20,72,91,103,15,-12,-41,0.0
45.49,-28,-32,-88,-78,-24,14,1,-52,0.0
45.495,-36,3,-32,42,-27,1,65,47,0.0
45.5,112,48,48,-88,76,25,-68,35,0.0
45.505,-120,-85,-128,60,-104,-77,-53,-90,0.0
45.51,-36,56,56,55,6,-12,-28,-44,0.0
45.515,47,10,40,33,72,-3,-73,13,0.0
45.52,120,57,115,-36,114,64,45,-3,0.0
45.525,127,74,62,49,-30,68,88,74,0.0
45.53,-95,-73,-33,-2,-85,-46,-56,-65,0.0
45.535000000000004,-128,-128,-75,-128,73,-48,-99,-85,0.0
45.54,-59,-17,-27,-50,-16,-36,-16,-10,0.0
45.545,73,57,110,-81,71,47,49,37,0.0
45.550000000000004,54,47,-15,54,-24,1,68,58,0.0
45.555,3,18,-11,78,8,11,-40,-41,0.0
45.56,-9,14,-95,70,-26,0,16,-19,0.0
45.565,8,-17,30,-13,-26,3,6,1,0.0
45.57,76,11,-59,-15,5,31,57,111,0.0
45.575,-64,-77,-37,-12,-82,-47,-14,-66,0.0
45.58,23,12,73,29,-18,-8,-18,-31,0.0
45.585,-5,-45,-79,-52,3,-32,-24,-58,0.0
45.59,78,42,48,37,25,4,21,57,0.0
45.595,75,39,65,-38,72,39,66,44,0.0
45.6,-44,-14,-49,-38,-20,2,5,-24,0.0
45.605000000000004,-39,-19,-50,26,-73,-24,-24,5,0.0
45.61,-11,6,55,5,38,-1,-20,-10,0.0
45.615,11,12,-34,-41,-12,3,19,12,0.0
45.62,-19,2,9,35,-23,-7,-2,4,0.0
45.625,-14,3,-30,-38,-2,-8,-13,-15,0.0
45.63,-32,-11,28,25,10,11,-9,-24,0.0
45.635,4,-5,-8,-6,-7,-9,-14,27,0.0
45.64,22,17,22,-2,6,13,67,28,0.0
45.645,-10,-4,-1,24,4,-8,-87,-69,0.0
45.65,-43,-22,-33,-61,-8,-19,-41,-41,0.0
45.655,16,2,16,11,-10,1,13,26,0.0
45.660000000000004,10,11,-16,-39,15,12,20,28,0.0
45.665,-21,-3,-27,-22,-9,-5,21,28,0.0
45.67,-22,-3,56,88,-2,-10,7,15,0.0
45.675000000000004,31,26,60,43,18,12,-21,-22,0.0
45.68,13,-4,-50,27,3,5,65,37,0.0
45.685,-28,-20,-63,-121,-10,-17,-54,-91,0.0
45.69,-21,-4,39,84,4,-2,-23,-18,0.0
45.695,28,4,12,-5,-6,4,40,15,0.0
45.7,0,3,39,54,-1,-2,-6,-1,0.0
45.705,0,1,-27,-5,4,0,52,99,0.0
45.71,-5,-3,1,-24,9,6,-40,-21,0.0
45.715,1,-1,-11,-15,-7,-6,2,-4,0.0
45.72,13,1,6,-4,-4,-2,-19,-19,0.0
45.725,-7,4,-2,10,0,0,65,53,0.0
45.730000000000004,-33,-18,-1,-25,2,-4,-22,0,0.0
45.735,-1,-6,-22,5,-27,-1,-8,-18,0.0
45.74,9,-1,-5,-19,2,5,-24,1,0.0
45.745,18,6,8,6,-2,-6,32,10,0.0
45.75,-8,-11,2,3,6,2,82,-27,0.0
45.755,-6,-6,-14,-27,7,-6,-68,-98,0.0
45.76,3,3,-2,4,0,-1,0,48,0.0
45.765,18,7,1,-16,11,4,-2,2,0.0
45.77,28,8,9,18,-23,-9,12,2,0.0
45.775,-50,-29,-18,-3,-6,-4,7,8,0.0
45.78,4,5,23,-4,0,4,-9,-11,0.0
45.785000000000004,-7,-5,-8,38,6,0,-19,-13,0.0
45.79,22,5,-10,-42,0,-3,-28,-2,0.0
45.795,81,29,-9,-6,6,7,38,54,0.0
45.800000000000004,-109,-26,-22,-3,-6,-8,-26,-39,0.0
45.805,3,-9,-13,-2,-4,2,-4,0,0.0
45.81,3,7,11,0,1,0,-4,13,0.0
45.815,7,-9,-4,-11,0,1,25,-2,0.0
45.82,25,12,10,2,6,4,-4,7,0.0
45.825,-1,-2,8,-3,-8,-3,13,-6,0.0
45.83,-17,-2,-4,2,-5,-2,-29,8,0.0
45.835,-16,8,-13,-17,0,0,-79,-35,0.0
45.84,41,6,23,24,2,0,3,25,0.0
45.845,-25,-7,-4,1,-6,-3,10,31,0.0
45.85,2,-4,-1,-1,-1,-3,-1,-6,0.0
45.855000000000004,5,-4,1,-2,4,1,37,25,0.0
45.86,-8,-3,-11,-16,-5,-2,-10,-24,0.0
45.865,4,-2,9,12,-2,-2,-28,16,0.0
45.87,0,2,7,2,5,4,28,-11,0.0
45.875,-1,1,4,-2,2,-2,8,19,0.0
45.88,-12,-3,7,0,-2,-7,-6,-35,0.0
45.885,1,-1,2,6,-7,1,4,6,0.0
45.89,-18,-8,-13,-22,-3,-1,-6,4,0.0
45.895,-11,-6,4,3,-9,-3,17,10,0.0
45.9,21,5,12,8,-2,-3,-8,-9,0.0
45.905,9,0,7,-5,4,-3,-4,-10,0.0
45.910000000000004,-13,-8,-14,-6,3,0,-10,-11,0.0
45.915,8,-3,11,7,-2,-2,52,23,0.0
45.92,6,-3,-24,-11,1,2,0,-2,0.0
45.925000000000004,-5,2,-2,-7,0,-5,-13,-8,0.0
45.93,-2,-1,3,-4,4,1,-4,-7,0.0
45.935,2,6,-1,20,7,6,23,25,0.0
45.94,28,13,1,11,-19,-5,1,3,0.0
45.945,-45,-28,-4,8,-2,-1,-5,-17,0.0
45.95,-6,0,-8,-18,0,-8,-6,-7,0.0
45.955,-18,0,6,-11,3,-3,-15,-6,0.0
45.96,6,-5,-22,-5,4,1,3,4,0.0
45.965,-16,14,-8,0,3,3,-13,-15,0.0
45.97,-4,-3,8,9,0,3,9,13,0.0
45.975,2,-6,13,13,27,0,-12,-6,0.0
45.980000000000004,-2,-1,8,16,-22,-2,0,2,0.0
45.985,4,1,-27,-52,-38,-11,4,5,0.0
45.99,7,-5,-12,-2,4,0,-1,2,0.0
45.995,2,5,-2,-6,-4,4,-3,-2,0.0
46.0,-2,-2,10,5,27,6,2,-4,0.0
46.005,21,7,13,12,9,0,0,1,0.0
46.01,13,7,-4,-4,-16,-8,-8,-1,0.0
46.015,-20,-22,-12,-9,2,-1,-12,-10,0.0
46.02,-5,-3,5,-7,0,2,5,3,0.0
46.025,4,0,-4,4,-2,6,-3,-5,0.0
46.03,15,7,5,2,0,-5,2,6,0.0
46.035000000000004,-1,-3,-1,5,-7,-3,1,2,0.0
46.04,-8,-4,-2,-7,-6,-2,-4,-3,0.0
46.045,6,-5,-1,-2,-8,-13,-9,-1,0.0
46.050000000000004,0,0,0,4,7,15,3,2,0.0
46.055,-8,4,4,5,-5,4,4,-1,0.0
46.06,-4,-9,-4,-11,1,3,-2,-4,0.0
46.065,3,1,3,-6,9,-5,-2,0,0.0
46.07,-8,-6,-1,16,-17,-11,-6,-1,0.0
46.075,1,4,8,-10,-4,-9,-8,-3,0.0
46.08,2,2,-15,-6,0,0,1,0,0.0
46.085,-6,-5,-3,6,3,4,3,-1,0.0
46.09,-1,-4,-3,-10,0,-3,-2,0,0.0
46.095,21,2,-6,-4,-7,1,1,4,0.0
46.1,-30,0,53,25,3,-4,-1,-5,0.0
46.105000000000004,-8,-17,-44,-16,-4,-3,-2,-4,0.0
46.11,-3,-13,-43,-18,-8,-3,-4,-1,0.0
46.115,15,8,-4,-2,-1,-10,-7,2,0.0
46.12,-1,-4,-1,-11,0,7,4,-2,0.0
46.125,-14,7,35,14,6,4,2,-2,0.0
46.13,2,1,17,12,7,4,5,4,0.0
46.135,11,2,-19,-9,-4,-4,-1,-1,0.0
46.14,-7,3,6,1,-6,-9,-5,-3,0.0
46.145,-2,3,6,8,4,11,6,-2,0.0
46.15,2,-2,8,-1,0,-3,-3,8,0.0
46.155,-6,-8,-10,-11,-8,-1,-6,-9,0.0
46.160000000000004,4,-7,-19,6,-3,-1,-3,0,0.0
46.165,-8,3,13,14,5,-3,3,11,0.0
46.17,-2,0,4,-5,2,-6,-3,-30,0.0
46.175000000000004,-12,-5,-17,14,-3,11,23,55,0.0
46.18,23,7,-2,-7,-8,-10,-26,-86,0.0
46.185,19,6,10,18,0,-1,-16,33,0.0
46.19,3,8,8,-34,2,7,14,15,0.0
46.195,-42,-36,-1,64,8,0,55,23,0.0
46.2,-14,-21,-40,-60,-12,-16,-90,-79,0.0
46.205,34,15,21,17,0,-3,9,-3,0.0
46.21,-14,4,-23,-37,-5,1,12,10,0.0
46.215,-31,-14,49,40,4,2,23,58,0.0
46.22,1,-3,-46,-34,-10,-2,25,27,0.0
46.225,6,-1,15,-7,10,4,-25,-75,0.0
46.230000000000004,38,10,52,71,10,8,33,58,0.0
46.235,5,5,-86,-92,-16,-4,2,77,0.0
46.24,-28,-12,21,42,-9,-22,-74,-38,0.0
46.245,41,12,-7,-26,4,6,44,69,0.0
46.25,18,4,-19,4,-14,-15,-65,-112,0.0
46.255,-59,-9,48,41,16,1,-8,12,0.0
46.26,56,-8,-54,-36,-17,10,47,79,0.0
46.265,-63,-15,15,30,-3,-9,11,47,0.0
46.27,52,-8,7,-7,6,-4,-70,-51,0.0
46.275,22,27,7,-36,49,7,-6,-41,0.0
46.28,65,40,97,-1,63,43,59,86,0.0
46.285000000000004,2,26,-26,42,-73,-18,-1,-14,0.0
46.29,-98,-57,-62,-10,-84,-46,-19,-13,0.0
46.295,11,-51,29,-59,-26,-43,-89,-128,0.0
46.300000000000004,71,78,44,78,62,35,39,92,0.0
46.305,21,51,30,-103,127,36,27,-13,0.0
46.31,-97,-60,-43,84,-20,-13,-2,-49,0.0
46.315,85,15,-68,0,-67,45,-10,-46,0.0
46.32,87,9,96,27,-105,-55,54,74,0.0
46.325,1,-97,-128,-74,63,-38,-80,-11,0.0
46.33,85,83,40,96,3,17,86,54,0.0
46.335,-11,9,60,-103,65,12,-13,-48,0.0
46.34,86,61,53,14,105,53,17,-47,0.0
46.345,-37,101,58,76,-117,15,68,94,0.0
46.35,-107,-116,-23,-65,109,-42,-59,-89,0.0
46.355000000000004,26,-50,49,127,-27,-59,-79,-48,0.0
46.36,31,-15,-91,-111,-9,3,41,-49,0.0
46.365,42,35,98,-45,77,14,31,-3,0.0
46.37,-15,36,76,41,18,22,16,103,0.0
46.375,-78,35,-47,127,-97,9,22,16,0.0
46.38,-128,-116,49,-63,-20,-34,-93,-57,0.0
46.385,124,28,15,-15,-10,19,5,17,0.0
46.39,54,127,105,-4,2,59,73,84,0.0
46.395,-73,-64,0,-34,33,-45,-71,-70,0.0
46.4,24,-20,-53,18,57,-11,5,6,0.0
46.405,12,-44,-96,19,-125,-16,-6,-59,0.0
46.410000000000004,74,38,51,-47,84,-9,-16,25,0.0
46.415,53,22,51,-8,72,21,50,47,0.0
46.42,-56,-4,-72,9,27,9,19,72,0.0
46.425000000000004,-12,-42,43,8,12,-5,-23,-23,0.0
46.43,-56,-34,-64,-37,-38,-14,-32,-17,0.0
46.435,1,34,-25,-21,-17,-7,12,-10,0.0
46.44,-45,-7,14,17,-7,1,6,-8,0.0
46.445,-23,0,3,-6,13,0,-11,-16,0.0
46.45,18,-11,-39,-13,-51,8,18,14,0.0
46.455,20,16,20,7,23,11,30,26,0.0
46.46,-25,20,14,9,-29,-10,-10,-10,0.0
46.465,-20,-27,-12,17,-7,-4,-16,-12,0.0
46.47,14,-9,20,13,-5,-3,-5,-35,0.0
46.475,27,13,-2,-35,4,1,19,32,0.0
46.480000000000004,-23,-6,-13,-13,-15,1,10,-24,0.0
46.485,-31,-14,1,47,-2,-10,-1,-6,0.0
46.49,8,-16,-25,-30,-3,-8,-36,-14,0.0
46.495,27,25,16,10,7,9,6,26,0.0
46.5,-12,-3,-19,26,-27,3,43,32,0.0
46.505,-21,-14,-14,-77,6,-11,-5,12,0.0
46.51,25,5,20,-1,3,6,21,-14,0.0
46.515,16,4,-2,-1,-9,-2,20,23,0.0
46.52,-21,0,36,60,6,-4,-53,-55,0.0
46.525,-12,-10,-25,-18,2,-5,-20,26,0.0
46.53,9,-5,-20,-25,-8,0,-15,5,0.0
46.535000000000004,-2,3,-12,-24,-11,4,19,-16,0.0
46.54,-2,-1,3,32,-3,3,29,11,0.0
46.545,-7,3,17,8,10,-3,3,-23,0.0
46.550000000000004,1,0,-2,5,2,5,12,3,0.0
46.555,16,3,6,10,15,8,8,32,0.0
46.56,-9,13,14,-5,-9,3,-14,-5,0.0
46.565,-57,-19,3,19,-3,-5,-22,-37,0.0
46.57,9,-2,12,-4,-5,-7,10,30,0.0
46.575,9,-1,-11,-10,0,2,-5,-3,0.0
46.58,6,-3,-10,-5,-9,-12,-16,-20,0.0
46.585,23,6,12,6,-5,1,9,2,0.0
46.59,-23,-8,-17,-10,2,1,9,-6,0.0
46.595,-23,1,3,5,1,2,-9,-11,0.0
46.6,-7,-6,8,11,-9,-5,-11,3,0.0
46.605000000000004,8,3,9,8,5,-1,0,-11,0.0
46.61,10,1,10,9,6,-8,4,8,0.0
46.615,15,3,3,5,14,21,0,-3,0.0
46.62,-8,-5,-9,4,-24,-7,1,11,0.0
46.625,18,2,11,10,7,2,44,22,0.0
46.63,17,8,11,-7,-3,-5,-95,-49,0.0
46.635,-27,-20,0,1,5,-12,2,0,0.0
46.64,-1,-4,-36,-27,3,-4,17,36,0.0
46.645,13,-1,-2,6,-1,0,-23,-86,0.0
46.65,13,10,2,-2,2,6,34,28,0.0
46.655,-33,-8,8,-8,-14,-6,-4,-5,0.0
46.660000000000004,19,-4,0,-3,-2,0,-30,1,0.0
46.665,-19,-9,-9,8,-3,-3,-3,34,0.0
46.67,9,1,-17,-10,2,7,22,15,0.0
46.675000000000004,18,11,2,2,-5,-6,-3,7,0.0
46.68,-7,1,-3,-9,2,-2,-31,-17,0.0
46.685,5,3,21,7,-2,-3,21,19,0.0
46.69,8,1,-4,3,2,0,6,37,0.0
46.695,-4,5,18,5,0,5,-14,4,0.0
46.7,13,-1,6,5,7,-2,12,16,0.0
46.705,-21,-15,-64,-50,-10,-2,-10,11,0.0
46.71,-10,-5,8,4,-5,-4,-4,1,0.0
46.715,16,0,-10,-13,-12,-6,27,30,0.0
46.72,-9,6,16,-1,6,4,2,-15,0.0
46.725,55,21,26,25,7,7,-9,-2,0.0
46.730000000000004,-5,1,-6,4,0,2,23,3,0.0
46.735,-74,-54,-30,-26,-6,-10,-23,-36,0.0
46.74,1,8,22,12,2,-1,57,6,0.0
46.745,-4,-6,6,0,0,-2,-28,-15,0.0
46.75,36,6,-3,-13,-6,2,9,0,0.0
46.755,43,19,5,24,-2,-1,0,2,0.0
46.76,-9,-9,-20,-16,1,-4,-4,-11,0.0
46.765,-49,-17,-9,-4,-6,-4,4,3,0.0
46.77,-27,-8,-26,7,-6,-4,-5,-15,0.0
46.775,19,10,-3,-17,2,4,11,12,0.0
46.78,20,-1,3,0,8,-3,-22,-55,0.0
46.785000000000004,-8,6,10,-5,12,-1,-7,0,0.0
46.79,-11,-2,12,27,-44,-7,-7,-10,0.0
46.795,64,27,0,-5,-4,5,8,21,0.0
46.800000000000004,-1,14,18,-3,74,23,34,34,0.0
46.805,-44,14,12,29,-28,-6,-44,-46,0.0
46.81,-90,-9,5,17,-4,-17,-20,-16,0.0
46.815,19,-39,38,-24,97,12,-21,-44,0.0
46.82,22,33,-54,1,-128,0,21,36,0.0
46.825,-32,-16,81,-75,88,-25,-14,44,0.0
46.83,-7,-28,-79,41,-79,0,12,-16,0.0
46.835,82,76,40,60,33,15,19,72,0.0
46.84,-4,-67,-52,-20,37,-10,14,-8,0.0
46.845,115,20,81,-89,100,42,-21,39,0.0
46.85,-86,-84,-79,98,-65,-61,-32,-98,0.0
46.855000000000004,85,56,66,-89,94,-3,-25,31,0.0
46.86,58,46,61,69,13,38,57,26,0.0
46.865,106,4,-128,19,39,5,32,36,0.0
46.87,-47,-10,83,59,-52,19,39,11,0.0
46.875,27,-82,21,-56,24,-74,-115,-124,0.0
46.88,78,48,-72,15,-67,-9,-9,-60,0.0
46.885,119,52,75,-59,71,57,67,67,0.0
46.89,-18,95,110,19,-21,13,16,-24,0.0
46.895,-115,-101,-123,59,-56,-38,-23,-11,0.0
46.9,-10,-12,127,-84,10,-22,-56,-42,0.0
46.905,86,86,93,34,41,41,77,87,0.0
46.910000000000004,-11,-84,-36,-113,127,27,30,-13,0.0
46.915,-34,27,-94,28,-128,-18,4,-40,0.0
46.92,-6,-27,4,-33,37,-11,-31,65,0.0
46.925000000000004,22,-14,-29,8,-42,-14,-4,-44,0.0
46.93,33,24,22,28,38,4,-36,3,0.0
46.935,12,39,29,58,-15,23,38,12,0.0
46.94,-59,-31,-48,-24,13,-16,-35,-34,0.0
46.945,-2,-1,-9,35,-112,0,36,-3,0.0
46.95,16,5,-4,-57,5,-4,-22,0,0.0
46.955,-28,-8,-16,-18,22,11,10,22,0.0
46.96,-20,8,17,5,-14,14,4,4,0.0
46.965,-91,-23,-4,86,-41,-37,-31,-32,0.0
46.97,36,2,-51,-59,16,-14,-13,13,0.0
46.975,-25,-8,-6,-26,8,16,22,-12,0.0
46.980000000000004,-3,1,26,-18,24,4,5,60,0.0
46.985,-96,-42,-51,16,-29,-23,-37,-73,0.0
46.99,45,20,2,-40,29,2,-2,31,0.0
46.995,11,17,25,9,-22,13,27,21,0.0
47.0,-13,-4,-11,11,-1,-13,-8,-5,0.0
47.005,-35,-25,-24,4,-14,-19,-23,-15,0.0
47.01,49,20,25,10,-1,4,57,36,0.0
47.015,-3,10,14,-21,20,24,-13,-10,0.0
47.02,-19,-7,13,4,11,-8,-16,-20,0.0
47.025,-30,-22,-33,46,-13,-18,-26,-30,0.0
47.03,36,18,28,-56,6,6,19,33,0.0
47.035000000000004,-4,2,-17,-9,-16,-1,14,30,0.0
47.04,-18,-11,-21,5,18,-4,-6,-64,0.0
47.045,-6,-2,6,32,1,-5,-13,-12,0.0
47.050000000000004,22,9,7,15,22,13,-6,41,0.0
47.055,-6,5,24,24,-4,1,0,-31,0.0
47.06,-3,-5,-10,-7,-22,-14,-13,2,0.0
47.065,-11,-8,-8,-40,-17,-9,1,1,0.0
47.07,14,4,6,12,13,5,-5,14,0.0
47.075,-6,1,3,-17,5,2,6,24,0.0
47.08,8,3,-2,16,10,5,27,66,0.0
47.085,-7,-7,-7,-4,-6,0,-2,-13,0.0
47.09,-2,-3,-3,-23,1,-9,-38,-33,0.0
47.095,10,3,13,13,-1,9,28,0,0.0
47.1,-20,-7,-2,-1,-8,-12,-49,-39,0.0
47.105000000000004,3,2,-6,-11,2,4,98,80,0.0
47.11,-6,-3,0,3,-7,-9,-61,-46,0.0
47.115,-6,-1,9,-14,-5,-10,-61,-33,0.0
47.12,8,5,-5,16,4,11,51,42,0.0
47.125,4,-4,-25,-28,-1,-7,-21,-61,0.0
47.13,-11,-12,0,0,6,2,18,-15,0.0
47.135,4,6,-13,-9,-4,4,26,10,0.0
47.14,-20,0,-2,-21,-3,-10,-13,-11,0.0
47.145,8,-4,17,23,-4,0,-6,-33,0.0
47.15,34,10,-2,5,7,6,32,54,0.0
47.155,0,-3,-2,-15,-2,0,90,127,0.0
47.160000000000004,-49,-5,3,43,2,0,-100,-102,0.0
47.165,-18,4,16,-29,-8,-8,20,80,0.0
47.17,9,2,-21,-35,-7,-5,26,70,0.0
47.175000000000004,8,-6,-14,-37,-10,-4,-3,-10,0.0
47.18,34,16,53,27,11,12,56,52,0.0
47.185,-8,-12,-11,11,5,5,3,-1,0.0
47.19,-22,-8,-2,8,-4,-17,-95,-107,0.0
47.195,-4,9,-1,-3,2,2,17,29,0.0
47.2,2,-2,-24,30,2,-2,-8,-7,0.0
47.205,-6,-22,-52,-89,-15,-12,-18,-15,0.0
47.21,22,13,14,62,2,9,105,113,0.0
47.215,-14,-1,-3,-29,0,-6,-59,-61,0.0
47.22,8,-9,-27,-23,-5,-6,-26,1,0.0
47.225,43,15,29,20,6,9,1,91,0.0
47.230000000000004,-65,4,-4,-12,8,11,88,51,0.0
47.235,5,-19,16,9,5,-1,-34,-19,0.0
47.24,-16,2,10,43,3,2,105,98,0.0
47.245,18,-9,-9,3,12,-4,-50,-51,0.0
47.25,59,30,-13,-48,-36,-8,-14,9,0.0
47.255,-75,-38,12,32,-5,-7,-2,-14,0.0
47.26,20,10,-10,-16,0,3,30,20,0.0
47.265,-27,-5,11,30,-25,-2,8,-7,0.0
47.27,20,-7,5,20,20,0,-80,-38,0.0
47.275,15,21,-6,-19,29,2,-1,-1,0.0
47.28,-49,-17,-34,-28,-8,-3,-8,7,0.0
47.285000000000004,13,-3,19,8,-18,-9,-25,-9,0.0
47.29,7,-3,16,-3,-12,-3,-19,-62,0.0
47.295,10,20,12,0,61,22,35,40,0.0
47.300000000000004,7,-15,-23,-16,-52,-19,-27,-16,0.0
47.305,6,31,8,-5,-2,-13,-4,1,0.0
47.31,-26,21,27,-6,50,17,28,30,0.0
47.315,24,-7,16,2,-51,-20,0,-18,0.0
47.32,45,-57,15,-28,32,3,-39,-67,0.0
47.325,16,-25,-10,12,-9,-3,0,-4,0.0
47.33,17,37,-7,32,16,11,24,40,0.0
47.335,110,-20,59,-56,100,31,-6,9,0.0
47.34,34,49,98,39,5,25,18,-19,0.0
47.345,-116,-69,-108,-65,-73,-53,14,-32,0.0
47.35,56,-24,78,-23,75,8,-29,-18,0.0
47.355000000000004,55,46,-52,18,82,23,50,59,0.0
47.36,123,-1,-105,-10,-59,-6,-9,33,0.0
47.365,-28,-11,68,-8,-46,-21,-15,-48,0.0
47.37,-12,-115,-85,-111,51,-39,-82,-84,0.0
47.375,55,79,72,-51,-6,81,23,74,0.0
47.38,-98,-65,-5,18,-59,-52,12,-48,0.0
47.385,-50,-60,-12,-4,33,-43,-84,0,0.0
47.39,70,79,57,119,32,0,-16,47,0.0
47.395,86,21,-64,-63,26,-15,43,41,0.0
47.4,127,126,62,-13,78,60,49,110,0.0
47.405,122,74,-14,40,5,62,-14,-37,0.0
47.410000000000004,-116,-60,56,18,3,-43,-41,15,0.0
47.415,30,-79,-63,8,-70,-25,-32,-40,0.0
47.42,56,42,90,87,-91,-48,-42,-56,0.0
47.425000000000004,82,10,-51,4,115,23,32,25,0.0
47.43,127,119,120,-42,49,52,78,65,0.0
47.435,-123,3,57,51,-123,-24,32,47,0.0
47.44,-42,-126,-128,-57,18,-58,-94,-71,0.0
47.445,-62,87,109,4,106,26,14,-21,0.0
47.45,76,-29,-69,11,39,24,37,12,0.0
47.455,-106,13,73,1,52,15,28,-35,0.0
47.46,64,17,13,-26,87,24,5,70,0.0
47.465,-82,-59,78,16,-57,-28,-36,8,0.0
47.47,18,7,31,-51,-12,6,66,8,0.0
47.475,118,38,6,40,16,-13,-79,-53,0.0
47.480000000000004,-108,-47,-26,-51,107,36,11,-24,0.0
47.485,78,-11,-27,46,-42,-28,-20,21,0.0
47.49,-30,1,-99,51,-47,-4,2,-3,0.0
47.495,51,-21,43,28,3,-20,-23,-51,0.0
47.5,15,64,19,-14,41,21,11,9,0.0
47.505,-49,0,-28,-31,-5,33,41,29,0.0
47.51,-50,-39,-38,7,-73,-18,-13,-40,0.0
47.515,-29,18,-25,21,-14,-25,-28,-28,0.0
47.52,-27,-12,-20,-8,-31,1,22,27,0.0
47.525,14,8,5,20,3,12,33,-8,0.0
47.53,-4,10,15,27,-32,-11,-35,-58,0.0
47.535000000000004,-42,-25,-59,-3,-6,-12,10,46,0.0
47.54,-41,-5,38,-9,-17,3,1,-40,0.0
47.545,50,9,11,-4,13,0,-7,-7,0.0
47.550000000000004,-18,8,-9,-7,-2,1,-7,7,0.0
47.555,-22,-20,-16,-18,-24,-16,-5,13,0.0
47.56,-20,-4,7,19,5,1,17,1,0.0
47.565,27,28,18,17,17,3,-8,-3,0.0
47.57,2,-13,-24,-25,-30,-12,5,16,0.0
47.575,-13,-15,-12,28,-6,-2,80,54,0.0
47.58,0,17,30,-16,-9,-14,-107,-96,0.0
47.585,8,3,-8,33,9,11,27,38,0.0
47.59,-18,-12,-35,-80,-11,1,73,57,0.0
47.595,9,-5,5,-12,-6,-9,-37,-60,0.0
47.6,-11,9,6,-11,-10,-9,-33,35,0.0
47.605000000000004,15,3,1,-11,10,6,16,67,0.0
47.61,-11,-10,12,33,-4,-2,-37,-6,0.0
47.615,6,4,-4,15,-2,1,3,12,0.0
47.62,-4,0,8,-1,7,-2,0,59,0.0
47.625,22,3,-7,-4,-6,15,59,74,0.0
47.63,-23,-2,16,8,-17,-23,-93,-71,0.0
47.635,-11,-8,-26,15,4,-5,61,65,0.0
47.64,-5,-11,-35,-26,-16,-7,26,-1,0.0
47.645,11,2,-1,-11,-6,0,52,49,0.0
47.65,10,9,12,-6,2,5,34,94,0.0
47.655,-31,-23,-24,22,6,-2,-121,-126,0.0
47.660000000000004,14,6,0,9,-9,1,48,57,0.0
47.665,11,8,7,7,21,-3,-35,-35,0.0
47.67,-2,4,-8,-12,-10,5,20,13,0.0
47.675000000000004,-13,-2,20,17,-16,-8,-20,-21,0.0
47.68,-3,-1,5,-10,6,6,22,13,0.0
47.685,13,0,-49,-38,-5,-3,40,-25,0.0
47.69,-18,-7,8,19,7,-3,-61,-54,0.0
47.695,-13,-3,6,-9,5,-6,15,18,0.0
47.7,5,0,-5,-9,-13,-5,1,-23,0.0
47.705,2,-3,9,1,-8,1,-7,-10,0.0
47.71,7,1,16,7,-1,4,21,-10,0.0
47.715,12,9,2,-21,4,0,-8,3,0.0
47.72,3,1,7,34,12,9,43,57,0.0
47.725,-47,-13,-4,6,-3,-17,-57,-74,0.0
47.730000000000004,30,14,18,16,-1,17,97,78,0.0
47.735,-33,-31,-69,-40,-7,-13,-81,-58,0.0
47.74,9,12,24,1,-1,1,34,24,0.0
47.745,-9,2,40,-6,-3,-2,-31,15,0.0
47.75,5,5,16,28,5,9,20,24,0.0
47.755,15,5,-6,47,-1,2,48,10,0.0
47.76,-41,-15,-24,-82,-18,-17,-8,-62,0.0
47.765,17,17,27,59,19,6,-2,25,0.0
47.77,15,2,48,22,-5,7,-27,-23,0.0
47.775,6,-5,9,-13,11,-9,-15,4,0.0
47.78,15,-3,-35,4,-33,-11,-16,5,0.0
47.785000000000004,6,-25,-94,-106,1,-5,51,-4,0.0
47.79,-21,3,87,74,-22,4,26,33,0.0
47.795,-1,0,-62,-46,-18,-1,-85,-32,0.0
47.800000000000004,0,11,57,36,38,6,-83,-66,0.0
47.805,62,18,68,91,5,7,71,-45,0.0
47.81,-99,-56,-97,-128,0,-19,5,46,0.0
47.815,0,2,93,40,-9,-10,-61,-62,0.0
47.82,46,-5,-44,36,19,3,9,60,0.0
47.825,37,54,110,27,6,5,-7,82,0.0
47.83,51,-6,-92,-22,-43,-11,42,42,0.0
47.835,3,35,123,45,32,11,82,80,0.0
47.84,-8,-44,-80,-6,-3,4,8,31,0.0
47.845,-33,-9,46,-29,96,4,-105,-59,0.0
47.85,-13,-8,-109,46,-69,-28,10,13,0.0
47.855000000000004,104,11,1,-19,36,21,87,22,0.0
47.86,-90,-22,96,-55,103,-2,-71,-98,0.0
47.865,-7,-6,-12,63,21,-13,10,10,0.0
47.870000000000005,58,93,-68,-119,17,33,4,-6,0.0
47.875,-93,-97,-88,87,-117,-59,-35,-61,0.0
47.88,88,96,98,101,59,29,31,72,0.0
47.885,-20,15,-51,33,-73,-28,8,-11,0.0
47.89,-92,-14,114,101,113,-35,-128,-128,0.0
47.895,94,-24,-64,-9,31,29,105,127,0.0
47.9,79,42,-49,-81,82,16,-19,-80,0.0
47.905,-25,3,71,50,-93,16,5,33,0.0
47.910000000000004,-49,-73,-23,127,-73,-24,-24,43,0.0
47.915,54,26,10,15,-12,-2,53,21,0.0
47.92,-57,52,-53,84,-80,-13,3,-4,0.0
47.925000000000004,104,-22,98,12,77,34,26,-20,0.0
47.93,105,27,75,-79,1,31,0,-32,0.0
47.935,-71,-39,-20,-54,55,2,-11,85,0.0
47.94,-40,-48,101,46,-128,-53,-17,-46,0.0
47.945,-90,11,-128,32,-101,-28,-31,7,0.0
47.95,64,49,127,60,73,12,55,-22,0.0
47.955,-50,82,-10,-19,81,36,-2,-6,0.0
47.96,-55,-73,-29,-64,16,13,24,-9,0.0
47.965,1,6,27,-33,-39,-14,-26,2,0.0
47.97,97,0,-19,6,95,2,34,29,0.0
47.975,-45,-15,-50,-99,-89,-24,-64,-54,0.0
47.980000000000004,41,-4,32,-7,-13,-2,26,48,0.0
47.985,-16,-29,45,-52,53,5,-6,-4,0.0
47.99,9,6,52,-38,0,4,1,13,0.0
47.995000000000005,63,27,48,-16,22,17,13,10,0.0
48.0,-92,-21,-20,2,-28,-1,-2,28,0.0
48.005,32,-25,-35,-28,-5,-3,-15,-21,0.0
48.01,-10,29,-33,-18,40,12,6,9,0.0
48.015,-97,-25,30,60,-24,-11,-18,-13,0.0
48.02,67,20,42,34,-3,7,29,26,0.0
48.025,19,6,-53,-61,3,-18,-28,-23,0.0
48.03,-52,-14,-37,18,-30,-9,-9,-9,0.0
48.035000000000004,3,-7,17,11,8,-6,-39,-26,0.0
48.04,44,11,2,-7,21,5,19,42,0.0
48.045,-12,9,-9,-1,12,13,12,-2,0.0
48.050000000000004,-61,-44,-33,-6,-19,-12,-25,-11,0.0
48.055,36,11,23,15,17,0,14,39,0.0
48.06,17,20,12,-16,23,4,12,14,0.0
48.065,-24,-17,-32,16,-36,-10,-32,14,0.0
48.07,2,-9,-4,28,-11,3,9,-22,0.0
48.075,42,39,91,-15,-25,11,19,23,0.0
48.08,-13,-16,-30,36,3,-7,35,8,0.0
48.085,-19,-24,-81,-25,19,-6,-73,-81,0.0
48.09,5,0,16,-10,-9,-5,-23,1,0.0
48.095,1,7,13,-25,10,-2,7,0,0.0
48.1,-19,-13,-7,5,-9,0,-1,-24,0.0
48.105000000000004,34,9,34,6,23,6,96,22,0.0
48.11,-14,-1,-6,-9,-13,1,-11,-38,0.0
48.115,-8,-12,-33,12,-7,-8,-13,-7,0.0
48.120000000000005,15,5,15,5,-1,-2,39,51,0.0
48.125,20,9,-15,-19,16,8,-44,4,0.0
48.13,-50,-18,-7,-17,-19,-10,-32,-22,0.0
48.135,14,-2,-4,28,1,-8,14,27,0.0
48.14,22,8,8,10,6,3,11,53,0.0
48.145,-14,4,27,-2,9,-3,17,3,0.0
48.15,12,-14,-71,-84,-17,16,96,53,0.0
48.155,-11,1,10,-24,0,-7,-80,-23,0.0
48.160000000000004,3,-2,-12,-9,7,2,-38,-10,0.0
48.165,17,11,18,33,8,7,108,123,0.0
48.17,-8,-1,42,43,-7,-17,-124,-53,0.0
48.175000000000004,20,-2,-67,-14,27,22,127,117,0.0
48.18,-3,-1,-8,-36,-5,0,-110,-114,0.0
48.185,-19,-16,-18,23,-7,-4,-10,-22,0.0
48.19,13,-7,-13,-32,-14,-14,-46,57,0.0
48.195,-9,6,8,-3,-9,-8,-10,-22,0.0
48.2,-25,-14,-14,10,-7,-10,-1,-34,0.0
48.205,7,-4,5,-40,-2,3,3,4,0.0
48.21,-1,0,6,15,2,5,45,55,0.0
48.215,-4,-2,-4,26,2,-1,-37,-37,0.0
48.22,-21,2,-2,-12,4,5,120,96,0.0
48.225,-3,-15,15,-11,-4,-13,-61,-67,0.0
48.230000000000004,-2,8,-67,-41,3,4,36,0,0.0
48.235,26,-3,27,21,-12,-6,-2,-9,0.0
48.24,6,18,41,2,-1,1,71,88,0.0
48.245000000000005,-13,-3,-45,-48,1,-6,-88,-38,0.0
48.25,0,-18,-10,5,-14,-10,-15,45,0.0
48.255,2,12,24,26,7,3,29,13,0.0
48.26,10,-11,-37,-20,-5,-4,-33,59,0.0
48.265,18,9,16,43,-7,-1,0,-48,0.0
48.27,16,10,18,4,9,4,-22,-10,0.0
48.275,-32,-14,0,15,12,0,13,-5,0.0
48.28,8,-12,-20,-55,-25,-13,-32,-31,0.0
48.285000000000004,-18,-1,9,22,16,6,60,38,0.0
48.29,-3,-1,0,-17,-2,1,-7,-30,0.0
48.295,-5,17,39,20,9,3,8,-2,0.0
48.300000000000004,-5,-13,-24,15,-25,-10,-32,-49,0.0
48.305,-11,-4,-7,-5,-13,-6,2,2,0.0
48.31,7,0,19,17,-6,1,14,-28,0.0
48.315,8,-9,-36,-1,12,0,-21,-13,0.0
48.32,24,-1,-14,0,7,-6,-25,-37,0.0
48.325,-21,1,30,-7,-1,0,2,22,0.0
48.33,9,5,11,35,7,4,24,24,0.0
48.335,-6,-8,6,-3,-5,-5,-38,-26,0.0
48.34,-6,-1,-15,-10,-1,-3,7,-7,0.0
48.345,10,5,6,-2,3,3,0,64,0.0
48.35,2,9,-7,-22,-7,1,81,33,0.0
48.355000000000004,-20,-17,-24,-13,-15,-10,-56,-52,0.0
48.36,5,7,18,14,16,2,18,24,0.0
48.365,-10,-1,7,-11,5,-1,-21,-28,0.0
48.370000000000005,-20,-17,-67,-63,-13,-6,-2,14,0.0
48.375,5,10,33,-5,5,0,6,17,0.0
48.38,0,1,-32,34,-17,-7,-12,-19,0.0
48.385,4,0,13,5,3,5,34,15,0.0
48.39,1,2,-7,32,3,1,-25,-23,0.0
48.395,0,-1,32,9,1,2,11,-4,0.0
48.4,-11,-6,6,-42,1,-10,-31,-28,0.0
48.405,1,-4,-26,32,-9,-2,9,14,0.0
48.410000000000004,-6,-2,24,-23,-8,-8,-20,-31,0.0
48.415,4,5,29,-1,-2,0,-5,-3,0.0
48.42,2,8,-24,35,15,17,30,61,0.0
48.425000000000004,-4,-5,-30,-25,-1,-8,-27,-94,0.0
48.43,7,1,40,36,13,1,0,19,0.0
48.435,0,1,-32,-43,-6,-4,-6,-3,0.0
48.44,0,-3,12,-12,5,3,3,-1,0.0
48.445,-9,-7,-9,-10,-7,0,21,28,0.0
48.45,7,0,5,20,0,-7,-101,-46,0.0
48.455,-5,-7,-24,-18,-5,-4,7,0,0.0
48.46,4,4,19,9,1,3,4,-6,0.0
48.465,17,5,19,-10,11,1,3,23,0.0
48.47,-6,1,-3,31,-2,7,25,-3,0.0
48.475,-21,-6,-2,-1,-7,-5,-10,8,0.0
48.480000000000004,-12,-3,5,17,-16,-9,-24,-26,0.0
48.485,-1,4,18,12,7,3,3,21,0.0
48.49,16,-9,-39,-18,-4,0,32,20,0.0
48.495000000000005,9,6,-30,-40,-1,-3,-49,4,0.0
48.5,-4,0,58,61,25,16,15,54,0.0
48.505,-13,-2,-43,-6,-18,-15,-72,-62,0.0
48.51,3,-6,46,-24,-8,-10,6,18,0.0
48.515,-4,1,-10,40,0,3,14,40,0.0
48.52,11,10,-9,-14,-2,0,21,1,0.0
48.525,-4,1,-10,40,0,3,14,40,0.0
48.53,11,10,-9,-14,-2,0,21,1,0.0
48.535000000000004,-6,-8,6,-3,-5,-5,-38,-26,0.0
48.54,-6,-1,-15,-10,-1,-3,7,-7,0.0
48.545,10,5,6,-2,3,3,0,64,0.0
48.550000000000004,2,9,-7,-22,-7,1,81,33,0.0
48.555,-14,-17,-93,-81,-26,-13,61,26,0.0
48.56,36,10,53,3,2,1,-28,29,0.0
48.565,-57,-5,-12,-14,0,9,11,27,0.0
48.57,-64,-19,32,110,4,-6,42,-22,0.0
48.575,15,6,-23,-2,-3,-3,-5,-51,0.0
48.58,-3,-9,10,1,13,-5,-16,-34,0.0
48.585,20,-5,-58,-34,-31,-2,19,51,0.0
48.59,6,10,20,-2,4,8,18,-34,0.0
48.595,2,-2,62,41,8,4,-7,6,0.0
48.6,-17,-14,-74,-27,-9,-11,-6,-18,0.0
48.605000000000004,1,0,10,-18,16,4,-7,-21,0.0
48.61,16,10,6,8,-3,-4,-52,15,0.0
48.615,-8,-5,12,9,-11,-7,-18,-44,0.0
48.620000000000005,-1,2,-17,-45,1,4,7,-5,0.0
48.625,6,1,15,-4,3,0,11,16,0.0
48.63,-5,-6,-16,-5,-11,-4,6,-9,0.0
48.635,4,3,21,20,-4,5,7,31,0.0
48.64,-5,4,3,-6,-3,-7,-4,-12,0.0
48.645,-17,-12,-25,-11,0,-2,30,22,0.0
48.65,-13,-3,-16,-24,2,-7,-82,-83,0.0
48.655,10,2,8,9,3,-1,-5,46,0.0
48.660000000000004,14,-1,-1,17,9,8,28,35,0.0
48.665,-11,0,42,-24,22,0,-8,-12,0.0
48.67,-13,-29,-52,28,-59,-13,20,18,0.0
48.675000000000004,-10,-2,10,17,5,1,62,-1,0.0
48.68,-8,-11,-8,-47,-16,-13,-57,-41,0.0
48.685,19,9,25,13,14,4,2,28,0.0
48.69,10,16,34,-14,34,5,23,-1,0.0
48.695,32,18,77,3,71,24,24,11,0.0
48.7,9,-21,-47,25,-96,-15,21,-2,0.0
48.705,-59,-12,61,-21,38,-13,-23,-18,0.0
48.71,1,-14,-20,6,-48,-15,6,43,0.0
48.715,14,11,-8,2,44,11,-22,-21,0.0
48.72,-54,2,57,-1,-3,-17,-16,-26,0.0
48.725,26,1,19,44,-6,3,-9,-14,0.0
48.730000000000004,45,23,3,-39,88,25,32,3,0.0
48.735,101,50,-36,-27,-21,13,21,1,0.0
48.74,-56,0,-26,78,-84,-10,14,103,0.0
48.745000000000005,-58,-82,-124,-47,-66,-57,-90,-100,0.0
48.75,41,5,3,20,18,-8,-1,-22,0.0
48.755,43,24,82,33,37,18,13,14,0.0
48.76,127,47,-46,-29,127,53,15,74,0.0
48.765,18,14,88,-12,-57,10,42,46,0.0
48.77,-107,-60,-104,-45,-89,-51,-55,-58,0.0
48.775,-16,9,-3,-1,-42,-20,-30,-35,0.0
48.78,1,16,110,2,10,14,22,-31,0.0
48.785000000000004,47,-7,-90,38,39,-1,-12,51,0.0
48.79,-1,-18,46,-85,-15,-23,-4,113,0.0
48.795,-6,9,67,-92,86,18,37,-23,0.0
48.800000000000004,69,10,-102,43,45,60,50,-2,0.0
48.805,-45,-44,11,66,-63,-54,-40,27,0.0
48.81,80,104,47,36,124,21,9,-71,0.0
48.815,-49,-113,4,41,-78,-31,-19,11,0.0
48.82,91,92,-38,-108,104,11,-3,10,0.0
48.825,23,27,59,33,-51,50,97,97,0.0
48.83,-100,-59,-96,77,-60,-27,-41,-57,0.0
48.835,-15,0,80,119,43,1,-35,-45,0.0
48.84,15,2,54,34,-67,-16,-5,-46,0.0
48.845,48,24,-46,-99,105,25,37,-2,0.0
48.85,-40,-14,9,-4,-97,8,42,47,0.0
48.855000000000004,-92,-16,-90,-44,-58,-44,-96,-84,0.0
48.86,-7,-30,95,105,14,-12,1,62,0.0
48.865,13,31,27,15,31,-5,-37,-19,0.0
48.870000000000005,66,10,-21,3,28,29,27,34,0.0
48.875,28,18,-121,-59,-44,-6,14,21,0.0
48.88,-18,-6,54,-56,61,-11,-3,-32,0.0
48.885,4,-1,18,-14,-42,-7,-2,21,0.0
48.89,38,35,112,114,29,31,17,-34,0.0
48.895,8,-30,-108,-19,-40,-17,0,31,0.0
48.9,11,-6,24,-14,-4,-23,-21,-32,0.0
48.905,-11,20,24,20,55,23,16,-14,0.0
48.910000000000004,-68,-64,-43,-67,-85,-21,-20,-63,0.0
48.915,57,33,67,42,-8,-2,10,39,0.0
48.92,-33,-29,-25,-29,-6,-3,-7,-21,0.0
48.925000000000004,51,10,-54,-6,2,4,-1,-28,0.0
48.93,21,27,57,-11,48,8,14,50,0.0
48.935,-38,-13,-35,-40,19,8,48,25,0.0
48.94,-24,-16,-9,16,-53,-17,-52,-74,0.0
48.945,26,10,25,-4,1,4,6,-5,0.0
48.95,4,4,-2,4,32,0,2,16,0.0
48.955,-2,-2,-21,-12,-10,3,11,17,0.0
48.96,-38,-23,-26,4,-17,-4,14,22,0.0
48.965,-14,2,-10,-9,3,1,-34,-75,0.0
48.97,15,7,37,23,21,6,12,16,0.0
48.975,-2,-10,-38,-60,-6,1,71,53,0.0
48.980000000000004,-31,-10,7,3,-9,-13,-65,-100,0.0
48.985,-12,-5,5,-19,6,-3,2,8,0.0
48.99,29,8,-12,-8,6,4,9,14,0.0
48.995000000000005,2,-2,22,37,5,4,-14,-23,0.0
49.0,-31,-18,-30,-46,-13,-6,11,28,0.0
49.005,16,3,-4,27,-8,-4,8,6,0.0
49.01,12,5,10,7,18,3,1,-12,0.0
49.015,-9,-7,-21,-2,-1,2,-21,16,0.0
49.02,-20,-10,0,7,-9,-1,-2,-12,0.0
49.025,-2,-4,-14,-27,-3,-4,-14,-8,0.0
49.03,14,3,-2,-5,10,8,17,25,0.0
49.035000000000004,-9,1,27,13,9,2,-29,-21,0.0
49.04,-5,-3,-11,13,-15,-4,2,18,0.0
49.045,5,-1,-6,-20,-8,-7,10,3,0.0
49.050000000000004,-2,-1,2,15,2,0,0,3,0.0
49.055,1,-1,15,18,-1,-4,-14,3,0.0
49.06,-7,-5,-14,3,2,0,8,3,0.0
49.065,-3,-2,0,-3,-4,2,-2,6,0.0
49.07,4,3,5,-21,2,-1,2,0,0.0
49.075,-4,-6,-9,12,0,0,-20,-11,0.0
49.08,-3,-1,-3,-8,-8,-11,9,18,0.0
49.085,-5,-2,1,0,5,2,-6,-4,0.0
49.09,3,-1,-9,-8,3,6,1,-1,0.0
49.095,0,-4,0,7,1,-2,0,0,0.0
49.1,0,-1,0,1,0,1,5,8,0.0
49.105000000000004,-3,4,3,4,-4,-5,3,3,0.0
49.11,3,-7,3,-9,-2,-3,-6,-6,0.0
49.115,-11,-8,-17,5,-3,-1,-7,-2,0.0
49.120000000000005,-4,-3,-1,-8,-1,4,1,5,0.0
49.125,2,1,-14,0,1,-8,-3,-2,0.0
49.13,4,2,5,-10,1,-2,2,4,0.0
49.135,-1,9,29,0,1,1,-7,-4,0.0
49.14,4,-6,-25,-4,-4,-5,1,-2,0.0
49.145,8,2,18,11,1,0,-3,3,0.0
49.15,-22,-8,-23,-11,-5,-2,2,0,0.0
49.155,-10,0,1,-4,-1,-9,-2,0,0.0
49.160000000000004,-2,0,5,4,-4,18,6,13,0.0
49.165,-5,-3,-2,-10,0,-12,-9,-40,0.0
49.17,4,0,0,0,-3,-5,-5,0,0.0
49.175000000000004,3,1,-11,-6,-1,-3,-7,-3,0.0
49.18,-1,0,-1,0,-2,-2,1,6,0.0
49.185,0,-1,-28,-7,-1,-1,-1,8,0.0
49.19,-2,-2,0,-14,1,-4,-4,-6,0.0
49.195,10,0,5,2,-4,-1,0,-4,0.0
49.2,-4,1,-1,-4,1,-12,-5,0,0.0
49.205,0,1,20,11,-3,8,24,13,0.0
49.21,1,-2,-21,5,2,0,28,6,0.0
49.215,-3,-5,-7,-17,-7,-5,-14,4,0.0
49.22,0,1,12,5,1,-1,1,41,0.0
49.225,6,1,5,9,1,4,-10,5,0.0
49.230000000000004,-11,0,-11,-9,1,0,6,17,0.0
49.235,-2,2,20,20,8,8,4,-10,0.0
49.24,-1,-5,2,14,-1,-6,4,9,0.0
49.245000000000005,-8,-9,-21,-21,-6,-4,2,2,0.0
49.25,14,7,7,6,-6,-1,-15,-5,0.0
49.255,35,7,-1,7,4,0,3,20,0.0
49.26,-28,2,5,9,5,2,-7,-21,0.0
49.265,-19,-12,-11,-25,-11,-2,-6,2,0.0
49.27,5,0,-8,1,-2,-2,-5,-10,0.0
49.275,15,0,5,23,-3,-3,-5,-4,0.0
49.28,-31,-4,-5,-11,-1,-6,-1,-7,0.0
49.285000000000004,-10,-8,-1,-3,5,-7,-5,-15,0.0
49.29,0,-3,0,-10,-9,0,-2,3,0.0
49.295,-9,0,-7,-1,2,0,2,-1,0.0
49.300000000000004,23,5,0,14,-8,-2,1,-9,0.0
49.305,-2,-1,-5,3,-1,5,-4,6,0.0
49.31,0,0,14,11,7,-2,-2,-4,0.0
49.315,3,3,-1,-3,7,1,4,5,0.0
49.32,-4,-7,-3,-14,-6,1,-5,-11,0.0
49.325,-1,1,5,13,2,1,-4,-2,0.0
49.33,10,-2,4,-11,-4,-2,0,3,0.0
49.335,-3,0,-4,-7,-5,-3,1,-7,0.0
49.34,2,-2,-17,-16,-4,-2,0,-2,0.0
49.345,-12,-1,17,14,-1,4,-1,-2,0.0
49.35,-3,-3,-1,8,-1,-6,-11,-7,0.0
49.355000000000004,-16,-10,-37,-15,-7,-4,-5,0,0.0
49.36,10,5,19,10,7,3,9,2,0.0
49.365,24,6,-7,-6,12,3,1,15,0.0
49.370000000000005,4,6,35,19,-5,-1,-4,-8,0.0
49.375,12,16,14,-12,-26,-2,2,-2,0.0
49.38,-23,-16,-8,14,0,-1,-6,-12,0.0
49.385,-26,-22,-22,24,-4,-5,27,8,0.0
49.39,-14,-2,-20,-45,14,-3,-12,-11,0.0
49.395,12,10,11,17,9,4,7,3,0.0
49.4,64,23,9,-18,68,19,6,4,0.0
49.405,40,41,80,50,-39,5,28,17,0.0
49.410000000000004,-83,-50,-76,-27,-17,-22,-15,25,0.0
49.415,23,9,67,15,43,3,-17,-25,0.0
49.42,-71,-13,-79,-1,-43,-16,7,-3,0.0
49.425000000000004,4,-21,-6,-28,33,-4,-13,-46,0.0
49.43,24,4,-75,-3,37,12,-71,-45,0.0
49.435,82,20,35,-5,-14,-1,21,37,0.0
49.44,-8,45,103,102,-16,20,28,43,0.0
49.445,-10,-51,-87,-109,-70,-33,-36,16,0.0
49.45,70,7,80,55,5,-3,16,9,0.0
49.455,-96,20,-33,4,45,23,42,28,0.0
49.46,-10,-59,66,-91,37,-29,-75,-54,0.0
49.465,101,120,106,109,30,30,32,5,0.0
49.47,-95,-58,24,-10,-8,-5,12,-19,0.0
49.475,-61,-26,67,-18,113,-7,0,18,0.0
49.480000000000004,79,33,-25,-78,64,4,-25,-40,0.0
49.485,-122,-44,-25,52,-89,-9,6,19,0.0
49.49,127,10,-83,27,-17,-38,-39,32,0.0
49.495000000000005,-65,-66,-42,24,18,-1,-21,-102,0.0
49.5,28,-41,97,13,23,19,21,13,0.0
49.505,114,22,-14,-91,127,68,59,49,0.0
49.51,64,65,84,95,-80,-3,43,-7,0.0
49.515,-54,-10,-10,-35,-24,-60,-50,89,0.0
49.52,-63,-53,-58,-13,0,-24,-18,-48,0.0
49.525,37,39,94,-29,72,17,-41,1,0.0
49.53,-49,21,47,21,5,44,78,61,0.0
49.535000000000004,72,-40,33,-59,-57,-34,-69,-35,0.0
49.54,7,60,23,-4,-17,17,22,5,0.0
49.545,-22,-36,-64,-39,-11,-42,-28,-29,0.0
49.550000000000004,16,15,13,-65,54,6,-16,6,0.0
49.555,-20,1,-8,15,-29,12,12,-50,0.0
49.56,64,11,-24,44,26,12,29,65,0.0
49.565,23,-23,-34,-17,-84,-15,-4,-16,0.0
49.57,-53,-62,-73,-1,-1,-1,-2,13,0.0
49.575,-4,0,-69,-51,-7,10,10,-23,0.0
49.58,41,20,-4,39,-42,-2,23,41,0.0
49.585,-16,-13,-1,10,-7,-10,-15,-16,0.0
49.59,-18,-1,19,-36,16,-2,28,-18,0.0
49.595,51,29,-1,47,-4,16,-48,-3,0.0
49.6,-25,-1,-15,-9,-18,-14,-11,-14,0.0
49.605000000000004,-32,-9,10,31,-3,-6,1,-16,0.0
49.61,3,2,-30,-56,12,3,-2,-8,0.0
49.615,1,8,15,4,-16,-4,7,-3,0.0
49.620000000000005,-15,-12,-14,10,-22,-2,16,62,0.0
49.625,-26,-13,-4,-8,30,-2,-75,-65,0.0
49.63,12,15,32,6,2,3,13,3,0.0
49.635,2,-2,-22,2,-12,3,23,9,0.0
49.64,-18,-13,-4,-30,-5,-13,-20,7,0.0
49.645,17,8,-21,-17,-3,5,116,113,0.0
49.65,-25,-6,-3,-20,-4,-22,-114,-95,0.0
49.655,6,7,-9,2,-4,4,45,65,0.0
49.660000000000004,2,10,39,12,-2,2,-48,53,0.0
49.665,-17,-10,-3,-28,-8,-2,-7,-44,0.0
49.67,1,0,-5,72,29,13,23,2,0.0
49.675000000000004,6,-1,-6,2,24,5,19,4,0.0
49.68,0,-4,-36,12,-10,5,26,-16,0.0
49.685,-15,0,14,1,-14,-11,-17,-24,0.0
49.69,-8,1,5,1,-13,-5,-6,14,0.0
49.695,20,8,21,36,4,14,63,69,0.0
49.7,-2,6,22,7,6,-3,35,-57,0.0
49.705,-27,-15,-20,2,-8,-7,-15,-42,0.0
49.71,-14,-4,-18,-44,-4,-7,-46,-17,0.0
49.715,-11,5,42,33,2,10,17,-49,0.0
49.72,2,-11,-75,-50,-10,-7,5,28,0.0
49.725,-5,4,-9,0,5,-2,10,22,0.0
49.730000000000004,6,-3,32,-40,-2,5,-25,10,0.0
49.735,6,8,-1,-5,-8,-1,-6,-6,0.0
49.74,-3,1,8,16,4,-3,-29,-22,0.0
49.745000000000005,-3,-2,-10,20,3,-3,-1,10,0.0
49.75,9,5,3,-2,1,3,41,22,0.0
49.755,-7,-5,-10,-10,-5,-8,-24,-8,0.0
49.76,-4,-4,8,-19,-8,-1,7,-17,0.0
49.765,3,1,14,21,3,0,12,28,0.0
49.77,10,10,27,3,0,-2,18,7,0.0
49.775,26,3,-2,4,-1,-4,-29,-19,0.0
49.78,-24,-22,-18,-4,0,0,6,-21,0.0
49.785000000000004,-20,1,15,2,-5,-5,-18,-3,0.0
49.79,8,-1,-6,7,4,4,4,-2,0.0
49.795,2,-9,-15,-16,-1,1,-1,-7,0.0
49.800000000000004,10,3,2,16,-10,-6,-3,-2,0.0
49.805,6,4,-4,-5,1,-2,-11,3,0.0
49.81,2,6,8,-9,1,-3,16,5,0.0
49.815,-25,-9,14,10,-6,0,22,27,0.0
49.82,-3,-5,-32,-33,2,-4,-71,-40,0.0
49.825,0,-3,1,25,2,-7,7,19,0.0
49.83,-11,-6,-34,-4,-6,-2,29,15,0.0
49.835,10,-2,4,-4,-6,-12,-20,-19,0.0
49.84,-5,0,0,9,0,2,8,11,0.0
49.845,7,2,3,1,5,3,-5,-8,0.0
49.85,0,-5,-4,6,1,-1,-11,-12,0.0
49.855000000000004,0,1,-34,-28,-11,-2,4,12,0.0
49.86,-6,-1,12,10,2,-2,12,-8,0.0
49.865,3,0,2,1,1,3,-3,-1,0.0
49.870000000000005,-1,-2,-1,10,6,-3,14,7,0.0
49.875,-5,1,8,-6,3,-1,-14,-14,0.0
49.88,1,4,1,-32,-9,-1,9,2,0.0
49.885,-2,-3,-5,14,-5,-1,-13,-10,0.0
49.89,-1,0,10,-1,2,-2,0,2,0.0
49.895,0,0,-3,18,4,2,-4,-1,0.0
49.9,0,-2,12,-6,0,-4,-3,-9,0.0
49.905,4,-4,-20,-29,-5,2,2,6,0.0
49.910000000000004,-10,-8,-3,4,0,-1,4,0,0.0
49.915,5,2,4,2,0,8,6,0,0.0
49.92,-8,-3,11,38,-2,-3,9,5,0.0
49.925000000000004,5,-3,10,-1,-4,-3,-8,3,0.0
49.93,1,1,-6,-17,-6,-3,-2,-10,0.0
49.935,0,0,10,-3,2,1,-10,-6,0.0
49.94,7,3,-21,-4,4,-3,5,4,0.0
49.945,-15,-5,-3,7,1,4,4,1,0.0
49.95,-1,-1,-14,-21,1,0,-2,0,0.0
49.955,-7,-4,5,10,-5,-5,-1,2,0.0
49.96,1,-1,-2,-7,-4,-4,-1,-1,0.0
49.965,5,5,5,4,6,1,2,1,0.0
49.97,2,4,22,11,3,2,22,7,0.0
49.975,11,-2,-1,-4,1,2,-35,-16,0.0
49.980000000000004,-16,0,-15,-4,-8,-3,31,12,0.0
49.985,-15,-15,-5,-12,-7,-5,-79,-42,0.0
49.99,10,4,20,12,0,-6,-3,2,0.0
49.995000000000005,8,6,-3,1,-1,3,12,4,0.0
50.0,-34,-3,16,-29,-3,-5,-2,-6,0.0
50.005,7,1,0,17,-8,-1,15,8,0.0
50.01,1,2,-5,-5,-1,6,3,4,0.0
50.015,2,-1,-7,-3,4,-3,-5,-2,0.0
50.02,6,7,33,17,18,5,-3,0,0.0
50.025,-7,-4,-55,-13,-25,-6,17,8,0.0
50.03,-7,-8,1,-6,0,-3,-9,-9,0.0
50.035000000000004,3,-2,-15,-2,-5,-8,10,3,0.0
50.04,37,14,5,20,9,1,-1,6,0.0
50.045,21,12,24,9,5,4,11,9,0.0
50.050000000000004,-69,-31,9,4,-8,-4,-7,-14,0.0
50.055,-21,-1,3,-7,-1,-2,-5,-6,0.0
50.06,0,-9,-30,-2,-11,-5,-2,-3,0.0
50.065,24,4,6,-17,9,-4,-1,9,0.0
50.07,26,16,10,14,-1,1,23,26,0.0
50.075,-7,-1,4,-6,0,-6,4,-6,0.0
50.08,6,-2,-14,12,-7,6,-2,2,0.0
50.085,-17,-11,-15,0,5,0,0,13,0.0
50.09,-6,-9,-6,-7,-2,-8,-7,-39,0.0
50.095,-10,-8,-6,-11,-5,-2,4,21,0.0
50.1,10,3,8,3,1,6,-8,-14,0.0
50.105000000000004,16,11,9,-2,4,-3,24,12,0.0
50.11,-30,-13,-6,-5,-2,5,-9,1,0.0
50.115,8,-1,26,11,-5,-2,-7,-1,0.0
50.120000000000005,-11,-8,-53,-25,-3,-3,25,5,0.0
50.125,-15,-5,11,-12,-1,-6,-84,-49,0.0
50.13,25,10,-9,-16,-1,0,2,12,0.0
50.135,-1,3,-3,-15,-2,-4,4,17,0.0
50.14,-14,-7,13,24,4,3,-8,-85,0.0
50.145,1,6,-5,-6,-9,5,35,21,0.0
50.15,14,12,6,28,1,-2,-22,10,0.0
50.155,-10,-17,-44,-37,-5,1,-41,-40,0.0
50.160000000000004,-3,-5,-6,-24,-6,-10,-4,30,0.0
50.165,4,1,10,14,12,1,18,6,0.0
50.17,9,0,1,-15,-7,1,-3,-13,0.0
50.175000000000004,18,5,5,15,6,4,26,21,0.0
50.18,20,15,19,11,3,0,37,35,0.0
50.185,-52,-29,5,6,-25,-3,-13,-29,0.0
50.19,-7,-7,-40,-8,-3,-5,6,19,0.0
50.195,-38,-12,4,-1,-2,-6,-3,-21,0.0
50.2,23,-4,-18,-16,-7,-5,-10,6,0.0
50.205,30,18,11,-10,15,5,22,21,0.0
50.21,59,21,14,20,41,10,4,-12,0.0
50.215,74,37,26,-12,-39,5,32,22,0.0
50.22,-77,-83,13,58,-37,-13,-32,-29,0.0
50.225,8,-20,-52,-52,-12,-14,-3,-15,0.0
50.230000000000004,-2,-12,19,8,5,3,-31,-4,0.0
50.235,9,15,84,32,30,1,0,-7,0.0
50.24,106,61,-68,9,24,10,8,49,0.0
50.245000000000005,103,85,95,-44,81,21,20,40,0.0
50.25,-70,-5,-31,28,-71,4,59,17,0.0
50.255,103,85,95,-44,81,21,20,40,0.0
50.26,-70,-5,-31,28,-71,4,59,17,0.0
50.265,-21,-1,3,-7,-1,-2,-5,-6,0.0
50.27,0,-9,-30,-2,-11,-5,-2,-3,0.0
50.275,24,4,6,-17,9,-4,-1,9,0.0
50.28,26,16,10,14,-1,1,23,26,0.0
50.285000000000004,-7,-1,4,-6,0,-6,4,-6,0.0
50.29,6,-2,-14,12,-7,6,-2,2,0.0
50.295,66,50,30,82,-67,-3,38,48,0.0
50.300000000000004,11,-1,-44,-90,-6,29,57,58,0.0
50.305,116,127,116,11,98,53,35,-23,0.0
50.31,-128,-77,-91,-13,-103,-1,-27,30,0.0
50.315,-105,-106,-30,-57,-59,-91,-105,-102,0.0
50.32,119,121,127,96,91,-22,-34,-14,0.0
50.325,63,40,5,100,34,19,12,-24,0.0
50.33,127,41,45,-123,42,17,64,55,0.0
50.335,127,64,-3,-13,92,73,43,104,0.0
50.34,-106,-120,-83,2,-53,-32,-24,-91,0.0
50.345,-33,-6,70,-45,34,-18,-25,-9,0.0
50.35,40,28,18,21,23,21,20,18,0.0
50.355000000000004,-94,-70,-86,-6,-8,1,28,-11,0.0
50.36,39,15,9,-26,0,-6,-20,21,0.0
50.365,70,33,26,17,-45,26,39,45,0.0
50.370000000000005,-32,4,69,8,36,-20,-10,29,0.0
50.375,-84,-46,-77,1,-51,-23,-25,-45,0.0
50.38,32,9,91,-32,31,5,-5,22,0.0
50.385,-3,-3,-98,42,-88,1,35,-9,0.0
50.39,-2,-8,31,15,-78,-15,-33,-3,0.0
50.395,-48,-25,19,-5,44,-4,-29,-38,0.0
50.4,6,21,26,47,8,2,15,-24,0.0
50.405,-27,-45,-65,-39,-9,-9,2,37,0.0
50.410000000000004,7,18,-38,-8,-9,0,-3,-27,0.0
50.415,40,33,28,52,15,8,10,10,0.0
50.42,27,10,1,-5,-14,8,4,14,0.0
50.425000000000004,-55,-43,-20,-21,-13,-11,-13,-4,0.0
50.43,-13,-10,-12,4,19,-4,-18,-16,0.0
50.435,6,17,29,-1,-7,2,40,-3,0.0
50.44,-5,-9,-24,-9,3,-3,-82,-13,0.0
50.445,19,-9,-37,7,-3,-13,11,20,0.0
50.45,-17,14,-4,-2,8,6,7,-27,0.0
50.455,2,-6,18,-2,-7,0,-4,1,0.0
50.46,14,-8,-18,4,3,2,16,7,0.0
50.465,-17,-1,-8,-8,-2,-7,4,15,0.0
50.47,-24,-10,-9,7,3,6,-17,-26,0.0
50.475,17,10,17,27,3,-1,6,13,0.0
50.480000000000004,-7,-3,-11,-25,5,-5,6,11,0.0
50.485,-23,-12,-20,-22,-7,3,-3,-5,0.0
50.49,-6,7,15,23,3,-4,1,-19,0.0
50.495000000000005,16,5,-5,-31,5,3,0,4,0.0
50.5,-10,-7,-16,22,-5,0,33,1,0.0
50.505,-8,-11,5,-16,-10,-16,-89,-26,0.0
50.51,8,5,-2,-6,-1,2,6,12,0.0
50.515,1,4,25,29,3,10,6,-13,0.0
50.52,-11,-5,0,1,-7,-1,-1,-9,0.0
50.525,4,0,-4,18,3,3,28,24,0.0
50.53,-7,-7,-15,-49,-7,-10,-2,0,0.0
50.535000000000004,-8,10,29,28,9,5,-40,1,0.0
50.54,1,-14,-49,-48,-8,-2,19,21,0.0
50.545,-6,-15,-41,3,-8,-8,-8,-62,0.0
50.550000000000004,-6,6,11,6,5,4,-5,-8,0.0
50.555,0,-1,-5,-8,-3,-1,21,16,0.0
50.56,8,8,23,4,3,7,6,2,0.0
50.565,0,0,15,-20,0,8,39,26,0.0
50.57,-4,6,-2,13,-5,-3,-78,23,0.0
50.575,-12,-3,-9,12,3,-7,20,-10,0.0
50.58,-6,-3,-6,-35,-6,-6,-28,-59,0.0
50.585,-1,2,-2,9,-4,0,-2,0,0.0
50.59,-1,-4,-5,1,6,5,37,15,0.0
50.595,2,1,-3,6,-1,5,7,16,0.0
50.6,-7,-8,18,23,-3,-8,-16,-4,0.0
50.605000000000004,2,-4,-19,-16,0,1,23,28,0.0
50.61,0,0,-7,1,0,-2,9,-17,0.0
50.615,2,-2,-20,-2,-13,-9,-20,-12,0.0
50.620000000000005,-3,1,-10,-19,-4,-2,12,2,0.0
50.625,-1,-8,38,0,-6,-8,-11,-3,0.0
50.63,1,3,-11,10,5,1,5,-5,0.0
50.635,4,-5,-5,-11,-3,-3,-11,-17,0.0
50.64,9,4,30,28,9,4,10,16,0.0
50.645,-13,4,13,6,0,-4,3,9,0.0
50.65,-1,-3,-11,1,1,0,-3,-13,0.0
50.655,2,-5,21,-2,-2,-1,8,3,0.0
50.660000000000004,-15,2,-11,-10,-1,0,-2,0,0.0
50.665,11,3,18,22,7,-5,-6,0,0.0
50.67,-3,5,22,-14,-4,-2,6,-9,0.0
50.675000000000004,0,-6,-29,-2,-5,-7,-6,-3,0.0
50.68,9,3,31,39,13,10,10,13,0.0
50.685,2,-7,-40,-26,-2,0,-7,-7,0.0
50.69,6,9,42,22,3,3,10,1,0.0
50.695,-31,-4,-3,-51,-6,-4,-4,1,0.0
50.7,2,6,-19,-3,-11,-3,-4,5,0.0
50.705,-13,-13,-38,-20,-9,-5,-7,-25,0.0
50.71,15,-5,-21,-2,-1,-2,6,-5,0.0
50.715,-1,-1,6,-26,1,-4,-1,1,0.0
50.72,-3,-7,-21,0,-6,-8,-3,-8,0.0
50.725,4,4,5,11,7,10,8,15,0.0
50.730000000000004,-1,0,22,29,-1,-1,-1,0,0.0
50.735,15,4,17,24,1,1,1,-3,0.0
50.74,-16,-16,-43,-56,-13,-6,-7,5,0.0
50.745000000000005,9,9,22,14,2,1,0,2,0.0
50.75,-32,-16,4,6,6,-7,-4,-9,0.0
50.755,4,5,53,30,1,6,7,5,0.0
50.76,-8,-3,-21,-12,-3,-3,-3,-2,0.0
50.765,2,-7,-43,-30,-7,-3,-5,1,0.0
50.77,6,4,7,4,0,-2,2,-4,0.0
50.775,-3,-5,-39,0,2,1,1,-1,0.0
50.78,6,-4,-4,0,2,-3,-3,-3,0.0
50.785000000000004,-4,1,5,-3,2,3,3,11,0.0
50.79,12,4,9,11,2,4,74,38,0.0
50.795,-6,-10,-26,-11,-4,-5,-40,-51,0.0
50.800000000000004,-20,-3,7,1,-2,-1,-1,-8,0.0
50.805,-3,0,8,9,-4,-2,-5,1,0.0
50.81,-13,-5,-21,-13,5,2,6,1,0.0
50.815,7,0,-10,-7,-2,4,11,17,0.0
50.82,3,-1,41,22,-2,-9,-3,-2,0.0
50.825,6,5,26,11,2,7,45,10,0.0
50.83,-14,1,-19,-6,-3,-11,-111,-47,0.0
50.835,8,-2,9,2,3,6,10,6,0.0
50.84,5,1,-21,-16,-2,-3,-6,-4,0.0
50.845,-15,-10,-5,-20,0,-6,-1,0,0.0
50.85,-1,14,19,4,-23,-4,4,-4,0.0
50.855000000000004,-5,-2,-14,28,3,0,-2,4,0.0
50.86,0,-10,-38,-14,1,0,9,2,0.0
50.865,10,7,25,3,3,-2,-16,15,0.0
50.870000000000005,10,2,7,-11,8,9,12,5,0.0
50.875,11,11,16,4,-3,-3,0,-1,0.0
50.88,13,9,16,9,2,-1,6,6,0.0
50.885,12,-4,-36,-4,3,3,2,-3,0.0
50.89,-43,-21,-12,-7,-6,-5,-3,0,0.0
50.895,-9,-6,22,13,-2,0,41,-32,0.0
50.9,-15,-10,-13,1,-5,-7,-34,-23,0.0
50.905,29,3,-3,-43,7,0,4,6,0.0
50.910000000000004,57,31,10,11,7,12,18,22,0.0
50.915,31,16,40,-5,-8,2,21,23,0.0
50.92,-45,-42,-28,27,-24,-4,-1,-24,0.0
50.925000000000004,-20,-14,95,47,-17,-28,-53,-42,0.0
50.93,35,-38,-115,-73,-16,-19,-16,-6,0.0
50.935,-26,6,-1,-14,7,1,-14,9,0.0
50.94,109,37,66,21,30,30,23,20,0.0
50.945,47,39,80,84,9,14,15,20,0.0
50.95,-23,-32,-74,-25,23,13,84,-14,0.0
50.955,-94,-13,33,-39,-48,-7,-38,-50,0.0
50.96,41,9,0,-11,-3,-4,34,46,0.0
50.965,33,30,-101,35,1,-1,19,4,0.0
50.97,-67,7,111,86,16,3,-2,34,0.0
50.975,108,16,-12,-40,14,-2,-7,-47,0.0
50.980000000000004,-128,4,17,-87,105,28,19,-15,0.0
50.985,-69,27,73,34,-73,-14,-18,-19,0.0
50.99,-81,-93,-111,22,-80,-85,-60,-93,0.0
50.995000000000005,35,61,25,26,103,27,-77,2,0.0
51.0,127,67,11,120,-82,14,38,39,0.0
51.005,127,76,-87,-80,41,7,27,117,0.0
51.01,-88,-25,127,-80,59,12,-45,-83,0.0
51.015,-74,-79,-128,24,-90,-37,-8,-36,0.0
51.02,45,26,103,6,56,29,-6,-36,0.0
51.025,-128,-124,-84,-16,-29,-11,7,-46,0.0
51.03,127,82,99,-29,50,24,-16,81,0.0
51.035000000000004,63,21,48,37,71,22,60,23,0.0
51.04,102,-25,-19,16,-40,-45,-47,-52,0.0
51.045,-53,81,65,-15,-87,-3,14,34,0.0
51.050000000000004,-87,-46,-128,-32,-58,-40,-67,-50,0.0
51.055,73,-8,127,-20,69,4,21,38,0.0
51.06,-77,6,44,86,-6,13,34,-24,0.0
51.065,127,8,-10,-117,109,21,21,-34,0.0
51.07,127,127,109,127,-68,63,41,119,0.0
51.075,-104,-89,-112,-17,-128,-98,-122,-30,0.0
51.08,-63,-16,67,-9,25,-13,-5,-18,0.0
51.085,-15,-31,-6,27,15,-1,1,0,0.0
51.09,-5,7,23,-53,77,32,45,3,0.0
51.095,9,22,-27,-10,-5,20,39,37,0.0
51.1,-36,-21,-48,-28,-45,-28,-37,21,0.0
51.105000000000004,-47,-25,-4,1,42,11,-3,-31,0.0
51.11,3,5,-45,12,-17,-1,6,10,0.0
51.115,-1,12,15,20,-24,-2,10,31,0.0
51.120000000000005,-13,-1,-36,-41,15,-5,9,11,0.0
51.125,0,-6,11,30,-6,2,-27,-17,0.0
51.13,-11,-7,-8,-5,-5,-7,24,4,0.0
51.135,5,10,2,11,5,3,-10,12,0.0
51.14,-7,-2,-6,-34,15,1,-12,-1,0.0
51.145,6,-10,-8,7,-7,-1,5,-10,0.0
51.15,-1,-2,-1,12,-12,1,75,25,0.0
51.155,-5,12,7,-12,28,9,-46,-46,0.0
51.160000000000004,14,1,-27,-38,-24,-3,4,-26,0.0
51.165,-8,-21,-1,66,0,-7,5,4,0.0
51.17,1,-1,-4,-10,15,-5,-18,-29,0.0
51.175000000000004,22,25,37,31,12,23,50,21,0.0
51.18,-29,-16,-48,-57,-16,-13,-27,15,0.0
51.185,1,-4,23,8,1,0,-15,-23,0.0
51.19,0,1,-21,-6,6,-6,-20,20,0.0
51.195,8,6,-22,-23,-6,2,2,2,0.0
51.2,2,2,1,27,-7,-4,-1,33,0.0
51.205,-6,-3,1,-14,8,4,0,14,0.0
51.21,5,0,-7,9,-1,-3,-5,-7,0.0
51.215,1,6,20,24,3,7,24,30,0.0
51.22,-5,-14,-8,1,-7,-14,-11,-21,0.0
51.225,0,0,-9,-43,-8,-3,0,-12,0.0
51.230000000000004,1,-2,7,-8,-5,-6,-6,-3,0.0
51.235,9,2,2,-7,3,9,28,22,0.0
51.24,1,8,22,25,13,12,58,-18,0.0
51.245000000000005,2,-9,5,18,-4,-7,-106,-55,0.0
51.25,27,7,-4,-14,-6,-5,-9,-14,0.0
51.255,-61,-29,6,3,0,-7,9,-16,0.0
51.26,9,2,-4,16,10,5,2,16,0.0
51.265,-8,-1,-5,-25,-17,-5,26,21,0.0
51.27,-11,4,9,-6,3,2,-11,23,0.0
51.275,28,6,-5,15,-1,0,-22,-83,0.0
51.28,-3,0,27,-3,4,5,3,17,0.0
51.285000000000004,-3,-3,-5,18,-4,-10,-2,0,0.0
51.29,-18,-8,-4,-2,-6,-4,-11,-8,0.0
51.295,14,5,6,-12,7,9,32,41,0.0
51.300000000000004,-6,-3,2,7,-2,1,-20,3,0.0
51.305,21,13,36,36,12,6,18,-1,0.0
51.31,2,-3,-36,-48,-6,-9,-8,-2,0.0
51.315,12,1,-2,3,-7,-7,1,6,0.0
51.32,-13,-20,-10,-7,-5,-2,-3,-5,0.0
51.325,-7,-3,3,-4,-2,-2,-8,8,0.0
51.33,-1,1,0,13,9,7,18,-11,0.0
51.335,8,5,10,-20,-9,-1,1,7,0.0
51.34,6,4,-17,-10,-8,-2,-21,13,0.0
51.345,-9,-5,-15,-7,-4,-5,22,-3,0.0
51.35,8,4,11,10,5,7,81,48,0.0
51.355000000000004,-16,3,9,-7,1,-8,-81,-85,0.0
51.36,-12,-8,-33,4,-7,-9,-13,-39,0.0
51.365,-5,-7,-19,-10,-3,5,15,26,0.0
51.370000000000005,4,-1,7,-7,2,-1,1,-28,0.0
51.375,28,7,-6,12,7,-1,25,46,0.0
51.38,-40,9,17,2,-9,-4,11,21,0.0
51.385,-11,-7,6,18,0,-1,-22,-28,0.0
51.39,12,4,32,36,-6,-6,-28,-14,0.0
51.395,-18,-13,-20,-36,4,6,27,20,0.0
51.4,39,1,-41,-45,-13,0,28,0,0.0
51.405,22,27,8,-34,9,2,9,4,0.0
51.410000000000004,-32,8,109,113,20,16,8,14,0.0
51.415,16,4,-4,13,-10,-3,88,115,0.0
51.42,-48,-43,77,62,-17,-36,-42,-40,0.0
51.425000000000004,8,32,28,-12,-3,8,40,96,0.0
51.43,12,12,-23,-23,-15,-13,38,57,0.0
51.435,-70,-48,17,23,15,9,-13,-38,0.0
51.44,2,7,-10,-2,14,10,12,49,0.0
51.445,-16,-24,-23,-5,-8,-8,-26,-79,0.0
51.45,22,7,-7,12,1,9,-5,-6,0.0
51.455,16,21,-13,-16,-6,-3,1,13,0.0
51.46,9,8,-26,-13,1,2,-23,-39,0.0
51.465,7,-11,46,37,24,-4,-12,-21,0.0
51.47,-32,-5,-46,-86,-54,-9,-13,-18,0.0
51.475,16,-4,-10,-11,12,-4,1,4,0.0
51.480000000000004,29,0,38,7,-6,1,-20,-22,0.0
51.485,-6,10,-8,22,1,1,14,17,0.0
51.49,-62,-39,-26,-6,20,-1,-33,-48,0.0
51.495000000000005,2,3,-20,-22,-17,0,-17,-12,0.0
51.5,24,16,13,18,25,10,22,31,0.0
51.505,-11,-3,-13,-23,-7,-2,0,3,0.0
51.51,10,-10,-2,5,-7,-10,-16,-9,0.0
51.515,-1,3,-1,6,35,6,-10,-15,0.0
51.52,15,12,-4,-5,-21,8,12,25,0.0
51.525,-4,-10,-15,-21,-18,-5,0,2,0.0
51.53,-5,-5,12,1,6,-9,-19,-24,0.0
51.535000000000004,8,9,-34,9,-3,-4,-2,-2,0.0
51.54,1,2,5,-10,8,2,-4,-1,0.0
51.545,-9,-11,-19,3,-8,-1,-2,0,0.0
51.550000000000004,14,2,0,-1,3,0,-1,4,0.0
51.555,10,7,20,11,-9,-2,48,16,0.0
51.56,-15,-9,-23,-14,-9,-2,-5,20,0.0
51.565,-11,-10,-8,-14,-4,-3,-20,-28,0.0
51.57,26,3,7,22,21,7,-5,-3,0.0
51.575,7,12,20,18,-8,0,15,18,0.0
51.58,2,13,-19,-36,-15,-6,35,16,0.0
51.585,21,5,13,7,1,2,-40,19,0.0
51.59,-32,-15,-62,1,6,-1,42,53,0.0
51.595,-3,-9,6,22,-3,-13,-105,-69,0.0
51.6,-26,-25,-8,-10,-4,-7,34,76,0.0
51.605000000000004,12,-1,-32,-27,-14,-8,-1,-41,0.0
51.61,-2,9,41,-13,-18,-1,10,-12,0.0
51.615,36,14,7,7,9,9,9,48,0.0
51.620000000000005,27,37,82,40,17,13,79,45,0.0
51.625,-12,-15,14,-18,-18,-15,-51,24,0.0
51.63,-36,-22,-64,-63,-28,-17,-3,-30,0.0
51.635,2,-13,12,6,6,11,67,84,0.0
51.64,-20,-4,-21,47,57,3,-115,-116,0.0
51.645,9,2,82,19,4,5,106,101,0.0
51.65,11,28,79,-22,-18,-8,15,23,0.0
51.655,-3,19,0,-54,-54,-21,-3,-6,0.0
51.660000000000004,62,-46,38,25,27,27,121,113,0.0
51.665,-71,10,-105,-8,-11,-8,-69,-65,0.0
51.67,77,-15,76,5,-28,-13,-13,22,0.0
51.675000000000004,42,49,127,94,71,19,-18,12,0.0
51.68,-10,-26,-118,-28,-12,-15,-39,-14,0.0
51.685,1,10,48,5,6,7,32,32,0.0
51.69,-3,13,-15,-6,-8,9,11,8,0.0
51.695,-28,-21,75,-52,-49,-21,-16,-21,0.0
51.7,-11,7,-7,39,11,4,-19,-44,0.0
51.705,25,-37,-71,-33,5,4,73,4,0.0
51.71,-5,18,-9,19,21,-11,-66,-40,0.0
51.715,-19,-13,-45,-1,6,8,24,29,0.0
51.72,-15,20,-2,-11,-26,-14,-37,-26,0.0
51.725,4,-3,41,35,-1,1,23,4,0.0
51.730000000000004,-7,-19,-24,-2,23,2,-10,-11,0.0
51.735,-6,0,-57,-24,11,2,9,7,0.0
51.74,12,2,-30,-73,-35,-7,0,0,0.0
51.745000000000005,12,4,1,4,-9,0,-9,3,0.0
51.75,-12,7,10,64,40,26,27,25,0.0
51.755,40,15,53,-38,-56,-18,-27,-52,0.0
51.76,-38,-32,-34,-13,16,1,-9,-30,0.0
51.765,-61,6,118,11,24,2,-17,-6,0.0
51.77,62,-9,-34,-24,43,13,-3,-23,0.0
51.775,-124,-27,-41,8,-38,-16,3,-45,0.0
51.78,-15,-69,-44,-19,-54,-38,-59,35,0.0
51.785000000000004,99,42,69,-2,104,54,33,0,0.0
51.79,77,68,65,79,-92,-1,62,76,0.0
51.795,75,-10,-46,4,40,-45,-82,1,0.0
51.800000000000004,-43,43,127,57,46,13,8,-58,0.0
51.805,-128,-72,-128,-96,43,-1,61,0,0.0
51.81,-64,8,86,33,89,65,9,-60,0.0
51.815,-52,-62,-11,0,-88,-37,-8,-71,0.0
51.82,-1,-29,-19,92,-29,-60,-51,-9,0.0
51.825,80,27,-2,-5,2,-33,-27,67,0.0
51.83,6,-32,-85,-126,93,-2,-30,-84,0.0
51.835,127,117,-51,99,-57,29,45,52,0.0
51.84,42,27,40,-79,-34,29,56,-17,0.0
51.845,-2,-72,28,-43,-59,-31,-63,-128,0.0
51.85,38,-23,-122,-125,-5,-19,-8,55,0.0
51.855000000000004,59,-23,31,54,127,27,8,-19,0.0
51.86,65,79,76,72,-51,33,35,100,0.0
51.865,-20,-8,-19,6,-2,-20,-34,-38,0.0
51.870000000000005,-13,25,127,50,43,-12,-20,26,0.0
51.875,-2,-4,60,-41,66,7,6,3,0.0
51.88,51,31,-85,71,4,8,22,14,0.0
51.885,-70,-36,-21,-23,-42,2,-8,-28,0.0
51.89,29,-42,-46,-12,-73,-43,-53,-47,0.0
51.895,2,36,97,0,-8,26,34,7,0.0
51.9,15,-58,-95,-78,22,3,-5,19,0.0
51.905,64,43,15,29,-24,-5,1,29,0.0
51.910000000000004,14,32,38,15,74,24,32,11,0.0
51.915,-45,-20,-48,-28,-75,0,21,45,0.0
51.92,-42,-6,13,-41,26,-7,-27,-54,0.0
51.925000000000004,-70,15,-10,44,-11,-11,-36,-28,0.0
51.93,-43,-35,-23,-7,-17,-19,-8,-5,0.0
51.935,7,-12,-12,-7,22,4,3,28,0.0
51.94,5,8,37,-11,10,9,-8,-57,0.0
51.945,38,19,20,23,8,10,27,37,0.0
51.95,0,0,7,19,-33,-3,2,33,0.0
51.955,-13,-7,-38,-22,-7,0,-15,-25,0.0
51.96,-2,4,23,-16,5,-7,44,21,0.0
51.965,20,-5,-2,-3,7,0,-55,-14,0.0
51.97,-12,2,-13,7,-33,-3,-33,-23,0.0
51.975,-5,-20,-7,35,2,3,5,-1,0.0
51.980000000000004,-17,-7,-3,-71,18,-8,5,25,0.0
51.985,28,11,-3,37,-1,1,29,-35,0.0
51.99,0,-2,-5,31,-17,-3,13,35,0.0
51.995000000000005,-45,-8,20,-51,13,7,-96,-77,0.0
52.0,23,-14,-33,-36,-6,-14,-27,-19,0.0
52.005,26,9,-7,19,-3,-2,21,40,0.0
52.01,-4,-2,4,28,-10,1,9,-11,0.0
52.015,-9,-10,0,-27,4,-3,36,24,0.0
52.02,3,9,29,29,16,5,-10,10,0.0
52.025,19,3,1,-15,-4,8,-5,10,0.0
52.03,-7,-2,6,7,-7,-3,15,14,0.0
52.035000000000004,-2,-7,-29,6,1,-14,4,-1,0.0
52.04,-12,-1,18,2,-2,0,-13,-13,0.0
52.045,8,1,6,1,2,10,14,18,0.0
52.050000000000004,-9,-8,-6,0,-16,-6,-4,-4,0.0
52.055,1,0,-24,-19,-2,1,2,-2,0.0
52.06,-3,-2,15,0,4,-7,-11,-15,0.0
52.065,8,-1,8,0,7,0,11,20,0.0
52.07,-3,-8,-14,-7,-10,4,-6,-14,0.0
52.075,-1,-9,-16,-9,-8,-7,-3,-4,0.0
52.08,-1,0,13,6,9,0,5,7,0.0
52.085,7,3,6,6,0,0,2,15,0.0
52.09,-6,-5,-1,-3,-8,-1,-1,-12,0.0
52.095,-1,-6,-1,4,7,4,8,1,0.0
52.1,2,5,22,8,7,0,0,2,0.0
52.105000000000004,4,3,-13,-9,-4,0,2,4,0.0
52.11,-1,-1,-2,-1,-7,-7,-6,-5,0.0
52.115,-3,-2,-2,-2,0,-4,8,4,0.0
52.120000000000005,1,-1,-5,0,-2,3,-3,0,0.0
52.125,5,-6,-10,-12,-6,-5,-8,-5,0.0
52.13,2,5,5,8,0,-4,4,5,0.0
52.135,-11,-4,-2,-1,0,0,2,0,0.0
52.14,-3,-3,-8,-6,-4,1,-5,-5,0.0
52.145,5,0,-3,5,4,1,5,2,0.0
52.15,-4,-6,-15,-4,-1,-1,1,0,0.0
52.155,6,0,-10,-5,-4,-5,3,4,0.0
52.160000000000004,5,5,8,3,3,6,0,-5,0.0
52.165,-15,-2,-13,-3,-2,-7,-5,-2,0.0
52.17,4,-8,2,-1,-5,-3,-2,-2,0.0
52.175000000000004,5,-4,-5,-2,-6,-7,-5,-2,0.0
52.18,-5,-2,1,-1,0,2,5,3,0.0
52.185,12,7,10,9,8,3,6,6,0.0
52.19,-7,-3,-12,-1,1,0,-2,-2,0.0
52.195,-6,-8,-5,-3,-5,0,-3,-3,0.0
52.2,6,6,5,-6,-9,-9,-3,1,0.0
52.205,4,0,5,-7,7,4,1,-1,0.0
52.21,-11,-1,-1,-1,10,3,-4,-2,0.0
52.215,1,0,-3,22,-25,-3,6,1,0.0
52.22,-5,0,8,-8,0,-1,-1,0,0.0
52.225,0,-2,-15,0,11,-1,-1,-1,0.0
52.230000000000004,13,2,-2,3,-11,-5,0,0,0.0
52.235,-11,6,-1,-26,29,2,-5,-7,0.0
52.24,-23,-10,-4,17,-21,-6,-6,-5,0.0
52.245000000000005,7,-2,1,-10,-9,0,1,3,0.0
52.25,-15,-11,3,8,-2,6,5,-1,0.0
52.255,5,1,0,-11,9,2,1,7,0.0
52.26,-1,1,0,-3,4,-4,-3,-2,0.0
52.265,5,-4,11,-3,4,1,2,1,0.0
52.27,16,9,-8,-15,3,-3,0,4,0.0
52.275,14,0,-2,9,-4,3,1,1,0.0
52.28,-42,-20,7,-10,3,5,-5,-8,0.0
52.285000000000004,14,10,26,24,-13,-2,-6,1,0.0
52.29,4,-1,-21,-8,2,-3,5,1,0.0
52.295,30,3,31,-2,-1,0,2,3,0.0
52.300000000000004,0,7,-47,6,-4,-1,-7,-8,0.0
52.305,-24,-19,42,-21,-4,8,72,19,0.0
52.31,-1,-3,-46,13,-7,-17,-33,19,0.0
52.315,-13,-7,31,15,-10,-5,-33,-73,0.0
52.32,25,11,19,-30,4,1,4,28,0.0
52.325,8,10,20,25,8,10,10,18,0.0
52.33,-4,1,27,21,3,5,8,-3,0.0
52.335,11,7,-28,-20,-7,-3,9,23,0.0
52.34,2,-1,-18,11,1,-2,8,-3,0.0
52.345,-7,-5,22,36,-5,-10,-40,-30,0.0
52.35,2,6,38,-8,4,5,16,13,0.0
52.355000000000004,-23,-20,-50,21,-14,-13,-15,-5,0.0
52.36,-24,-17,-12,-39,3,5,19,10,0.0
52.365,16,4,-24,-20,-10,0,-6,9,0.0
52.370000000000005,22,15,41,11,3,5,23,41,0.0
52.375,17,13,-41,-8,4,-2,-6,-29,0.0
52.38,36,2,90,-20,1,-3,-14,-28,0.0
52.385,-80,-28,14,49,-1,-10,-10,-18,0.0
52.39,-43,-13,7,-26,-11,-9,-59,7,0.0
52.395,-1,1,-32,-36,2,9,3,36,0.0
52.4,36,-1,-10,14,6,10,36,42,0.0
52.405,20,14,53,-54,0,1,0,-40,0.0
52.410000000000004,3,4,-33,49,-4,-2,-32,-26,0.0
52.415,-16,5,105,-61,-2,-4,31,78,0.0
52.42,33,30,16,53,12,10,-18,-27,0.0
52.425000000000004,-24,-42,-78,-19,-7,-12,-15,28,0.0
52.43,-17,-12,-1,-24,21,-4,26,-12,0.0
52.435,2,2,26,17,-31,1,12,25,0.0
52.44,-13,-1,40,-1,-27,-9,-7,-49,0.0
52.445,24,30,-4,3,12,0,-4,23,0.0
52.45,13,1,86,24,-6,4,-6,-28,0.0
52.455,-16,-5,-36,7,29,0,1,-27,0.0
52.46,43,2,3,16,18,4,0,8,0.0
52.465,-29,-12,-18,-50,-28,-9,-13,-18,0.0
52.47,-39,-26,-21,-9,-10,-12,3,-18,0.0
52.475,21,3,37,26,-11,3,-3,-2,0.0
52.480000000000004,14,16,16,124,3,7,19,28,0.0
52.485,-12,-35,-128,-104,-6,-9,-12,-8,0.0
52.49,22,19,49,-26,25,8,13,-4,0.0
52.495000000000005,-4,-5,-15,64,-11,1,15,-4,0.0
52.5,34,9,-15,13,43,9,3,32,0.0
52.505,39,32,28,127,-31,-1,-7,0,0.0
52.51,-73,-50,-120,-112,-43,-20,-21,-32,0.0
52.515,24,10,52,55,37,18,17,8,0.0
52.52,73,26,69,20,0,-6,9,-21,0.0
52.525,-57,-28,-29,-30,-14,-16,13,71,0.0
52.53,-82,-13,79,57,7,5,-5,-3,0.0
52.535000000000004,-76,-83,-15,-117,3,-40,-64,-87,0.0
52.54,64,19,-55,-112,106,30,-3,-17,0.0
52.545,127,93,33,125,-102,45,68,-10,0.0
52.550000000000004,-50,-56,33,-12,-22,-26,4,38,0.0
52.555,55,15,66,-21,35,-44,-47,42,0.0
52.56,-14,53,-121,-113,49,24,-10,-3,0.0
52.565,-41,-78,47,78,-17,-41,-43,-103,0.0
52.57,-36,-40,-49,-24,111,16,-6,-74,0.0
52.575,90,42,-88,32,-69,33,64,78,0.0
52.58,-75,33,127,-77,82,-3,-14,-14,0.0
52.585,31,-11,19,27,-27,19,28,67,0.0
52.59,-26,16,2,11,14,-6,2,13,0.0
52.595,47,48,-15,-58,109,0,-8,-12,0.0
52.6,-99,-9,-60,105,-128,-40,15,67,0.0
52.605000000000004,-77,-76,-58,-82,59,-26,-58,-104,0.0
52.61,127,46,75,10,14,-4,14,49,0.0
52.615,49,-10,-17,-39,39,7,6,5,0.0
52.620000000000005,64,26,31,-27,-24,3,-2,-4,0.0
52.625,-28,18,-38,-45,-33,-8,-3,73,0.0
52.63,44,14,-39,32,-56,6,12,0,0.0
52.635,-5,20,-4,32,30,18,17,8,0.0
52.64,0,-52,-18,-12,-79,-18,-22,-37,0.0
52.645,-65,-27,26,34,12,-5,-24,-15,0.0
52.65,75,20,-12,-20,5,8,3,0,0.0
52.655,-38,-14,15,17,-43,10,13,-4,0.0
52.660000000000004,-41,-35,2,20,-25,-14,0,-2,0.0
52.665,50,28,9,-51,71,6,1,7,0.0
52.67,21,28,10,4,-26,11,12,9,0.0
52.675000000000004,-44,-10,-11,12,-30,-8,-5,-27,0.0
52.68,-39,-37,-16,15,10,-7,-8,-3,0.0
52.685,33,33,11,-23,30,12,10,-1,0.0
52.69,3,1,-44,-14,-14,2,2,4,0.0
52.695,-38,-12,19,21,-32,-14,-18,-19,0.0
52.7,-3,-22,-7,13,14,-1,-4,-3,0.0
52.705,19,18,32,-24,23,12,6,11,0.0
52.71,4,7,-6,29,-12,-5,3,-4,0.0
52.715,-10,-9,3,3,8,2,0,-9,0.0
52.72,-7,-10,-9,-49,-25,-9,2,25,0.0
52.725,11,11,16,23,13,3,-5,-46,0.0
52.730000000000004,5,-3,-14,5,10,-3,-7,0,0.0
52.735,-4,4,11,4,-5,1,3,-6,0.0
52.74,-12,-18,0,27,-15,-5,42,12,0.0
52.745000000000005,5,6,13,-12,3,-10,-60,-21,0.0
52.75,12,7,-14,-20,-2,3,1,-1,0.0
52.755,-14,-8,-10,-9,-10,-1,-4,-7,0.0
52.76,-7,-6,-5,14,6,3,7,-1,0.0
52.765,12,2,-3,-16,5,-4,10,18,0.0
52.77,3,7,10,14,-10,-5,-2,-7,0.0
52.775,10,8,15,7,0,8,2,4,0.0
52.78,-6,-13,-13,1,-5,-4,-11,43,0.0
52.785000000000004,-5,-2,-4,-16,5,-1,5,-30,0.0
52.79,4,3,4,-2,1,3,-4,17,0.0
52.795,-11,-10,-7,3,-9,-1,4,-5,0.0
52.800000000000004,-6,-4,8,6,-1,-2,-13,0,0.0
52.805,11,5,-5,-7,6,3,12,16,0.0
52.81,0,1,2,3,0,3,58,19,0.0
52.815,-10,-6,-1,-3,-4,-3,-36,-26,0.0
52.82,-1,-2,-4,4,-3,-6,-11,-26,0.0
52.825,3,1,-1,1,2,5,5,16,0.0
52.83,1,0,3,-1,-4,-5,3,-8,0.0
52.835,-4,-2,-22,1,-2,2,6,4,0.0
52.84,-4,-1,3,0,6,4,-11,-16,0.0
52.845,4,3,12,-2,3,-1,12,8,0.0
52.85,5,-1,3,12,-6,-3,-19,-2,0.0
52.855000000000004,12,2,-12,2,-1,-3,1,2,0.0
52.86,-27,-14,-11,-13,-4,1,-8,-17,0.0
52.865,6,-2,7,3,0,-3,2,5,0.0
52.870000000000005,1,-2,-2,0,0,-3,-11,-9,0.0
52.875,-14,-11,6,0,-3,-1,-3,-2,0.0
52.88,15,3,21,8,2,2,8,-6,0.0
52.885,8,4,-12,0,5,-2,5,13,0.0
52.89,-5,1,22,-4,-1,-2,-16,7,0.0
52.895,-1,-3,-8,-17,-9,-2,0,-18,0.0
52.9,-1,-2,-6,7,0,-9,-2,6,0.0
52.905,3,1,17,-1,5,8,1,24,0.0
52.910000000000004,3,0,-27,-5,0,0,37,-14,0.0
52.915,-10,-1,15,12,1,-6,-65,-11,0.0
52.92,-9,-7,10,-3,-5,-2,13,-29,0.0
52.925000000000004,0,4,-10,-4,6,6,52,65,0.0
52.93,-5,-7,5,-5,-3,-6,-45,-45,0.0
52.935,0,1,-16,-14,-3,-3,28,35,0.0
52.94,4,-7,-84,-24,-3,1,-11,18,0.0
52.945,2,1,11,-15,-3,4,-12,-46,0.0
52.95,10,3,6,3,0,2,18,41,0.0
52.955,-28,-15,-35,-15,-1,-1,7,-22,0.0
52.96,9,5,67,13,-1,-6,-12,10,0.0
52.965,-5,13,3,27,8,7,11,12,0.0
52.97,-3,-10,-30,-21,-5,3,-14,-17,0.0
52.975,34,19,92,20,6,1,10,10,0.0
52.980000000000004,-32,-6,-47,-11,-3,-5,-9,-17,0.0
52.985,-9,-17,21,9,-1,-3,-8,-11,0.0
52.99,1,5,37,-7,-3,3,-11,-5,0.0
52.995000000000005,21,3,1,23,-3,-3,8,4,0.0
53.0,29,21,-33,-9,5,8,14,9,0.0
53.005,-25,-7,-8,-25,-4,-7,-17,-37,0.0
53.01,-49,-30,-39,12,-1,0,0,7,0.0
53.015,3,-2,22,2,1,-4,9,5,0.0
53.02,8,7,17,10,-4,1,-7,-8,0.0
53.025,30,11,-11,-30,-7,-7,-6,6,0.0
53.03,11,7,-15,-12,-2,1,4,4,0.0
53.035000000000004,45,17,53,55,5,9,13,10,0.0
53.04,-22,10,20,72,13,4,-3,-11,0.0
53.045,-44,-64,-62,-64,-13,-16,-15,-25,0.0
53.050000000000004,8,7,-24,-15,-9,-3,6,26,0.0
53.055,-15,-3,-4,6,-8,-5,22,-8,0.0
53.06,28,11,-3,-13,1,-7,-75,-7,0.0
53.065,20,28,62,74,18,13,15,15,0.0
53.07,-1,-2,3,32,5,1,16,50,0.0
53.075,-21,-5,-57,-45,-8,-3,-14,-53,0.0
53.08,-41,-21,57,49,-13,-7,35,-10,0.0
53.085,4,4,-76,-74,-11,-3,8,42,0.0
53.09,5,-3,45,-17,2,-17,34,-58,0.0
53.095,-10,-3,-8,1,-2,-9,-86,-72,0.0
53.1,-19,-10,11,-8,1,-3,20,-18,0.0
53.105000000000004,-31,3,-21,18,0,2,13,-3,0.0
53.11,58,22,23,25,6,11,35,27,0.0
53.115,-22,-6,36,27,5,6,22,32,0.0
53.120000000000005,29,6,-16,-36,-3,3,-4,-10,0.0
53.125,-29,-28,14,28,-2,-8,-18,-13,0.0
53.13,-4,2,14,-1,-2,-2,-21,-9,0.0
53.135,-36,-2,4,2,6,2,12,12,0.0
53.14,57,12,-25,-45,-6,5,-4,24,0.0
53.145,-20,30,-27,28,6,6,8,-1,0.0
53.15,-26,-63,-37,-56,-27,-24,-45,-29,0.0
53.155,27,5,64,-10,-1,-1,4,9,0.0
53.160000000000004,25,6,8,2,4,4,23,15,0.0
53.165,56,36,13,34,2,-5,0,5,0.0
53.17,8,29,58,46,15,15,-2,-4,0.0
53.175000000000004,50,11,-71,28,0,-6,10,18,0.0
53.18,-72,-35,-62,-98,-18,-15,-16,-21,0.0
53.185,3,-19,38,11,-17,-12,-14,-13,0.0
53.19,21,13,-21,4,-5,-2,-10,1,0.0
53.195,-40,-2,18,-7,30,16,22,21,0.0
53.2,62,28,62,59,24,12,12,17,0.0
53.205,-29,-30,-56,-13,-36,-8,-9,-22,0.0
53.21,-29,3,25,-20,-9,-2,-5,-5,0.0
53.215,8,-3,-48,-25,-16,-5,-1,12,0.0
53.22,-29,-15,-6,-6,14,2,-3,-16,0.0
53.225,37,2,-7,-35,2,-4,-7,-3,0.0
53.230000000000004,21,32,23,58,12,6,9,13,0.0
53.235,-30,-28,13,28,-21,-13,-5,-9,0.0
53.24,-29,-42,-88,-92,-2,-10,-12,-6,0.0
53.245000000000005,27,6,6,4,-3,13,55,36,0.0
53.25,34,17,-4,-9,6,9,-80,-15,0.0
53.255,-7,10,57,7,-4,-11,-11,-20,0.0
53.26,-52,-23,-6,109,-32,-23,-6,-14,0.0
53.265,3,0,19,-23,9,0,-18,-13,0.0
53.27,50,-6,-86,-89,12,9,40,27,0.0
53.275,9,16,0,-67,10,15,31,68,0.0
53.28,-35,8,59,-35,59,12,-10,-26,0.0
53.285000000000004,-31,57,116,59,-16,20,33,32,0.0
53.29,-128,-83,3,110,-90,-71,-78,-92,0.0
53.295,-13,-24,-25,-20,4,-16,-34,15,0.0
53.300000000000004,84,25,100,-56,69,23,31,19,0.0
53.305,121,65,-84,26,97,61,68,83,0.0
53.31,-70,18,93,69,-87,15,87,93,0.0
53.315,-113,-37,51,44,4,-70,-98,-111,0.0
53.32,40,-65,-103,-54,-68,-62,-47,-35,0.0
53.325,88,55,104,78,38,8,24,15,0.0
53.33,127,65,97,46,76,63,-6,53,0.0
53.335,127,78,12,4,-7,68,105,64,0.0
53.34,-113,-25,-59,32,-12,-19,-29,-29,0.0
53.345,-25,-77,10,4,-61,-67,-100,7,0.0
53.35,-6,-43,-128,-106,-6,-20,12,-52,0.0
53.355000000000004,56,29,111,32,112,33,0,-11,0.0
53.36,127,127,82,90,-82,72,119,127,0.0
53.365,-122,-80,-122,-32,-97,-77,-79,-115,0.0
53.370000000000005,14,-33,52,-20,67,-44,-67,-45,0.0
53.375,8,-17,-9,32,57,8,5,-8,0.0
53.38,46,3,-20,-49,24,-1,21,32,0.0
53.385,127,105,10,55,118,107,119,115,0.0
53.39,-100,-41,-20,-29,-87,-19,25,-78,0.0
53.395,-94,-91,-128,21,-77,-88,-97,-124,0.0
53.4,-9,6,7,41,35,5,1,-17,0.0
53.405,64,-18,112,16,5,-13,-10,-13,0.0
53.410000000000004,54,43,-64,-128,102,35,30,22,0.0
53.415,-48,17,2,-4,-73,37,59,56,0.0
53.42,64,-31,7,42,-42,-24,-41,-26,0.0
53.425000000000004,-77,-28,-5,-51,-16,-5,-23,-41,0.0
53.43,38,32,35,95,7,16,19,38,0.0
53.435,3,17,-24,-97,-39,-13,-3,20,0.0
53.44,-48,0,18,21,20,-13,-10,-5,0.0
53.445,-32,-16,-28,-37,0,1,-10,-31,0.0
53.45,3,17,13,17,4,8,6,14,0.0
53.455,-10,-20,-15,7,9,-3,-2,3,0.0
53.46,-9,0,13,-30,11,8,-5,-11,0.0
53.465,-5,-7,-10,-15,-11,-2,-7,-12,0.0
53.47,-40,-17,-10,-3,-25,-19,-19,1,0.0
53.475,43,15,-12,-3,17,5,22,20,0.0
53.480000000000004,-18,-2,-6,6,5,8,8,3,0.0
53.485,-27,-7,0,-12,-16,-17,-25,-20,0.0
53.49,7,-2,-2,4,8,-1,1,7,0.0
53.495000000000005,23,0,-13,-28,-8,9,10,9,0.0
53.5,-4,6,19,7,2,0,-6,1,0.0
53.505,-16,-16,-11,-14,2,-3,-9,-13,0.0
53.51,18,6,21,14,23,6,1,-3,0.0
53.515,24,4,-32,-15,-3,6,9,14,0.0
53.52,-26,-10,12,7,-12,-13,-11,-6,0.0
53.525,4,0,6,-15,6,-11,-5,-12,0.0
53.53,5,1,-16,10,-1,9,10,10,0.0
53.535000000000004,3,-1,-4,-7,-6,1,2,7,0.0
53.54,-7,-6,1,4,-2,-7,-9,-5,0.0
53.545,1,-2,0,7,10,-1,4,-2,0.0
53.550000000000004,8,5,-3,-19,-5,-2,-3,5,0.0
53.555,3,-7,4,-18,-10,-8,-4,-5,0.0
53.56,5,2,-7,-8,3,5,-1,0,0.0
53.565,-6,-2,6,7,-6,-2,6,5,0.0
53.57,-5,-10,-30,-8,-3,-9,-9,-16,0.0
53.575,16,5,-13,26,19,10,8,7,0.0
53.58,-4,2,2,4,5,1,2,-2,0.0
53.585,-3,-2,-9,-10,-14,-6,11,16,0.0
53.59,-1,-3,-7,-13,-3,3,-3,-9,0.0
53.595,9,2,9,7,6,-1,4,1,0.0
53.6,-13,-3,3,2,1,0,-6,-2,0.0
53.605000000000004,3,-1,-12,-17,-5,-3,6,2,0.0
53.61,5,0,20,14,-4,-2,21,16,0.0
53.615,-1,-3,-27,1,7,-2,-25,-25,0.0
53.620000000000005,-10,-6,16,0,4,1,-16,11,0.0
53.625,12,-2,-7,-24,-4,-1,-14,-23,0.0
53.63,-20,-3,-8,-2,-4,-4,-4,0,0.0
53.635,0,5,23,11,-6,1,8,1,0.0
53.64,2,-2,2,-1,-2,-5,10,6,0.0
53.645,-9,-6,-34,-15,-3,-3,-8,-8,0.0
53.65,2,2,8,20,9,3,-13,-1,0.0
53.655,6,6,58,13,2,10,26,22,0.0
53.660000000000004,3,0,-14,-29,-3,-8,-21,15,0.0
53.665,2,3,-17,30,1,2,-9,-26,0.0
53.67,7,3,5,1,2,-2,3,12,0.0
53.675000000000004,-18,-18,-62,-18,-7,-9,19,-11,0.0
53.68,3,-7,9,-27,-12,-7,-72,-18,0.0
53.685,4,-2,22,-10,-3,-1,26,42,0.0
53.69,-5,1,-17,-9,0,3,-39,-74,0.0
53.695,5,6,41,30,3,2,6,10,0.0
53.7,-6,7,-15,20,9,14,34,-13,0.0
53.705,-17,-32,-92,-34,-13,-21,-30,-11,0.0
53.71,5,4,36,-2,1,-4,30,37,0.0
53.715,-3,-7,-35,-17,-13,-6,-68,-18,0.0
53.72,15,14,-22,7,9,11,31,5,0.0
53.725,28,31,127,101,18,13,11,29,0.0
53.730000000000004,34,17,14,36,15,13,39,26,0.0
53.735,-31,-40,-99,-100,-30,-27,-20,-18,0.0
53.74,-14,-7,16,17,-6,10,18,-1,0.0
53.745000000000005,-32,-7,75,-10,-9,-20,-9,-3,0.0
53.75,-5,4,47,-3,4,1,-27,-40,0.0
53.755,27,21,35,57,13,2,2,-1,0.0
53.76,14,9,-18,-15,4,7,9,15,0.0
53.765,9,0,33,-11,-10,7,23,24,0.0
53.77,14,11,-11,-11,8,7,60,43,0.0
53.775,-22,0,26,6,6,2,-71,-64,0.0
53.78,-26,-5,56,13,-2,-6,-14,-44,0.0
53.785000000000004,-18,-6,-39,-15,1,-6,-19,-29,0.0
53.79,-9,-21,-97,-36,-15,-6,-4,5,0.0
53.795,24,18,50,14,2,11,39,33,0.0
53.800000000000004,13,-15,-86,3,-2,-6,4,13,0.0
53.805,-33,-3,15,-10,-4,-1,-21,-9,0.0
53.81,-28,-18,8,13,-11,-15,-46,-11,0.0
53.815,11,8,37,7,7,2,33,-29,0.0
53.82,7,8,1,-10,2,5,6,2,0.0
53.825,43,5,-63,10,11,6,16,3,0.0
53.83,-64,-25,-32,-22,-8,-6,-8,13,0.0
53.835,3,9,44,15,3,-3,9,20,0.0
53.84,-4,-10,-12,-28,-24,-4,7,-7,0.0
53.845,0,-2,-18,-14,0,-3,-9,-2,0.0
53.85,39,18,54,49,19,11,4,12,0.0
53.855000000000004,20,13,8,62,-5,5,9,17,0.0
53.86,-27,-23,-45,-38,-6,-20,-20,-15,0.0
53.865,3,2,3,-13,-1,2,5,2,0.0
53.870000000000005,-59,-24,-8,-10,-15,-11,-19,-31,0.0
53.875,2,-4,-7,-16,13,2,8,12,0.0
53.88,42,21,44,29,-14,-2,16,26,0.0
53.885,-60,-5,17,5,3,3,-6,-18,0.0
53.89,20,-1,4,-14,5,-2,-1,-8,0.0
53.895,34,18,3,19,-30,-1,9,18,0.0
53.9,-15,5,37,16,11,-2,-7,-14,0.0
53.905,-3,-19,-38,-7,-1,-2,-11,-11,0.0
53.910000000000004,-26,7,-4,-13,-3,1,-2,1,0.0
53.915,-40,-26,-15,-26,7,-2,2,8,0.0
53.92,26,17,22,23,0,-3,4,3,0.0
53.925000000000004,32,12,-4,-4,-5,2,3,8,0.0
53.93,-37,-15,2,5,-2,-2,-3,-4,0.0
53.935,14,0,-32,-25,0,0,74,30,0.0
53.94,-4,-1,14,4,-4,-15,-76,-34,0.0
53.945,6,10,-6,1,7,16,17,-4,0.0
53.95,-15,-8,9,3,-16,-15,-9,-13,0.0
53.955,2,2,-4,-5,3,8,28,62,0.0
53.96,-22,-14,-32,-9,4,2,93,21,0.0
53.965,8,4,22,12,-3,-12,-67,-60,0.0
53.97,61,24,-7,14,6,13,59,68,0.0
53.975,-24,-9,1,-7,-7,-4,-47,46,0.0
53.980000000000004,2,15,113,54,14,7,-34,-32,0.0
53.985,2,-11,-82,-29,-17,-12,42,13,0.0
53.99,-17,-47,-78,-106,-39,-30,11,1,0.0
53.995000000000005,27,18,52,107,26,15,28,71,0.0
54.0,-8,1,48,-3,8,14,31,52,0.0
54.005,2,2,3,-19,0,-3,-36,-37,0.0
54.01,16,15,82,28,1,4,15,-14,0.0
54.015,3,-5,-46,-5,-11,-6,-47,31,0.0
54.02,-8,3,0,44,10,6,-37,-57,0.0
54.025,-12,-25,-36,-11,-13,-4,27,69,0.0
54.03,22,8,-57,-48,4,6,35,-4,0.0
54.035000000000004,-26,-7,85,76,-12,-22,-82,-118,0.0
54.04,1,-1,-39,-2,-5,-4,7,-19,0.0
54.045,9,4,-11,-10,3,-4,-13,57,0.0
54.050000000000004,11,3,2,67,16,6,-12,-4,0.0
54.055,0,-4,40,-61,3,0,8,-44,0.0
54.06,-13,-36,-113,-65,-29,-18,-24,-1,0.0
54.065,65,25,-10,24,-3,0,33,9,0.0
54.07,-56,15,104,63,2,-4,-30,-10,0.0
54.075,11,-37,-113,-95,-15,-18,49,-14,0.0
54.08,-6,2,15,12,5,4,-38,-34,0.0
54.085,-21,-14,13,-19,4,0,-14,-22,0.0
54.09,33,16,-25,-2,13,8,-10,0,0.0
54.095,18,17,1,26,0,13,17,0,0.0
54.1,-22,-10,-15,-13,-4,-3,28,56,0.0
54.105000000000004,5,11,11,7,5,-2,8,13,0.0
54.11,49,-7,-6,-13,-3,-5,-35,-36,0.0
54.115,-21,-19,-17,-16,-6,-3,-17,-58,0.0
54.120000000000005,0,3,-3,17,5,8,40,73,0.0
54.125,-19,-2,-3,-32,-2,-2,-27,-77,0.0
54.13,-7,-11,-23,-13,-10,2,72,56,0.0
54.135,-2,4,-2,-21,1,-8,-31,8,0.0
54.14,34,12,3,0,4,3,18,4,0.0
54.145,2,5,29,38,35,13,16,7,0.0
54.15,-1,-9,-97,-14,-56,-10,-11,-20,0.0
54.155,-74,-22,55,-42,26,-6,-12,-25,0.0
54.160000000000004,55,2,-47,-1,-25,4,3,4,0.0
54.165,-63,-8,58,39,-36,-12,-2,3,0.0
54.17,50,-26,-34,-37,22,-5,-35,-6,0.0
54.175000000000004,40,42,99,28,5,15,25,52,0.0
54.18,-48,-31,-98,-10,-12,-19,-20,-17,0.0
54.185,43,8,7,-45,46,16,26,9,0.0
54.19,83,58,108,-58,82,51,16,13,0.0
54.195,-53,-5,-72,100,-97,-27,18,-8,0.0
54.2,-61,-92,-37,-84,21,-49,-71,-42,0.0
54.205,55,42,64,71,4,8,14,16,0.0
54.21,-55,16,-94,13,15,3,27,9,0.0
54.215,96,52,93,-77,106,36,20,5,0.0
54.22,-8,61,80,84,-37,27,55,22,0.0
54.225,-105,-115,-96,-50,-72,-75,-93,-18,0.0
54.230000000000004,-29,-20,127,20,-29,-23,-25,4,0.0
54.235,79,44,-22,56,34,23,20,-16,0.0
54.24,-77,18,48,-17,-6,8,4,5,0.0
54.245000000000005,7,-66,-64,-46,61,17,7,-33,0.0
54.25,83,21,17,-13,2,0,21,-1,0.0
54.255,69,-17,-75,-41,-38,8,-8,16,0.0
54.26,42,-28,36,-39,15,-7,-2,2,0.0
54.265,49,62,68,94,-83,6,8,12,0.0
54.27,46,30,-79,-49,42,64,65,74,0.0
54.275,-91,-43,-5,20,-73,-76,-99,39,0.0
54.28,1,16,30,-36,38,-68,-67,-84,0.0
54.285000000000004,-14,-34,88,24,13,-4,21,17,0.0
54.29,41,-17,75,-21,44,-11,-17,6,0.0
54.295,65,64,-48,-28,75,63,83,60,0.0
54.300000000000004,7,-7,2,-13,22,35,29,21,0.0
54.305,0,-6,-22,51,-43,-10,-18,-14,0.0
54.31,-42,-6,40,55,-5,-6,-23,-21,0.0
54.315,-23,-27,-16,-36,-6,-3,2,-18,0.0
54.32,-30,-18,7,-3,-29,-18,-17,-10,0.0
54.325,33,37,16,-71,95,26,20,14,0.0
54.33,-6,5,-2,91,-50,3,-12,-8,0.0
54.335,-58,-57,-60,-10,-53,-44,-26,-46,0.0
54.34,54,22,-2,-2,29,21,16,26,0.0
54.345,55,43,8,-17,9,16,21,20,0.0
54.35,-120,-34,-28,36,-52,-25,-38,-27,0.0
54.355000000000004,-19,-21,17,7,1,-18,-16,-24,0.0
54.36,49,22,20,45,14,33,37,30,0.0
54.365,-7,3,14,37,14,-1,3,5,0.0
54.370000000000005,-24,-29,-43,11,-14,-37,-35,-29,0.0
54.375,-12,-10,-33,-94,-14,-7,-3,-10,0.0
54.38,34,29,67,96,7,9,20,26,0.0
54.385,-20,7,-10,-16,-15,5,3,-3,0.0
54.39,-10,-16,67,40,-8,-19,-23,-15,0.0
54.395,3,-5,-47,-62,-1,6,5,0,0.0
54.4,-3,-12,-65,-85,-29,-4,-1,0,0.0
54.405,-13,4,41,75,17,4,0,-3,0.0
54.410000000000004,9,1,-30,-69,1,-5,-10,-3,0.0
54.415,1,0,33,47,17,10,6,2,0.0
54.42,-8,-7,13,12,-6,-3,-1,0,0.0
54.425000000000004,-4,3,13,-17,-7,3,3,6,0.0
54.43,6,4,-25,-25,2,0,10,3,0.0
54.435,-10,-5,11,10,-7,-7,-8,-5,0.0
54.44,3,0,-12,-14,-4,1,3,-5,0.0
54.445,-4,-5,-23,-17,-5,-2,0,2,0.0
54.45,-1,0,-12,-2,-6,3,-4,-6,0.0
54.455,-5,-13,21,16,9,-3,-4,-4,0.0
54.46,9,4,7,11,-5,-5,0,1,0.0
54.465,-7,-6,-23,-25,-7,-3,-3,-4,0.0
54.47,-2,2,11,-8,0,-5,-5,-4,0.0
54.475,0,6,15,15,5,6,4,1,0.0
54.480000000000004,1,-5,6,2,-3,-2,-4,-10,0.0
54.485,-9,-5,-23,-42,-13,-11,-6,-4,0.0
54.49,3,2,6,19,5,7,1,3,0.0
54.495000000000005,3,1,25,8,6,5,10,4,0.0
54.5,0,-3,-12,-12,-6,-3,-1,2,0.0
54.505,-6,-6,-4,8,-2,-4,-4,-5,0.0
54.51,4,4,1,0,1,2,-1,-3,0.0
54.515,-1,-1,-10,2,-1,-1,-3,-1,0.0
54.52,-2,-8,-4,5,3,2,4,2,0.0
54.525,-11,-3,-1,-8,-5,-1,-1,-2,0.0
54.53,0,-3,-9,-9,0,-4,-2,0,0.0
54.535000000000004,-3,0,19,11,-2,0,-1,-5,0.0
54.54,2,-2,-10,0,-2,-2,-3,1,0.0
54.545,-1,0,-25,-18,-1,-2,0,0,0.0
54.550000000000004,2,-2,-9,-3,-3,-3,-2,0,0.0
54.555,9,3,1,4,1,1,-3,-3,0.0
54.56,-16,4,8,6,1,-1,2,2,0.0
54.565,0,-6,-2,-3,-1,-4,-3,-4,0.0
54.57,-2,-3,-10,-5,-2,0,1,-4,0.0
54.575,-5,1,0,1,0,-1,1,-1,0.0
54.58,12,4,2,-3,-4,-2,-1,7,0.0
54.585,-3,-2,-13,-13,-6,1,-3,-14,0.0
54.59,-2,0,7,5,5,-4,0,0,0.0
54.595,7,5,12,14,4,1,8,-2,0.0
54.6,-4,-4,-23,2,-1,0,-9,-7,0.0
54.605000000000004,2,2,9,-3,0,-7,-1,3,0.0
54.61,-10,-3,-5,-9,-4,7,-1,-3,0.0
54.615,-5,-4,2,3,-3,-3,0,-3,0.0
54.620000000000005,2,3,8,2,4,-5,3,1,0.0
54.625,0,0,-1,-9,-1,0,-2,1,0.0
54.63,4,4,5,2,-3,-1,-2,0,0.0
54.635,-6,-3,-12,-7,-7,-1,-6,-1,0.0
54.64,-3,-4,10,-1,-8,-5,-4,-2,0.0
54.645,7,4,-11,14,10,6,6,4,0.0
54.65,1,0,6,-1,-1,-5,-1,2,0.0
54.655,-6,-2,-7,-9,-2,0,-4,-2,0.0
54.660000000000004,3,0,-3,-5,3,0,1,-3,0.0
54.665,-5,-5,0,-16,-1,-5,-4,-1,0.0
54.67,-2,-2,-1,9,-6,-1,-3,-3,0.0
54.675000000000004,-3,-1,-11,2,-1,1,-2,-2,0.0
54.68,1,0,3,1,-3,-3,0,0,0.0
54.685,-2,-5,-2,-10,-1,-2,2,-1,0.0
54.69,-10,-4,0,-13,2,-6,-3,-3,0.0
54.695,2,-2,-8,-2,-4,1,-4,-2,0.0
54.7,0,2,6,0,-1,-2,-1,-1,0.0
54.705,-1,0,-5,18,-3,1,0,1,0.0
54.71,5,3,6,-8,1,3,1,0,0.0
54.715,-3,-3,3,13,3,0,0,-2,0.0
54.72,-7,-2,-2,-3,0,5,0,5,0.0
54.725,25,1,16,2,-5,-6,-5,-2,0.0
54.730000000000004,10,9,1,-3,-2,-7,-3,-1,0.0
54.735,-47,-34,-13,-7,-2,1,-3,-11,0.0
54.74,10,7,-2,-2,-1,5,2,-5,0.0
54.745000000000005,11,4,6,14,0,6,64,25,0.0
54.75,-7,-9,-7,-12,4,-12,-92,-49,0.0
54.755,3,9,24,15,-5,-6,5,0,0.0
54.76,25,-11,-30,-10,-13,-7,-5,-7,0.0
54.765,-16,-6,1,-21,-12,-3,-7,-6,0.0
54.77,27,4,-5,11,7,7,26,13,0.0
54.775,-34,-11,-12,-11,-7,-10,-8,-5,0.0
54.78,-15,6,26,14,15,9,-6,-1,0.0
54.785000000000004,8,2,-18,19,-5,-1,-12,0,0.0
54.79,19,-6,-36,-34,-7,-6,13,15,0.0
54.795,98,36,27,11,5,4,2,21,0.0
54.800000000000004,-26,23,26,25,47,16,27,2,0.0
54.805,-84,-82,-52,-6,-80,-27,-38,-52,0.0
54.81,-43,20,36,-15,12,-1,2,15,0.0
54.815,-9,-30,-79,-7,-18,-10,-11,-28,0.0
54.82,58,22,18,-36,2,7,13,29,0.0
54.825,37,39,-2,31,37,18,11,14,0.0
54.83,-12,-21,34,19,-21,-16,0,10,0.0
54.835,25,19,-20,-2,22,-1,2,21,0.0
54.84,92,37,70,21,17,25,24,3,0.0
54.845,-83,9,-42,7,-59,-18,-15,-10,0.0
54.85,25,-61,-32,-25,-5,-19,2,60,0.0
54.855000000000004,88,66,31,-19,80,22,4,22,0.0
54.86,-128,-128,-110,-39,-105,-54,-80,-114,0.0
54.865,29,2,56,-66,63,9,-3,-9,0.0
54.870000000000005,75,111,56,39,61,65,79,52,0.0
54.875,27,22,29,-30,-102,-18,17,92,0.0
54.88,70,-50,-89,-31,-1,-36,-54,-33,0.0
54.885,-102,-47,113,-8,74,-29,-57,-82,0.0
54.89,29,-65,-117,33,-110,-39,-28,-56,0.0
54.895,106,33,91,-17,127,53,52,48,0.0
54.9,86,76,85,68,-42,21,45,70,0.0
54.905,127,14,-65,-48,47,29,24,31,0.0
54.910000000000004,-109,-36,96,33,11,-24,-19,-8,0.0
54.915,17,-70,-116,48,-24,-18,-31,-39,0.0
54.92,19,47,124,-7,63,10,46,11,0.0
54.925000000000004,127,42,-96,1,-20,20,86,102,0.0
54.93,-49,0,-55,-96,59,3,-75,-79,0.0
54.935,-35,-49,50,57,-128,-60,-95,-24,0.0
54.94,-54,-43,-37,-20,25,-12,-26,-2,0.0
54.945,31,28,8,-21,20,17,15,19,0.0
54.95,120,71,12,-16,50,26,62,49,0.0
54.955,-125,-17,-22,38,-13,13,14,-37,0.0
54.96,21,-7,-10,-21,32,10,2,-24,0.0
54.965,17,40,78,22,2,8,1,34,0.0
54.97,-96,-31,16,66,-110,-38,-28,-1,0.0
54.975,3,-4,-21,-45,65,-5,-31,-68,0.0
54.980000000000004,29,27,53,31,-22,14,33,53,0.0
54.985,-31,-53,-3,0,-58,-18,-24,-50,0.0
54.99,36,7,-6,-11,37,2,-14,-28,0.0
54.995000000000005,-23,11,31,-24,1,4,33,5,0.0
55.0,-26,8,-38,-10,3,13,12,7,0.0
55.005,-8,4,-10,6,-10,-12,-14,8,0.0
55.01,-19,-5,10,-4,10,8,4,-15,0.0
55.015,-12,4,-4,-10,-9,8,55,19,0.0
55.02,-19,-14,-35,8,-29,-21,-99,-52,0.0
55.025,-20,5,30,30,24,5,2,-8,0.0
55.03,7,-7,-3,21,-12,2,-4,8,0.0
55.035000000000004,0,11,40,61,7,6,23,-4,0.0
55.04,-24,-25,-114,-89,-17,-22,-1,8,0.0
55.045,-15,-4,47,20,-7,1,-6,-2,0.0
55.050000000000004,12,3,0,0,10,15,7,-5,0.0
55.055,1,5,17,56,14,2,-3,7,0.0
55.06,-17,14,55,24,15,-1,7,7,0.0
55.065,0,2,48,18,-14,-5,50,72,0.0
55.07,5,-14,-53,-81,-32,-28,-58,-55,0.0
55.075,-12,-10,-30,-15,8,1,-10,-3,0.0
55.08,-4,4,20,39,-8,5,20,25,0.0
55.085,1,4,-1,16,12,11,9,-4,0.0
55.09,12,13,74,60,16,8,32,22,0.0
55.095,-8,-9,-9,-27,-5,-12,-8,-11,0.0
55.1,-6,-1,-30,-41,-9,-3,-12,4,0.0
55.105000000000004,-9,-11,-21,-6,-15,-13,-50,-40,0.0
55.11,1,-3,10,14,12,12,21,18,0.0
55.115,-5,0,-30,-38,-12,-4,-27,-23,0.0
55.120000000000005,3,-2,8,19,4,0,30,18,0.0
55.125,-5,-1,-1,3,-2,-4,-14,-12,0.0
55.13,5,-5,-28,-14,-4,3,22,55,0.0
55.135,-8,-1,-3,-27,-8,-5,-10,-72,0.0
55.14,1,4,9,15,12,3,-3,38,0.0
55.145,-11,-8,-22,-12,-8,-9,-33,-22,0.0
55.15,5,-1,-12,-3,2,2,25,26,0.0
55.155,-1,-1,6,-17,-1,0,4,10,0.0
55.160000000000004,-6,2,-7,3,-5,-4,-4,-3,0.0
55.165,-4,-1,-22,-8,-6,-7,5,-17,0.0
55.17,7,3,1,8,3,11,11,-8,0.0
55.175000000000004,-3,3,10,-2,0,-5,4,25,0.0
55.18,-3,-5,-6,0,1,-3,-8,-26,0.0
55.185,-3,1,-6,-5,3,2,5,14,0.0
55.19,5,-1,-6,5,5,-2,0,-18,0.0
55.195,-1,-2,-7,-24,-10,-4,-14,3,0.0
55.2,19,2,-7,-5,-3,0,9,4,0.0
55.205,-7,-6,1,0,-8,-4,-4,-8,0.0
55.21,-23,-23,-32,-7,2,-2,-9,-11,0.0
55.215,16,5,-7,3,4,3,12,9,0.0
55.22,-43,-10,12,13,-2,0,4,-10,0.0
55.225,4,-6,-28,-16,-1,0,-7,-1,0.0
55.230000000000004,4,6,13,-4,-3,1,0,-12,0.0
55.235,-2,-6,-11,-2,-2,-1,1,16,0.0
55.24,16,6,-1,0,5,10,14,-1,0.0
55.245000000000005,-13,-1,19,17,-2,-4,-14,-16,0.0
55.25,0,1,-19,-24,-5,-1,60,25,0.0
55.255,-9,4,7,-12,-2,-7,-80,-69,0.0
55.26,4,0,4,24,0,-5,-2,-1,0.0
55.265,-6,-6,-1,-10,0,-3,9,2,0.0
55.27,-4,2,12,6,0,-7,1,-5,0.0
55.275,6,1,3,6,6,5,26,24,0.0
55.28,-1,-3,-13,-15,-4,1,-1,-7,0.0
55.285000000000004,-12,-3,-8,7,-3,-1,-13,-7,0.0
55.29,9,0,16,14,1,-1,-16,-2,0.0
55.295,-6,-4,-11,3,-5,-2,7,11,0.0
55.300000000000004,-10,-9,-31,-25,-5,-9,-13,-8,0.0
55.305,5,7,2,-2,0,3,12,12,0.0
55.31,2,6,4,6,-2,5,-12,-9,0.0
55.315,-10,2,25,9,5,3,17,8,0.0
55.32,20,-1,17,-3,-3,0,8,5,0.0
55.325,35,10,-28,11,-1,-4,-5,3,0.0
55.33,-24,-1,1,11,0,-1,-10,-12,0.0
55.335,-44,-35,2,-14,-2,-1,-4,-24,0.0
55.34,-6,-3,-3,0,-2,-7,-2,1,0.0
55.345,12,4,3,-4,0,6,-3,5,0.0
55.35,30,8,6,-13,0,-4,-10,-5,0.0
55.355000000000004,22,15,-10,0,1,1,14,21,0.0
55.36,-5,3,9,1,1,0,-5,-4,0.0
55.365,-4,2,37,32,8,8,12,2,0.0
55.370000000000005,-3,-5,-39,-18,-11,-6,-11,-7,0.0
55.375,-4,-6,19,-22,-5,-5,-2,4,0.0
55.38,-14,-5,7,-10,-2,-6,1,-9,0.0
55.385,4,1,-2,-4,3,1,-5,0,0.0
55.39,-3,-1,-8,-2,5,3,-1,-8,0.0
55.395,41,9,24,20,-6,-2,13,24,0.0
55.4,21,12,-3,-3,0,2,-1,2,0.0
55.405,-41,-39,-76,-21,-9,-13,-7,-14,0.0
55.410000000000004,-2,18,85,40,7,9,3,2,0.0
55.415,-95,-79,-98,-59,-16,-11,-18,-28,0.0
55.42,2,-13,-53,-36,-8,-3,-8,-17,0.0
55.425000000000004,1,7,49,3,-2,-4,-2,-4,0.0
55.43,43,12,18,2,4,3,6,26,0.0
55.435,66,39,1,19,10,7,8,7,0.0
55.44,-2,10,82,99,7,2,1,10,0.0
55.445,36,-6,-79,-67,-4,4,54,25,0.0
55.45,45,22,24,-48,30,9,-40,-27,0.0
55.455,-54,2,28,2,-9,-2,3,-18,0.0
55.46,-2,11,75,2,-34,-6,-7,2,0.0
55.465,-38,1,-13,72,-3,-4,-2,18,0.0
55.47,-11,-29,14,34,4,-1,11,-3,0.0
55.475,80,47,-117,-63,9,0,10,20,0.0
55.480000000000004,14,-38,-88,-84,92,-2,-4,-4,0.0
55.485,-95,-16,61,18,-85,-10,-41,-53,0.0
55.49,-109,-63,-113,21,-40,-19,-29,-13,0.0
55.495000000000005,69,51,83,85,71,18,53,55,0.0
55.5,124,34,-39,-74,-3,-10,-17,34,0.0
55.505,127,57,-2,1,72,11,21,32,0.0
55.51,-75,2,63,16,-21,14,19,32,0.0
55.515,-110,-49,-7,-26,-87,-14,-3,-88,0.0
55.52,-88,-107,-89,96,-51,-50,-26,-32,0.0
55.525,79,37,25,-57,9,-5,-55,32,0.0
55.53,72,97,79,54,46,20,45,56,0.0
55.535000000000004,18,-8,-86,39,9,-2,12,48,0.0
55.54,23,-35,111,0,63,32,22,39,0.0
55.545,18,63,74,50,-2,33,64,73,0.0
55.550000000000004,-32,-72,63,-101,-71,-60,-42,-66,0.0
55.555,-16,50,-51,118,-17,1,-58,-94,0.0
55.56,-92,-52,-128,-41,-58,-19,-25,-74,0.0
55.565,48,-52,70,-38,37,-11,11,-34,0.0
55.57,115,60,9,-20,-13,50,19,2,0.0
55.575,16,-47,102,32,-6,-32,-19,60,0.0
55.58,127,95,75,-62,86,68,66,57,0.0
55.585,53,54,86,86,-118,-6,49,66,0.0
55.59,-70,-71,-104,-36,30,-78,-94,-80,0.0
55.595,99,-42,113,-58,57,-8,-11,5,0.0
55.6,32,73,49,85,-8,-11,6,30,0.0
55.605000000000004,57,15,11,-69,73,35,18,22,0.0
55.61,4,23,-49,-36,-5,17,34,52,0.0
55.615,-52,-6,-15,20,-40,-7,2,0,0.0
55.620000000000005,57,-1,24,36,-9,15,17,9,0.0
55.625,-26,6,-61,13,11,-2,-24,-43,0.0
55.63,-62,-25,-35,33,-28,-18,-11,-37,0.0
55.635,4,-21,-10,-56,3,2,-7,-6,0.0
55.64,-16,35,16,-3,-12,19,7,4,0.0
55.645,-58,-42,-64,-9,-3,-21,-16,-8,0.0
55.65,48,16,-45,14,1,-3,1,0,0.0
55.655,-6,22,31,-27,13,15,12,21,0.0
55.660000000000004,-34,4,-4,13,-12,-9,1,-2,0.0
55.665,-44,-36,-34,-3,-9,-14,-27,-38,0.0
55.67,26,5,34,17,25,25,27,26,0.0
55.675000000000004,-3,7,-29,11,-4,2,-4,5,0.0
55.68,-28,-20,1,-6,-34,-23,6,-15,0.0
55.685,-28,-19,-28,-32,0,-19,-87,-44,0.0
55.69,19,14,21,46,25,16,19,23,0.0
55.695,0,8,1,-36,-10,-12,5,-5,0.0
55.7,-10,-3,-45,-13,-12,-12,-23,-7,0.0
55.705,-30,-7,17,9,13,9,24,20,0.0
55.71,16,-1,-6,-28,-4,-6,9,12,0.0
55.715,5,3,-3,7,6,7,-22,-51,0.0
55.72,-14,0,9,21,-4,3,13,2,0.0
55.725,-16,-18,-20,-5,-2,-10,-16,-3,0.0
55.730000000000004,16,-7,-2,-9,-5,-4,-3,-5,0.0
55.735,13,11,-3,32,11,6,17,20,0.0
55.74,-10,7,27,12,-1,4,-2,7,0.0
55.745000000000005,-13,-13,-40,-27,-9,-4,-21,-13,0.0
55.75,5,-3,2,-3,-4,0,-9,-40,0.0
55.755,-3,-1,-2,-10,3,6,2,15,0.0
55.76,0,3,15,3,1,-1,-11,-11,0.0
55.765,-7,-16,-17,22,-7,-7,18,0,0.0
55.77,6,-4,-8,-18,0,-1,-3,9,0.0
55.775,1,3,10,-5,2,6,-18,6,0.0
55.78,-9,-3,-9,-8,-4,-1,5,-14,0.0
55.785000000000004,-2,3,15,11,5,-1,6,-13,0.0
55.79,5,0,-5,3,2,-1,2,12,0.0
55.795,5,-1,0,-4,-4,-2,12,7,0.0
55.800000000000004,-7,-2,1,-6,-8,-1,34,18,0.0
55.805,0,-5,-11,-11,-4,-2,-19,-23,0.0
55.81,4,1,-6,18,12,3,9,9,0.0
55.815,5,5,3,-6,-2,-2,-2,7,0.0
55.82,-8,-4,9,-13,-6,-7,-1,-7,0.0
55.825,-6,-3,-7,16,1,0,4,-3,0.0
55.83,4,2,-10,-4,-6,11,15,5,0.0
55.835,4,1,-7,-1,2,3,13,5,0.0
55.84,-9,-7,-10,14,14,1,-19,-8,0.0
55.845,3,1,4,-2,5,3,6,-5,0.0
55.85,-8,0,5,4,-10,-13,-14,-1,0.0
55.855000000000004,-1,2,12,-7,-11,-2,7,5,0.0
55.86,-2,-7,-10,-5,1,1,-18,-6,0.0
55.865,-14,1,4,1,1,0,0,-9,0.0
55.870000000000005,5,-9,-11,-4,-4,-2,8,15,0.0
55.875,-3,1,-10,-25,-7,-7,-3,-6,0.0
55.88,10,-6,-26,-13,-8,-7,-12,-18,0.0
55.885,6,8,14,7,0,5,9,10,0.0
55.89,1,1,15,3,-6,1,22,5,0.0
55.895,-28,1,-10,-24,-23,-11,-46,-2,0.0
55.9,11,1,-12,-30,21,4,25,14,0.0
55.905,2,-9,-10,87,67,15,2,-7,0.0
55.910000000000004,-9,-3,-29,-43,-26,-1,-3,-14,0.0
55.915,7,-1,19,61,31,4,7,3,0.0
55.92,-10,0,1,-35,-19,-11,3,6,0.0
55.925000000000004,23,5,5,-25,-25,-6,-1,4,0.0
55.93,2,7,-16,-4,-6,-3,3,30,0.0
55.935,20,-9,-15,-19,-9,2,9,-17,0.0
55.94,-45,3,14,14,-8,0,-13,2,0.0
55.945,69,5,13,-13,-12,-7,3,-16,0.0
55.95,-81,-15,-24,-8,7,-3,-20,-32,0.0
55.955,37,13,20,7,14,1,5,-13,0.0
55.96,-8,-50,-42,3,-3,-1,-13,17,0.0
55.965,65,21,35,-7,1,10,55,56,0.0
55.97,-7,0,-35,6,-9,-13,10,-36,0.0
55.975,-15,4,-47,-28,-13,-5,-46,-36,0.0
55.980000000000004,-24,7,24,14,9,-1,-18,35,0.0
55.985,6,11,16,14,7,-4,4,-25,0.0
55.99,43,9,20,-11,0,9,22,47,0.0
55.995000000000005,-16,5,1,-7,-28,4,64,88,0.0
56.0,70,15,14,68,60,14,32,124,0.0
56.005,-62,-22,-26,-24,-15,-16,-48,-85,0.0
56.01,33,5,39,-22,-8,-6,-28,9,0.0
56.015,23,0,-3,12,-1,-6,3,36,0.0
56.02,0,35,10,-44,-40,16,102,70,0.0
56.025,-5,-20,-45,-6,9,-2,-54,25,0.0
56.03,-62,-49,7,43,22,-26,-74,11,0.0
56.035000000000004,-6,-14,-17,-46,-18,9,73,102,0.0
56.04,42,13,-8,-3,-9,9,51,56,0.0
56.045,-30,8,-22,-12,-10,-32,11,-65,0.0
56.050000000000004,44,16,-12,-6,-5,7,-33,-57,0.0
56.055,-21,-15,13,13,20,-19,-105,-97,0.0
56.06,-24,-3,35,35,-4,1,33,-5,0.0
56.065,-44,-7,21,-47,-28,4,83,58,0.0
56.07,15,16,40,25,18,9,6,12,0.0
56.075,27,12,-12,7,-11,9,56,2,0.0
56.08,-11,-11,20,24,35,5,-79,-94,0.0
56.085,9,-25,-51,-53,-45,-6,36,33,0.0
56.09,37,22,75,-8,16,0,19,0,0.0
56.095,-79,-31,-53,7,-2,0,-24,-22,0.0
56.1,-30,-12,61,-37,-17,-18,-53,-85,0.0
56.105000000000004,1,16,59,30,6,-2,-34,18,0.0
56.11,-22,-21,-102,4,0,4,31,21,0.0
56.115,2,27,121,17,2,1,-23,-17,0.0
56.120000000000005,1,-3,-100,-21,-10,-17,-10,-4,0.0
56.125,4,11,49,42,8,21,4,11,0.0
56.13,108,40,-20,-1,-5,8,15,33,0.0
56.135,-63,-1,11,-5,13,-1,8,-41,0.0
56.14,-1,-52,29,62,-15,-16,62,46,0.0
56.145,-39,-39,-84,-102,-29,-23,-45,-50,0.0
56.15,-24,4,42,24,10,-1,-2,9,0.0
56.155,100,29,60,34,41,16,34,54,0.0
56.160000000000004,72,46,-21,63,8,26,28,30,0.0
56.165,3,7,37,79,-47,-19,-27,13,0.0
56.17,-20,-47,62,20,-3,-10,-5,-12,0.0
56.175000000000004,-81,-8,43,12,-11,-15,2,-44,0.0
56.18,-104,-33,-91,-116,-8,-19,-128,-85,0.0
56.185,106,-8,32,-10,4,4,15,38,0.0
56.19,73,51,47,31,72,36,35,34,0.0
56.195,127,50,-71,74,-29,38,47,36,0.0
56.2,-59,-37,1,60,-23,-14,17,1,0.0
56.205,-95,-10,-43,-1,-21,-30,-83,-45,0.0
56.21,34,1,57,-48,-4,-16,-10,-6,0.0
56.215,124,38,-2,-51,127,36,25,28,0.0
56.22,77,58,70,39,-47,24,16,-3,0.0
56.225,-102,-77,91,-11,48,-23,-20,-52,0.0
56.230000000000004,-128,-119,-42,-61,-53,-7,10,-83,0.0
56.235,41,39,82,-13,-19,-7,-27,2,0.0
56.24,46,-17,-46,-128,34,-34,-60,48,0.0
56.245000000000005,60,53,38,87,-26,30,39,74,0.0
56.25,16,32,-5,1,-26,-10,-1,-33,0.0
56.255,-67,-42,-43,-29,-8,-2,-4,-26,0.0
56.26,-4,-4,16,1,-4,2,21,-29,0.0
56.265,53,53,25,37,28,17,23,52,0.0
56.27,3,-13,-48,-2,6,15,27,55,0.0
56.275,-107,-73,-78,-10,-19,-17,-17,-28,0.0
56.28,-4,-3,91,-26,-39,-37,-58,-36,0.0
56.285000000000004,34,4,-60,-43,31,1,16,-14,0.0
56.29,15,-1,-34,47,5,15,8,12,0.0
56.295,-7,10,82,31,-8,-11,-9,-3,0.0
56.300000000000004,-4,7,62,7,5,8,11,9,0.0
56.305,-25,-26,-128,-49,14,15,10,-27,0.0
56.31,6,30,93,-15,8,-14,-6,-2,0.0
56.315,-3,-16,-104,24,-78,-23,-13,70,0.0
56.32,6,2,-15,11,4,7,2,-40,0.0
56.325,8,7,4,3,-9,0,5,-5,0.0
56.33,-2,12,-7,13,17,7,5,18,0.0
56.335,8,-10,2,-10,4,-9,9,-5,0.0
56.34,5,4,-18,2,-2,5,-1,-23,0.0
56.345,-4,10,21,-14,23,1,1,22,0.0
56.35,-11,-5,-24,14,-21,-1,-1,3,0.0
56.355000000000004,-13,-15,2,-14,-12,-8,-13,-11,0.0
56.36,3,9,-2,-14,12,1,6,-4,0.0
56.365,-4,4,11,5,-2,14,16,6,0.0
56.370000000000005,-4,-5,-29,2,10,-4,-4,0,0.0
56.375,6,-6,25,4,1,-5,11,-2,0.0
56.38,2,4,-19,10,9,1,-52,8,0.0
56.385,1,-2,18,12,-10,3,4,1,0.0
56.39,8,-1,-31,-40,-18,-8,4,14,0.0
56.395,-20,-6,-1,-15,12,-6,-6,-4,0.0
56.4,3,1,-8,12,-6,-3,-3,0,0.0
56.405,-10,-4,5,2,0,-5,29,25,0.0
56.410000000000004,-10,5,4,0,3,-3,-54,-7,0.0
56.415,4,0,-3,-10,1,-3,16,16,0.0
56.42,-1,-5,-12,1,3,2,21,-14,0.0
56.425000000000004,1,-1,6,26,7,9,6,5,0.0
56.43,4,1,15,28,-2,-10,12,15,0.0
56.435,5,-4,-19,-6,-7,-1,-4,-11,0.0
56.44,0,5,20,-2,-10,-6,5,5,0.0
56.445,1,-4,-2,-32,8,4,-9,-4,0.0
56.45,-4,3,10,12,1,-3,5,-13,0.0
56.455,-2,-4,8,0,-3,-5,-16,-9,0.0
56.46,1,-1,-1,5,1,0,18,17,0.0
56.465,4,2,2,-10,-3,2,47,-63,0.0
56.47,-2,-1,-8,9,-3,-4,-71,-45,0.0
56.475,-17,-19,11,-11,1,-3,-8,-9,0.0
56.480000000000004,1,0,-10,1,2,-1,11,3,0.0
56.485,-6,1,-11,-2,-7,-4,-4,19,0.0
56.49,14,3,-11,-5,-5,2,38,28,0.0
56.495000000000005,13,5,14,-8,6,2,-6,-7,0.0
56.5,-51,-14,3,6,-1,-3,-7,-20,0.0
56.505,5,-1,8,16,-1,1,-14,10,0.0
56.51,0,-1,-17,11,-8,-3,8,-5,0.0
56.515,-29,3,-3,-8,6,3,-6,7,0.0
56.52,7,0,-7,3,2,3,15,5,0.0
56.525,0,-2,-8,-11,-1,-4,-26,-38,0.0
56.53,-1,1,25,9,-4,3,20,19,0.0
56.535000000000004,9,3,8,-11,-4,3,12,-6,0.0
56.54,19,8,-3,-21,-4,1,-74,-43,0.0
56.545,-28,-9,-19,20,8,-1,-4,14,0.0
56.550000000000004,10,4,27,-3,-4,-2,9,-3,0.0
56.555,37,-4,-20,20,9,13,110,112,0.0
56.56,-46,-9,-31,-17,2,-15,-80,-93,0.0
56.565,-4,-8,9,-11,-8,-7,-28,69,0.0
56.57,-21,2,-29,-14,-6,5,0,43,0.0
56.575,0,0,20,2,-6,-6,3,5,0.0
56.58,30,11,-7,1,3,1,42,25,0.0
56.585,19,6,9,-3,8,8,9,5,0.0
56.59,31,3,-18,12,-1,-1,19,-4,0.0
56.595,-98,-10,13,6,9,2,-28,-54,0.0
56.6,22,-10,17,54,-12,0,31,10,0.0
56.605000000000004,-13,-16,8,-85,-15,-16,-54,-37,0.0
56.61,36,9,-2,-24,-2,1,26,24,0.0
56.615,18,17,-18,-9,4,4,-19,-16,0.0
56.620000000000005,-34,-15,19,29,6,2,4,7,0.0
56.625,0,5,27,32,9,1,30,5,0.0
56.63,-10,-9,-28,-7,-4,-1,-8,2,0.0
56.635,23,4,11,-4,-8,-5,-35,-57,0.0
56.64,-8,-7,-21,-10,-1,5,50,41,0.0
56.645,11,2,-8,10,1,-4,-15,-1,0.0
56.65,-23,-7,-16,-19,1,-7,-26,-79,0.0
56.655,9,0,18,17,-5,-7,-20,4,0.0
56.660000000000004,-12,-9,24,21,0,13,42,54,0.0
56.665,0,0,-17,-2,-2,4,-58,-34,0.0
56.67,-19,-9,-10,-34,-3,-12,-12,-6,0.0
56.675000000000004,46,-4,-21,4,-6,2,13,18,0.0
56.68,18,30,29,10,12,0,-9,-1,0.0
56.685,-12,-9,-10,22,0,1,24,24,0.0
56.69,-26,-12,0,2,0,3,-6,-5,0.0
56.695,0,-16,0,1,-5,-8,-17,2,0.0
56.7,19,8,-6,-30,2,-4,10,11,0.0
56.705,8,17,-2,16,3,3,16,-4,0.0
56.71,3,0,9,11,-1,1,8,16,0.0
56.715,5,10,32,5,-1,-3,0,11,0.0
56.72,-20,-5,-36,-12,-1,0,11,-51,0.0
56.725,0,-8,-17,-11,-12,-18,-59,-1,0.0
56.730000000000004,17,0,15,-3,-8,2,29,29,0.0
56.735,-22,0,-6,-7,1,-13,-84,-83,0.0
56.74,-28,3,1,8,4,14,-14,0,0.0
56.745000000000005,12,-7,9,13,5,1,35,20,0.0
56.75,-7,-2,-1,8,3,0,24,27,0.0
56.755,9,-2,-14,-9,2,2,27,37,0.0
56.76,9,3,10,13,-11,-10,-55,-51,0.0
56.765,2,3,-40,-25,-28,0,24,7,0.0
56.77,-12,-9,11,10,5,0,-6,-38,0.0
56.775,-10,-9,-10,-9,0,-2,-20,-20,0.0
56.78,5,-3,-2,-15,3,2,8,22,0.0
56.785000000000004,0,5,9,-5,8,-6,16,1,0.0
56.79,-2,0,-2,30,-13,-5,-23,-8,0.0
56.795,-6,0,-5,-12,-5,2,31,19,0.0
56.800000000000004,14,-5,-26,-18,0,-2,14,22,0.0
56.805,-6,0,17,9,6,4,6,-40,0.0
56.81,-4,1,1,-9,1,-5,-12,3,0.0
56.815,-5,-8,-15,-6,0,0,9,9,0.0
56.82,15,1,17,0,-5,-2,-4,14,0.0
56.825,-12,-9,-12,-1,-6,-3,12,0,0.0
56.83,-6,-3,5,-5,3,0,-5,2,0.0
56.835,2,-6,-13,1,-3,0,7,0,0.0
56.84,4,-4,-4,-9,3,-3,-7,-6,0.0
56.845,-5,-5,-5,7,5,3,7,5,0.0
56.85,-2,-6,-17,-9,2,-2,0,-3,0.0
56.855000000000004,2,2,14,-15,-6,-1,29,30,0.0
56.86,3,-1,-12,6,-11,-9,-63,-34,0.0
56.865,-1,5,10,-15,11,4,0,1,0.0
56.870000000000005,1,-4,-1,22,0,1,0,2,0.0
56.875,-1,4,-7,-2,2,-2,11,1,0.0
56.88,-2,-1,0,-3,5,4,24,11,0.0
56.885,-1,2,16,-3,0,-1,-3,-2,0.0
56.89,3,3,6,-9,-2,0,-16,-7,0.0
56.895,6,5,-3,-6,0,0,-5,3,0.0
56.9,-14,-8,3,10,-8,-4,14,21,0.0
56.905,1,-5,7,3,-6,-1,-14,-6,0.0
56.910000000000004,-24,-1,-15,-21,-1,1,21,19,0.0
56.915,-4,0,-2,-4,-2,-4,-8,-48,0.0
56.92,11,4,-7,-8,2,4,2,14,0.0
56.925000000000004,0,4,-3,-6,2,3,55,36,0.0
56.93,-1,-1,3,22,4,-2,-72,-80,0.0
56.935,-2,-8,-23,-35,4,-1,-5,13,0.0
56.94,-1,5,8,7,-23,-1,13,-1,0.0
56.945,-5,-9,-4,10,-2,-2,9,-1,0.0
56.95,5,8,2,0,-3,2,11,17,0.0
56.955,4,2,-3,12,4,-3,-10,5,0.0
56.96,-10,-1,-4,-9,7,-3,4,-12,0.0
56.965,12,-3,8,23,8,0,-12,-3,0.0
56.97,-22,-7,-27,-36,-21,-5,11,17,0.0
56.975,0,-2,16,19,-6,-1,-11,-3,0.0
56.980000000000004,9,6,6,-2,7,1,18,15,0.0
56.985,1,11,31,32,-6,1,-10,-4,0.0
56.99,-4,-2,-4,-38,8,-4,1,6,0.0
56.995000000000005,1,3,19,30,-4,2,50,13,0.0
57.0,0,-7,-12,-32,-5,-1,7,0,0.0
57.005,-2,3,-15,-11,7,-1,-42,-12,0.0
57.01,3,3,11,-11,2,-5,-3,0,0.0
57.015,30,7,8,-5,-6,3,9,15,0.0
57.02,-10,-18,-79,-14,-8,-8,-7,-6,0.0
57.025,-12,-5,29,-30,-5,0,1,3,0.0
57.03,-3,-11,-84,-16,-7,-4,14,-18,0.0
57.035000000000004,-12,-4,6,-16,-5,-5,-25,-4,0.0
57.04,6,11,33,38,11,4,2,-8,0.0
57.045,4,2,-2,-16,-2,-3,-4,4,0.0
57.050000000000004,4,0,25,29,-9,2,2,3,0.0
57.055,-2,5,7,19,7,7,1,13,0.0
57.06,-15,-14,-27,-27,-7,-9,-9,-2,0.0
57.065,9,-4,19,1,-4,-2,-1,6,0.0
57.07,5,4,7,5,7,0,3,-3,0.0
57.075,-3,-4,-23,-4,2,2,-9,-5,0.0
57.08,5,-1,25,17,-1,3,10,11,0.0
57.085,13,6,10,-27,-4,0,-7,41,0.0
57.09,-10,-14,-59,5,-5,-7,5,20,0.0
57.095,-6,-3,0,-13,0,-3,-13,-30,0.0
57.1,3,5,17,0,2,-1,-11,2,0.0
57.105000000000004,-10,-2,-3,13,-3,0,13,-8,0.0
57.11,7,8,29,16,5,1,4,13,0.0
57.115,8,-4,-12,9,1,-3,-1,22,0.0
57.120000000000005,1,-2,10,-30,11,1,9,-18,0.0
57.125,21,4,-29,22,-13,1,22,9,0.0
57.13,56,17,28,-9,19,10,-14,8,0.0
57.135,8,7,-55,-17,-15,-7,-6,-4,0.0
57.14,2,-19,26,13,-35,4,-1,-9,0.0
57.145,-79,-48,-103,0,18,-14,-17,-40,0.0
57.15,55,25,127,-73,51,27,16,18,0.0
57.155,98,42,-12,-4,-37,-7,21,8,0.0
57.160000000000004,37,-10,58,-34,-32,-17,-14,79,0.0
57.165,-79,-90,-40,-3,23,-6,-32,-103,0.0
57.17,53,56,46,-3,-52,-8,13,28,0.0
57.175000000000004,-128,-83,-20,-43,19,-31,-25,62,0.0
57.18,113,64,121,32,99,18,-11,-93,0.0
57.185,79,66,-71,36,-124,-34,27,58,0.0
57.19,-70,-117,63,-15,63,-8,47,62,0.0
57.195,124,114,74,54,73,63,51,-19,0.0
57.2,43,76,17,-70,106,30,54,63,0.0
57.205,-38,-35,-7,-2,-51,-67,-63,-29,0.0
57.21,72,-43,-78,-38,33,-35,-66,-58,0.0
57.215,50,9,69,85,-21,-5,12,13,0.0
57.22,88,7,-57,-2,60,29,19,12,0.0
57.225,39,80,33,-53,18,50,72,40,0.0
57.230000000000004,-75,-55,36,69,-87,-51,-53,-74,0.0
57.235,-36,3,7,23,-5,6,-26,-42,0.0
57.24,-79,-85,-87,11,-54,-29,-47,11,0.0
57.245000000000005,72,80,22,-106,-44,24,53,61,0.0
57.25,-71,-35,41,34,15,-7,-15,-100,0.0
57.255,127,66,-68,-24,-23,11,13,33,0.0
57.26,-71,9,-55,40,-96,-7,3,-43,0.0
57.265,-50,-68,37,18,43,-5,-13,-6,0.0
57.27,16,-4,-30,24,10,3,-6,11,0.0
57.275,90,30,32,6,42,14,11,3,0.0
57.28,-60,-35,9,-22,-19,-3,23,1,0.0
57.285000000000004,-74,-29,-20,27,-15,3,-22,-31,0.0
57.29,22,50,0,27,21,13,-11,26,0.0
57.295,-27,-21,-20,-21,-13,-6,-1,4,0.0
57.300000000000004,-12,-2,-28,-3,-33,-15,-15,-38,0.0
57.305,29,10,70,23,64,6,-14,-12,0.0
57.31,36,45,-44,8,-8,22,34,46,0.0
57.315,-93,-48,-21,-20,-30,-23,-10,-11,0.0
57.32,0,-15,15,18,14,-6,-16,-4,0.0
57.325,33,14,4,10,23,12,-1,-4,0.0
57.33,0,27,-13,-21,-18,12,40,32,0.0
57.335,-44,-42,-14,-36,-6,-16,-64,7,0.0
57.34,-18,18,51,83,12,-1,-12,16,0.0
57.345,35,10,-7,-29,11,2,13,22,0.0
57.35,-2,17,7,69,-14,5,-10,5,0.0
57.355000000000004,-42,-39,-21,-108,-5,-16,4,-24,0.0
57.36,20,11,9,-16,1,-2,-11,1,0.0
57.365,6,0,-9,76,4,5,61,36,0.0
57.370000000000005,0,-1,14,1,-3,-3,-52,-64,0.0
57.375,-13,-3,19,26,6,0,19,27,0.0
57.38,16,6,-3,8,-3,-3,11,29,0.0
57.385,14,-6,-11,-44,4,-3,49,52,0.0
57.39,-17,14,-11,-18,5,14,-60,-65,0.0
57.395,-6,-8,-24,-12,-6,-1,71,55,0.0
57.4,-33,-11,-7,9,-23,-20,-70,-94,0.0
57.405,9,2,6,-2,13,-1,-30,2,0.0
57.410000000000004,13,11,-5,-5,-3,9,49,49,0.0
57.415,-23,-12,18,8,-4,-1,-11,-28,0.0
57.42,13,0,1,5,9,10,28,29,0.0
57.425000000000004,10,7,18,0,7,3,-18,-21,0.0
57.43,-3,0,-30,-11,-10,-3,18,0,0.0
57.435,-13,-11,-9,5,-1,-7,-25,-37,0.0
57.44,6,1,-32,-11,0,4,20,20,0.0
57.445,20,8,35,19,0,-4,-38,-17,0.0
57.45,-9,-5,-21,-17,2,1,18,18,0.0
57.455,7,5,17,11,4,0,-10,-9,0.0
57.46,-8,-11,0,-16,-8,-6,-4,7,0.0
57.465,-3,-6,-16,-10,-2,1,-15,-26,0.0
57.47,-16,-10,0,-1,14,1,12,15,0.0
57.475,19,10,7,5,-13,2,-2,8,0.0
57.480000000000004,-20,-13,-19,5,-17,-10,0,-20,0.0
57.485,43,13,15,2,11,3,-4,-12,0.0
57.49,71,31,-8,13,-4,2,16,36,0.0
57.495000000000005,-118,-40,-21,-2,9,-7,-31,-61,0.0
57.5,68,10,-7,-25,-35,-4,2,10,0.0
57.505,-21,-9,7,6,8,4,-7,-1,0.0
57.51,22,-1,10,-1,-7,0,23,17,0.0
57.515,24,19,3,4,13,-2,-5,-11,0.0
57.52,-22,0,2,0,8,-5,-57,-21,0.0
57.525,-10,-3,-6,3,-1,2,15,-7,0.0
57.53,-1,12,1,-5,-4,1,3,16,0.0
57.535000000000004,0,-7,3,8,-8,0,-15,-5,0.0
57.54,-9,-5,1,-7,5,-9,18,10,0.0
57.545,10,5,5,7,8,9,10,6,0.0
57.550000000000004,-22,-13,-15,-14,-6,-8,-15,-14,0.0
57.555,0,-6,3,7,-3,-3,9,18,0.0
57.56,-1,-8,9,2,2,7,1,25,0.0
57.565,-3,0,-6,-17,3,-4,-20,-7,0.0
57.57,-13,-9,-19,-2,-4,-1,18,13,0.0
57.575,6,-1,73,37,-3,-3,-10,-13,0.0
57.58,6,-10,-84,-12,-1,2,18,15,0.0
57.585,-9,-14,-31,-82,-14,-9,-19,-12,0.0
57.59,-2,-1,19,4,3,1,-7,-11,0.0
57.595,30,8,15,6,4,-2,4,20,0.0
57.6,16,11,33,12,18,7,15,0,0.0
57.605000000000004,-3,2,11,15,-11,-5,-2,2,0.0
57.61,6,-4,-30,-20,-6,3,-1,-17,0.0
57.615,-15,-3,23,15,-1,-2,-8,-9,0.0
57.620000000000005,-12,-3,-11,-21,-1,0,5,2,0.0
57.625,0,2,5,30,1,0,49,26,0.0
57.63,5,5,14,5,-2,-6,-12,-26,0.0
57.635,10,1,-30,-7,-3,1,2,-3,0.0
57.64,-2,-2,0,-11,-1,-4,-5,-7,0.0
57.645,6,6,28,19,6,4,11,18,0.0
57.65,-13,2,11,21,-1,1,3,9,0.0
57.655,4,-3,-36,-18,-4,-5,-6,1,0.0
57.660000000000004,-3,-1,3,-8,-6,-2,10,-5,0.0
57.665,8,4,-7,11,2,3,-19,-14,0.0
57.67,-11,1,1,-12,2,-4,0,6,0.0
57.675000000000004,4,-8,-38,21,-3,-4,-16,-15,0.0
57.68,30,14,50,19,10,7,8,14,0.0
57.685,-38,1,15,4,-7,-3,-13,-11,0.0
57.69,45,4,-8,-8,1,-6,-6,-5,0.0
57.695,3,-2,-17,-28,4,7,16,15,0.0
57.7,-6,-16,-58,-35,-22,-15,-12,-20,0.0
57.705,73,3,8,14,7,4,-8,5,0.0
57.71,-22,-2,-64,-27,4,3,4,8,0.0
57.715,-89,-10,3,78,1,-1,-2,-14,0.0
57.72,7,7,9,-45,-1,-2,-2,-11,0.0
57.725,-1,10,-61,-28,-11,-3,-10,-16,0.0
57.730000000000004,15,-4,-50,-74,-12,-9,-8,30,0.0
57.735,35,34,19,-32,7,2,-19,70,0.0
57.74,-101,-11,63,84,-2,4,35,8,0.0
57.745000000000005,-7,30,38,63,11,1,-17,26,0.0
57.75,-55,-11,-41,-53,-23,-24,-77,-97,0.0
57.755,-26,5,-27,-40,0,7,16,10,0.0
57.76,25,19,-1,11,9,9,3,2,0.0
57.765,-13,-3,25,3,8,2,28,19,0.0
57.77,1,-1,39,69,7,11,43,30,0.0
57.775,-51,-40,-45,-32,-4,-9,-21,-37,0.0
57.78,28,-13,58,-4,11,-2,-1,7,0.0
57.785000000000004,-80,-45,-71,24,-25,-10,-17,-32,0.0
57.79,22,-17,21,27,-8,-6,-3,7,0.0
57.795,18,-14,35,-18,0,2,1,-13,0.0
57.800000000000004,21,-17,-29,-14,1,-2,-8,2,0.0
57.805,4,-11,-8,-16,25,4,-5,-3,0.0
57.81,8,9,63,14,29,8,8,7,0.0
57.815,85,22,53,40,-18,1,14,-1,0.0
57.82,-41,-5,-55,-15,5,8,7,-4,0.0
57.825,14,2,40,8,-89,-18,-7,9,0.0
57.83,-40,-7,0,46,-25,-17,-17,7,0.0
57.835,23,-10,-19,-26,13,-1,-2,-21,0.0
57.84,44,17,-19,-37,32,15,-5,0,0.0
57.845,9,-17,3,24,15,-12,-20,-30,0.0
57.85,20,11,56,-61,8,10,20,19,0.0
57.855000000000004,-4,6,59,-20,35,8,2,-6,0.0
57.86,80,35,53,-15,22,31,15,-14,0.0
57.865,103,46,16,46,-70,4,78,49,0.0
57.870000000000005,-64,-90,88,77,-39,-51,-82,-66,0.0
57.875,-9,-5,-56,-26,-13,-25,-26,-11,0.0
57.88,26,27,31,34,5,1,22,6,0.0
57.885,80,13,28,-128,127,41,-11,-43,0.0
57.89,-66,27,0,97,-79,-2,15,-26,0.0
57.895,-63,-54,33,3,50,16,38,86,0.0
57.9,-118,10,52,111,-109,-26,-23,-32,0.0
57.905,-97,-61,-89,-101,0,-69,-91,-38,0.0
57.910000000000004,125,92,109,-23,15,26,31,61,0.0
57.915,-35,-16,-46,-6,83,-1,-18,-43,0.0
57.92,126,76,77,-67,112,62,53,118,0.0
57.925000000000004,14,16,-35,46,-90,12,39,19,0.0
57.93,-89,-119,-67,41,-91,-52,-29,-9,0.0
57.935,125,114,-8,59,12,-3,-25,11,0.0
57.94,-10,-86,-49,-106,34,-18,-28,-36,0.0
57.945,-80,-11,127,-23,36,-32,-35,-2,0.0
57.95,108,33,-94,-40,127,60,49,-32,0.0
57.955,48,67,73,-1,-30,35,99,98,0.0
57.96,10,-72,-106,38,-101,-17,-46,-99,0.0
57.965,-11,-63,-16,-18,6,-20,-50,-97,0.0
57.97,5,37,72,42,-1,5,15,34,0.0
57.975,102,34,30,-116,106,33,33,18,0.0
57.980000000000004,-39,-16,-82,72,-80,-15,31,49,0.0
57.985,-71,-6,-50,78,-102,-6,10,-1,0.0
57.99,-48,-24,-47,-19,34,-5,-17,5,0.0
57.995000000000005,68,26,75,12,1,18,9,-2,0.0
58.0,-101,-40,-56,-56,-27,-58,-85,-73,0.0
58.005,58,11,38,12,7,2,8,23,0.0
58.01,3,21,99,-52,26,4,8,8,0.0
58.015,-5,-30,-99,10,-87,-14,-13,-20,0.0
58.02,16,31,25,36,20,9,15,31,0.0
58.025,-16,7,29,14,23,10,-1,-3,0.0
58.03,13,14,-41,-33,3,0,-1,-4,0.0
58.035000000000004,-43,-34,-8,16,-34,-9,-4,-16,0.0
58.04,-3,5,30,10,21,-7,-5,1,0.0
58.045,-1,9,-20,-6,28,17,13,1,0.0
58.050000000000004,27,6,-34,-19,11,13,37,39,0.0
58.055,-55,-26,-6,50,-46,-26,-76,-50,0.0
58.06,0,3,-1,-56,6,-8,-18,0,0.0
58.065,21,15,-20,6,19,14,29,29,0.0
58.07,-2,-7,-48,5,-6,0,-25,-12,0.0
58.075,-28,-23,3,42,-11,-5,34,17,0.0
58.08,6,0,29,-46,2,-8,-33,-36,0.0
58.085,12,-5,-9,-40,13,5,32,29,0.0
58.09,10,-6,-69,-55,-8,-4,-36,12,0.0
58.095,-7,-12,18,47,-8,-4,-24,-40,0.0
58.1,13,23,22,41,24,10,45,69,0.0
58.105000000000004,16,-5,17,-7,-6,-9,-52,-69,0.0
58.11,-17,-7,1,9,-6,0,23,2,0.0
58.115,-3,-11,-23,-45,-21,-7,6,-3,0.0
58.120000000000005,7,3,-11,11,7,8,33,71,0.0
58.125,-11,3,12,22,10,8,14,36,0.0
58.13,7,1,2,0,3,0,3,7,0.0
58.135,-1,-13,0,-9,-13,-5,1,-13,0.0
58.14,1,0,16,-4,2,2,7,-16,0.0
58.145,1,1,-12,19,7,7,20,31,0.0
58.15,8,-3,6,26,-1,1,-8,-23,0.0
58.155,-21,-10,-11,-65,-16,-8,-3,21,0.0
58.160000000000004,-8,1,10,19,2,-2,-1,-11,0.0
58.165,3,-4,-10,-45,0,3,-9,3,0.0
58.17,20,9,8,16,11,14,81,52,0.0
58.175000000000004,-31,-10,7,26,-4,-10,-101,-102,0.0
58.18,5,2,-6,-20,0,-6,-2,10,0.0
58.185,12,5,4,12,1,-3,-20,-15,0.0
58.19,8,0,4,-7,-8,-3,11,4,0.0
58.195,-5,1,-7,5,1,2,27,21,0.0
58.2,-2,-3,2,8,3,-2,-19,-20,0.0
58.205,-103,-17,-10,5,0,-1,-2,-12,0.0
58.21,3,1,-2,-3,4,-2,31,12,0.0
58.215,-3,-6,-12,-16,-17,-8,-53,-28,0.0
58.22,32,4,19,11,3,3,1,-14,0.0
58.225,35,10,3,-1,2,3,16,24,0.0
58.230000000000004,-8,-4,9,-16,-7,-4,-16,-20,0.0
58.235,-16,-4,-14,9,0,-1,16,11,0.0
58.24,1,0,11,22,2,0,-6,-22,0.0
58.245000000000005,17,0,-12,-24,-3,0,30,52,0.0
58.25,-21,-4,-10,-22,0,-2,-100,-50,0.0
58.255,32,-1,-23,-2,-9,-9,-16,21,0.0
58.26,-13,-5,3,-10,-2,-5,-3,2,0.0
58.265,25,9,0,15,5,13,66,60,0.0
58.27,-10,-7,-3,-9,-9,-21,-105,-56,0.0
58.275,2,7,27,51,8,7,70,63,0.0
58.28,1,-2,-5,-9,-2,0,-9,17,0.0
58.285000000000004,-4,-2,-3,-31,11,-1,-38,-92,0.0
58.29,31,3,28,33,-23,4,63,66,0.0
58.295,41,23,17,1,0,7,-3,-33,0.0
58.300000000000004,-11,-24,55,96,11,8,105,104,0.0
58.305,-37,-46,-88,-86,-24,-35,-62,-88,0.0
58.31,-64,-8,-12,-5,1,2,47,37,0.0
58.315,16,1,11,10,1,-8,3,12,0.0
58.32,46,21,25,15,12,18,48,60,0.0
58.325,7,22,70,109,17,24,-5,63,0.0
58.33,15,-20,-50,-58,-7,-12,-22,-54,0.0
58.335,-15,-14,6,18,-9,-10,-5,17,0.0
58.34,-21,8,10,-22,-6,-14,-49,-49,0.0
58.345,27,31,18,17,-1,0,-7,43,0.0
58.35,5,6,-19,-23,21,18,11,3,0.0
58.355000000000004,-22,2,24,16,1,1,11,8,0.0
58.36,0,13,-19,-11,-15,-8,-20,-20,0.0
58.365,45,10,7,5,-8,0,4,-2,0.0
58.370000000000005,23,21,18,18,8,4,-33,-2,0.0
58.375,-30,-25,-20,-44,4,-2,-10,-24,0.0
58.38,-28,-38,-46,-31,12,-4,-18,-30,0.0
58.385,18,4,22,-2,12,5,11,22,0.0
58.39,10,4,14,17,-43,-1,24,46,0.0
58.395,-46,-31,-48,-15,-22,-22,-20,-41,0.0
58.4,1,5,-23,-16,2,-7,-30,-24,0.0
58.405,-5,-15,-11,2,-3,-2,8,2,0.0
58.410000000000004,-5,-3,44,9,23,0,7,-8,0.0
58.415,12,10,-59,-9,-3,8,14,7,0.0
58.42,-15,-11,10,-16,-6,3,12,0,0.0
58.425000000000004,12,16,108,16,15,8,3,5,0.0
58.43,-5,-17,-105,-15,-9,-14,6,-8,0.0
58.435,-15,-12,-11,5,0,-1,-2,-10,0.0
58.44,13,6,-10,-11,-1,8,-1,0,0.0
58.445,2,-1,8,-3,-19,-8,-4,11,0.0
58.45,-12,7,80,25,19,1,-5,-21,0.0
58.455,6,8,-15,-11,9,4,18,17,0.0
58.46,40,6,-22,-20,-21,-8,-5,24,0.0
58.465,-46,-14,25,-15,-28,-16,-15,-28,0.0
58.47,-17,-11,-60,27,28,6,11,3,0.0
58.475,3,3,29,-2,29,12,12,6,0.0
58.480000000000004,-13,5,0,11,-6,-4,-12,-23,0.0
58.485,-17,-9,-51,-16,-24,-15,-10,-5,0.0
58.49,31,5,-22,-47,-25,-10,4,36,0.0
58.495000000000005,-28,14,52,6,2,10,34,24,0.0
58.5,37,-12,-30,-12,18,2,-9,-83,0.0
58.505,13,9,-1,19,7,0,-18,5,0.0
58.51,-41,-24,-22,-9,-1,-2,7,-34,0.0
58.515,61,10,0,13,6,2,-7,75,0.0
58.52,-21,6,13,-35,-23,-10,3,-25,0.0
58.525,19,3,-21,-6,-13,-2,-6,-28,0.0
58.53,40,16,66,50,32,13,25,23,0.0
58.535000000000004,-36,-19,-4,0,-65,-19,-26,-79,0.0
58.54,20,-7,10,-11,39,6,6,46,0.0
58.545,3,-4,-107,5,9,-5,5,-10,0.0
58.550000000000004,10,6,56,-1,4,5,-8,12,0.0
58.555,-12,0,-29,27,-16,-4,-2,2,0.0
58.56,-31,-13,-60,-17,-58,-17,-24,-4,0.0
58.565,19,4,39,-44,73,21,21,3,0.0
58.57,-15,5,28,33,9,3,7,2,0.0
58.575,11,4,-21,-25,2,-4,-6,-2,0.0
58.58,25,9,43,36,-11,3,7,17,0.0
58.585,-69,-8,52,-22,-19,-12,-13,-41,0.0
58.59,-30,-17,-97,-12,-22,-1,-9,-6,0.0
58.595,27,-5,75,-22,-8,-5,-5,-8,0.0
58.6,3,19,-6,17,35,3,-2,15,0.0
58.605000000000004,3,-3,-22,19,-13,1,3,1,0.0
58.61,1,-3,80,12,9,0,-5,-9,0.0
58.615,-6,-8,-39,-53,10,-1,1,-4,0.0
58.620000000000005,-14,-13,-46,-50,-16,2,5,15,0.0
58.625,30,15,86,19,10,7,7,-11,0.0
58.63,-4,-1,5,-4,-26,-10,2,2,0.0
58.635,0,-20,-93,-13,-14,-12,-14,-4,0.0
58.64,49,40,116,27,40,21,11,17,0.0
58.645,51,22,-80,48,-28,6,15,19,0.0
58.65,-32,-3,8,22,55,13,-10,-34,0.0
58.655,-28,-72,-57,-28,-74,-33,-15,-15,0.0
58.660000000000004,-18,-28,107,-72,82,11,-16,26,0.0
58.665,45,29,101,55,-64,-23,-5,0,0.0
58.67,115,22,-104,-42,30,14,20,89,0.0
58.675000000000004,127,127,110,91,43,30,26,-20,0.0
58.68,-128,-77,-128,8,-118,-51,-47,-100,0.0
58.685,15,-36,23,20,35,-20,-29,4,0.0
58.69,90,63,30,-77,47,12,-31,-37,0.0
58.695,28,4,-14,19,50,55,40,38,0.0
58.7,-1,-30,-18,-5,-68,-56,-40,-16,0.0
58.705,-45,-26,30,64,105,3,-24,-57,0.0
58.71,32,2,-59,52,-101,-22,24,75,0.0
58.715,127,110,113,6,127,59,59,2,0.0
58.72,-68,-30,-92,64,-92,-13,-16,-81,0.0
58.725,-75,-24,25,-35,18,-19,-20,-25,0.0
58.730000000000004,-65,-62,-65,-21,-75,-16,-17,-72,0.0
58.735,42,0,101,-72,76,23,28,95,0.0
58.74,44,-3,-53,-39,-28,-2,34,127,0.0
58.745000000000005,-17,17,8,61,-90,-24,-33,-67,0.0
58.75,-26,-29,24,-61,8,-13,28,11,0.0
58.755,16,20,31,25,22,-23,-90,-18,0.0
58.76,39,48,-16,18,16,56,50,11,0.0
58.765,-80,-84,-103,-80,-79,-11,-17,-16,0.0
58.77,53,19,46,39,34,9,8,-8,0.0
58.775,-51,-48,-13,-4,-15,-32,6,-20,0.0
58.78,126,76,25,-18,127,32,18,33,0.0
58.785000000000004,33,40,-89,8,-81,2,29,64,0.0
58.79,-88,-67,33,4,23,-33,-46,-76,0.0
58.795,-30,-2,61,-7,32,-18,-18,4,0.0
58.800000000000004,10,7,-59,30,47,-1,-6,-50,0.0
58.805,33,37,50,-35,51,36,33,81,0.0
58.81,-5,9,4,1,-19,-1,-4,-9,0.0
58.815,-61,-20,-40,12,-72,-22,-16,-29,0.0
58.82,-9,10,84,13,3,14,11,-5,0.0
58.825,11,-12,-63,-47,-9,3,72,32,0.0
58.83,-15,14,19,11,12,-4,-75,-61,0.0
58.835,-29,-28,-45,9,-36,-7,-3,-18,0.0
58.84,-15,3,-6,-2,-9,-2,10,-5,0.0
58.845,27,-3,-3,-7,43,8,10,10,0.0
58.85,-1,13,5,6,-12,5,3,6,0.0
58.855000000000004,-19,2,3,5,-33,-4,6,-10,0.0
58.86,-10,-16,17,63,9,-13,-18,7,0.0
58.865,11,7,-12,-76,10,-6,-16,-17,0.0
58.870000000000005,9,6,3,-9,-27,5,76,50,0.0
58.875,-32,-19,-6,30,-4,-10,-68,-87,0.0
58.88,-17,-22,-62,-66,-1,-15,-3,8,0.0
58.885,26,3,11,7,29,14,-7,5,0.0
58.89,0,24,33,21,-4,3,22,27,0.0
58.895,-2,-14,-16,3,-18,-2,4,-19,0.0
58.9,-6,-1,43,29,-3,-6,7,-10,0.0
58.905,10,10,-8,-5,10,7,-30,20,0.0
58.910000000000004,4,-7,-31,-36,-2,0,39,19,0.0
58.915,-23,-3,4,29,-6,0,-27,7,0.0
58.92,32,11,51,-2,6,-1,-17,-10,0.0
58.925000000000004,3,-4,-17,-9,11,3,16,8,0.0
58.93,9,7,34,26,13,3,3,12,0.0
58.935,-21,-9,-39,-18,-16,-5,8,17,0.0
58.94,-17,-10,-3,-19,-11,-2,8,-1,0.0
58.945,6,-2,1,5,10,-5,9,16,0.0
58.95,12,8,7,19,5,-3,-59,-20,0.0
58.955,-7,0,-21,-31,-15,-5,19,-5,0.0
58.96,0,-1,7,-12,-2,-2,-20,14,0.0
58.965,10,8,26,19,7,6,1,-9,0.0
58.97,-11,-2,-10,-6,4,-4,-15,-12,0.0
58.975,6,-6,-21,-14,-15,2,16,31,0.0
58.980000000000004,-5,4,13,15,6,-3,4,1,0.0
58.985,9,11,-9,10,8,6,-7,0,0.0
58.99,-46,-25,-13,-36,-19,-9,-9,-24,0.0
58.995000000000005,-9,-6,-10,0,5,0,10,4,0.0
59.0,4,9,16,-11,1,5,-3,-7,0.0
59.005,12,1,8,22,-1,-2,-3,-21,0.0
59.01,14,9,0,4,7,1,0,6,0.0
59.015,2,-4,-7,-8,-16,-11,0,-1,0.0
59.02,-4,-2,0,-4,2,2,-5,-7,0.0
59.025,13,5,-4,-11,-6,-1,-2,6,0.0
59.03,8,1,4,12,7,3,1,3,0.0
59.035000000000004,-15,-14,-3,4,0,-4,0,-5,0.0
59.04,20,5,2,4,3,2,40,37,0.0
59.045,-22,-17,1,-9,-4,-12,-91,-83,0.0
59.050000000000004,5,-3,-22,1,-5,4,3,5,0.0
59.055,5,4,0,-9,-9,-4,4,6,0.0
59.06,-3,-2,13,16,9,6,-1,-10,0.0
59.065,-10,-5,-14,-10,6,1,35,19,0.0
59.07,4,-4,11,5,0,-6,-29,-1,0.0
59.075,9,-1,-5,-13,-10,-2,-12,-7,0.0
59.08,-6,-1,6,-3,-10,-8,-3,2,0.0
59.085,12,9,9,18,2,-3,6,4,0.0
59.09,-12,-9,5,9,18,4,9,-9,0.0
59.095,12,2,17,-17,4,21,71,122,0.0
59.1,0,-4,-75,-59,-6,-12,-1,29,0.0
59.105000000000004,-17,-11,42,29,-1,-4,29,31,0.0
59.11,9,4,-48,-64,-20,-12,-28,-36,0.0
59.115,11,2,21,14,3,4,13,11,0.0
59.120000000000005,-3,11,46,58,17,11,5,8,0.0
59.125,11,7,-33,-35,-3,2,17,4,0.0
59.13,12,7,26,-3,2,9,8,27,0.0
59.135,-9,-6,-16,-6,-9,-13,-26,-33,0.0
59.14,-4,3,17,-3,0,-3,-16,-36,0.0
59.145,-2,-4,-13,27,4,1,2,-4,0.0
59.15,39,13,15,12,-4,5,11,20,0.0
59.155,-79,-29,-36,-21,-2,1,15,7,0.0
59.160000000000004,-24,-7,21,23,0,-5,-94,-65,0.0
59.165,-20,-20,5,-11,1,-10,-22,-79,0.0
59.17,15,15,14,40,-4,2,24,42,0.0
59.175000000000004,1,17,-14,-13,9,2,-12,-6,0.0
59.18,2,5,-2,21,-12,7,69,110,0.0
59.185,2,-21,-7,-23,1,-10,-53,-81,0.0
59.19,-35,-2,41,16,-4,-2,-11,-6,0.0
59.195,50,-4,-85,-49,-20,-8,-20,-22,0.0
59.2,-39,3,5,-39,-6,-4,25,12,0.0
59.205,6,13,9,-20,33,12,12,55,0.0
59.21,-8,4,26,83,-18,-7,10,-8,0.0
59.215,35,-4,3,9,-13,-5,5,-17,0.0
59.22,5,-18,-26,-9,-9,0,-8,-12,0.0
59.225,14,14,-2,-15,1,-4,10,20,0.0
59.230000000000004,-1,-10,-38,-23,20,-3,-45,-50,0.0
59.235,-33,-18,18,25,8,2,-8,2,0.0
59.24,17,13,7,11,4,-1,1,-16,0.0
59.245000000000005,25,17,42,81,-3,8,31,94,0.0
59.25,-52,-39,-78,-100,-9,-17,-1,-68,0.0
59.255,30,-3,-12,-17,-10,-11,-13,-37,0.0
59.26,8,3,10,14,-7,-2,-26,-24,0.0
59.265,5,3,18,12,-16,5,28,34,0.0
59.27,32,27,45,59,14,13,35,51,0.0
59.275,-74,-20,-10,-13,2,0,-17,-13,0.0
59.28,18,-20,-12,-14,9,-7,11,-21,0.0
59.285000000000004,-21,-1,-8,4,5,3,-7,12,0.0
59.29,49,7,6,-42,0,-7,1,16,0.0
59.295,58,31,51,-39,61,22,12,6,0.0
59.300000000000004,88,57,14,103,-82,2,23,36,0.0
59.305,-93,-83,-108,-84,-51,-18,-20,-54,0.0
59.31,-63,-33,28,35,5,-14,-34,-38,0.0
59.315,59,41,81,-1,38,16,16,37,0.0
59.32,34,1,-80,17,6,-13,-13,-25,0.0
59.325,-76,-46,-23,-73,-10,-13,-25,-8,0.0
59.33,90,94,95,26,92,43,58,63,0.0
59.335,-36,58,92,102,-73,17,36,29,0.0
59.34,-26,-84,-63,-58,-68,-38,-65,-50,0.0
59.345,-68,-20,24,-38,-14,-31,-44,-56,0.0
59.35,54,51,44,13,-1,11,47,18,0.0
59.355000000000004,91,-21,-54,-57,33,-6,-16,30,0.0
59.36,-6,34,107,15,127,10,12,-20,0.0
59.365,55,25,66,31,6,39,44,16,0.0
59.370000000000005,86,4,69,-9,-21,6,-8,22,0.0
59.375,-106,-67,-95,47,-45,-53,-68,-85,0.0
59.38,-95,-88,-19,-58,-22,-10,-2,-9,0.0
59.385,115,63,120,-10,127,68,45,6,0.0
59.39,11,67,-65,20,-96,-13,38,36,0.0
59.395,-18,-67,-24,-53,-35,-75,-69,-14,0.0
59.4,75,51,63,-32,108,35,-46,18,0.0
59.405,-77,-44,25,69,3,-11,16,35,0.0
59.410000000000004,-3,-106,-3,-24,5,0,-9,-11,0.0
59.415,73,90,20,-23,16,15,13,-15,0.0
59.42,-117,1,30,-2,-34,-19,-3,47,0.0
59.425000000000004,127,46,-81,-11,-17,18,25,7,0.0
59.43,-59,-66,-77,-9,-56,-6,-19,-50,0.0
59.435,-12,32,66,26,71,-9,-1,1,0.0
59.44,69,50,30,-14,36,39,50,31,0.0
59.445,-12,31,-69,5,-58,7,1,5,0.0
59.45,-104,-48,-25,-44,10,-31,-37,-21,0.0
59.455,-44,-29,-39,41,-7,15,8,-36,0.0
59.46,-10,-15,-84,-42,13,-7,-20,-12,0.0
59.465,-7,-21,-13,6,-40,-32,-39,-6,0.0
59.47,-7,4,20,4,9,-8,-12,7,0.0
59.475,31,22,37,-2,18,34,48,51,0.0
59.480000000000004,-14,-2,-8,3,-31,-3,17,-22,0.0
59.485,-16,-19,9,-3,2,-16,-17,-2,0.0
59.49,5,19,-10,7,7,10,15,3,0.0
59.495000000000005,0,-5,-18,4,-29,-11,-24,-13,0.0
59.5,-2,-14,10,1,-5,-12,4,-19,0.0
59.505,22,24,7,28,-12,1,2,-1,0.0
59.51,2,18,1,-6,21,12,38,21,0.0
59.515,-13,-18,-10,-13,-23,-7,-10,-8,0.0
59.52,11,-3,6,16,-19,-8,2,14,0.0
59.525,32,14,26,20,18,8,-18,-2,0.0
59.53,-20,-4,-33,-50,-3,-13,-10,-10,0.0
59.535000000000004,-9,-26,-30,-47,-21,10,26,9,0.0
59.54,10,19,39,65,6,5,8,15,0.0
59.545,-13,-4,-67,-99,-18,-24,1,-23,0.0
59.550000000000004,13,0,31,69,24,2,-49,-4,0.0
59.555,33,18,26,27,4,14,3,15,0.0
59.56,21,3,-53,-48,-14,16,82,83,0.0
59.565,6,0,20,76,-14,-20,-73,-87,0.0
59.57,29,0,2,9,3,-2,-24,12,0.0
59.575,-37,-2,-4,-15,-10,-11,-17,-14,0.0
59.58,-9,-1,61,49,1,10,6,-19,0.0
59.585,39,2,-4,-6,4,-2,7,36,0.0
59.59,3,6,-21,0,-3,6,24,14,0.0
59.595,-7,-4,12,56,17,14,13,7,0.0
59.6,-8,-7,-10,-29,4,-3,-8,-22,0.0
59.605000000000004,-16,1,28,10,-7,0,27,18,0.0
59.61,9,5,-13,-10,-3,-3,-22,-27,0.0
59.615,-1,-1,-22,-5,4,2,22,16,0.0
59.620000000000005,-27,-3,-23,-33,-2,4,11,-31,0.0
59.625,13,-5,11,19,-3,-14,-53,-3,0.0
59.63,-28,-10,21,9,-14,-9,-8,-9,0.0
59.635,6,-10,7,30,-3,-5,-10,-6,0.0
59.64,33,1,-2,-18,-11,1,0,-3,0.0
59.645,-24,10,-14,6,5,11,29,17,0.0
59.65,-11,-8,-37,-29,0,-4,-2,-4,0.0
59.655,3,-5,23,2,-8,-8,-7,-9,0.0
59.660000000000004,13,2,-8,10,-6,-8,-20,-17,0.0
59.665,-14,11,8,-11,5,12,24,20,0.0
59.67,2,-16,3,47,4,-7,-7,-16,0.0
59.675000000000004,-22,-15,2,-5,10,8,22,6,0.0
59.68,-7,-17,-44,-55,-25,-20,-44,-6,0.0
59.685,-19,-2,9,-16,-11,-5,3,-30,0.0
59.69,17,20,16,-14,13,14,14,1,0.0
59.695,-2,5,-5,23,17,4,4,0,0.0
59.7,-3,2,16,8,6,2,4,2,0.0
59.705,-1,-5,14,32,-5,-12,1,9,0.0
59.71,0,10,11,-16,-4,0,6,-1,0.0
59.715,2,5,-8,12,-15,-6,-10,-5,0.0
59.72,-12,-1,0,1,10,11,-8,-9,0.0
59.725,6,7,33,8,6,1,10,11,0.0
59.730000000000004,-20,-7,-15,-21,-6,-1,-4,-4,0.0
59.735,19,8,3,-13,-8,-3,-10,2,0.0
59.74,16,1,27,33,-2,1,13,4,0.0
59.745000000000005,-41,-3,-14,-6,3,-3,-5,-8,0.0
59.75,-7,-17,-7,-31,-5,-7,-8,1,0.0
59.755,7,-2,-9,-3,1,1,-4,-2,0.0
59.76,12,22,40,5,3,10,6,2,0.0
59.765,20,0,-78,-16,2,3,12,11,0.0
59.77,-30,-15,-13,12,-3,-8,-13,-12,0.0
59.775,9,5,9,-35,-10,-8,2,-5,0.0
59.78,-24,-19,-17,5,-5,0,-6,-6,0.0
59.785000000000004,10,-2,4,-3,1,-2,2,0,0.0
59.79,7,4,-13,-5,3,0,4,5,0.0
59.795,4,-3,52,4,-4,-3,-5,-4,0.0
59.800000000000004,-8,1,-31,6,-6,-10,-11,-5,0.0
59.805,-3,-11,-30,11,4,4,11,10,0.0
59.81,1,-15,-54,-53,-16,-17,-9,-9,0.0
59.815,-9,-14,-13,-55,-10,-3,-7,-6,0.0
59.82,-27,-4,1,11,0,-5,-6,-10,0.0
59.825,7,2,36,-11,-1,2,0,5,0.0
59.83,6,9,21,38,5,7,10,7,0.0
59.835,-5,2,-22,8,0,-4,-2,3,0.0
59.84,13,6,7,-8,-2,1,-5,0,0.0
59.845,2,13,72,17,3,0,-1,2,0.0
59.85,-22,-23,-90,-27,-4,-6,-2,-5,0.0
59.855000000000004,3,-9,42,-21,2,1,-1,-1,0.0
59.86,-1,-11,-10,52,-3,-7,-4,-6,0.0
59.865,1,2,44,-15,-5,-1,-1,-1,0.0
59.870000000000005,3,14,-18,8,4,8,1,3,0.0
59.875,0,2,-27,21,3,0,3,1,0.0
59.88,3,-3,15,-22,0,-2,-2,-5,0.0
59.885,-7,-7,-24,-32,-14,-1,-1,-3,0.0
59.89,1,5,44,37,4,2,0,-1,0.0
59.895,-3,3,-21,-4,10,2,-2,5,0.0
59.9,10,12,60,24,-1,1,5,3,0.0
59.905,-5,-6,-36,-9,-3,-6,-8,-8,0.0
59.910000000000004,-6,-17,-22,-48,-15,-10,-4,-8,0.0
59.915,-26,-18,22,6,-6,-4,-2,-7,0.0
59.92,1,-3,-5,4,2,-5,-1,-3,0.0
59.925000000000004,8,4,33,19,6,5,8,8,0.0
59.93,13,13,49,46,8,7,4,4,0.0
59.935,-2,1,-40,-16,-4,-1,-14,-5,0.0
59.94,-1,-3,-17,-15,-3,-6,-8,-2,0.0
59.945,-4,-5,-27,-5,-7,-5,-1,-1,0.0
59.95,-6,1,6,-14,2,0,4,1,0.0
59.955,7,2,-7,7,-3,-1,4,2,0.0
59.96,-5,-3,-1,-14,-6,-5,-5,-3,0.0
59.965,1,1,-10,-2,19,3,4,2,0.0
59.97,-16,-8,3,-3,-22,-12,-13,-10,0.0
59.975,4,1,10,23,0,5,2,-4,0.0
59.980000000000004,2,-2,-12,2,0,3,1,-7,0.0
59.985,-6,-10,-13,-23,-11,-7,-7,8,0.0
59.99,0,5,17,-13,15,2,3,-8,0.0
59.995000000000005,0,-2,-5,2,-3,-9,-5,5,0.0
60.0,2,2,-11,-4,8,9,6,-3,0.0
60.005,-4,-5,-9,10,-10,-11,-7,-39,0.0
60.01,0,2,16,7,-3,4,2,12,0.0
60.015,2,2,6,-3,-11,6,17,14,0.0
60.02,-5,-10,-5,-1,4,-16,-39,-18,0.0
60.025,-1,1,0,13,5,6,-4,10,0.0
60.03,-1,-1,-2,-7,-1,-1,-4,-6,0.0
60.035000000000004,0,-2,-6,-8,-5,1,-2,4,0.0
60.04,-1,-2,0,-12,-2,3,19,18,0.0
60.045,7,3,4,24,-15,1,4,1,0.0
60.050000000000004,3,10,6,9,2,5,26,2,0.0
60.055,-2,4,14,-4,1,-22,-52,-6,0.0
60.06,-4,2,-18,-20,-11,-5,-16,-4,0.0
60.065,-5,-11,-12,9,13,7,0,-8,0.0
60.07,5,0,5,6,10,23,52,39,0.0
60.075,-1,0,-1,8,2,0,-4,1,0.0
60.08,5,0,-4,-2,-8,-9,6,-3,0.0
60.085,-24,-14,-5,-8,-17,-6,-29,-13,0.0
60.09,10,10,0,2,-3,1,-1,-39,0.0
60.095,3,-2,-20,-21,-10,-7,12,0,0.0
60.1,-4,-4,12,0,1,-6,-2,11,0.0
60.105000000000004,-7,-11,1,-11,3,5,31,23,0.0
60.11,-7,1,16,12,6,-5,-16,-2,0.0
60.115,-1,4,25,31,6,4,1,-8,0.0
60.120000000000005,6,0,-14,-18,-5,4,6,-5,0.0
60.125,10,4,4,-2,2,2,6,6,0.0
60.13,-23,-7,3,-9,-10,-11,-26,-11,0.0
60.135,20,2,-17,-13,-6,1,-7,-11,0.0
60.14,1,1,9,5,4,-3,13,21,0.0
60.145,11,6,-22,-2,6,0,-4,-10,0.0
60.15,-9,-2,16,0,3,-5,-16,11,0.0
60.155,8,4,18,-8,24,16,23,4,0.0
60.160000000000004,20,9,20,46,9,14,25,16,0.0
60.165,20,34,94,-43,-22,-18,-19,6,0.0
60.17,46,-16,-109,-6,-5,-4,-7,-8,0.0
60.175000000000004,-87,-38,17,32,9,1,-11,-43,0.0
60.18,-62,2,41,-7,24,-7,-11,-16,0.0
60.185,-25,-22,-50,-22,109,27,-9,10,0.0
60.19,4,-14,-66,-11,-97,-41,10,9,0.0
60.195,14,12,69,4,31,-11,41,100,0.0
60.2,82,45,62,41,85,47,28,-6,0.0
60.205,77,42,-53,-27,103,41,31,53,0.0
60.21,-60,-79,-97,-36,-52,-48,-40,-79,0.0
60.215,-14,-29,60,-12,79,-2,7,-51,0.0
60.22,-24,-22,-55,46,36,-27,20,95,0.0
60.225,18,43,123,17,-74,-13,-40,-3,0.0
60.230000000000004,11,-1,-66,-1,-35,15,116,127,0.0
60.235,52,-2,42,17,-27,21,-71,-107,0.0
60.24,-61,-72,-103,-117,-5,-4,20,-10,0.0
60.245000000000005,-16,16,101,71,-67,-30,-27,2,0.0
60.25,111,77,127,42,100,53,39,60,0.0
60.255,-42,42,-62,0,-124,-28,11,17,0.0
60.26,-48,-63,17,-21,40,24,-32,-69,0.0
60.265,26,-20,-2,-7,-90,-32,26,-7,0.0
60.27,-16,12,118,-36,6,-22,-95,-43,0.0
60.275,83,53,-5,23,34,33,41,49,0.0
60.28,19,1,64,-26,-23,-15,-35,-10,0.0
60.285000000000004,-49,-65,-128,-21,7,9,31,-18,0.0
60.29,1,27,57,18,50,25,9,2,0.0
60.295,-8,-8,-28,1,2,-13,-7,26,0.0
60.300000000000004,-1,18,5,15,-51,-8,0,-7,0.0
60.305,-26,-40,-25,-5,-1,-3,0,-22,0.0
60.31,-3,17,-18,34,26,6,-19,-18,0.0
60.315,-14,-21,-70,-27,-16,-9,-5,0,0.0
60.32,-4,1,8,-4,-40,-12,-9,-6,0.0
60.325,13,24,-17,-9,29,7,-3,-4,0.0
60.33,-29,-7,-2,-15,11,0,-8,-12,0.0
60.335,-9,-8,-28,22,-6,-1,9,23,0.0
60.34,33,30,1,-26,1,11,25,8,0.0
60.345,51,22,31,62,-1,-2,-22,-10,0.0
60.35,-117,-40,-71,-105,-23,-17,-25,-39,0.0
60.355000000000004,-21,-32,53,17,4,-2,-8,-20,0.0
60.36,17,17,-18,65,-12,-6,-2,20,0.0
60.365,-4,-7,-48,-31,-6,-11,0,-19,0.0
60.370000000000005,31,5,40,49,6,8,6,7,0.0
60.375,19,15,-12,-8,16,6,0,23,0.0
60.38,-8,11,17,36,1,6,0,-10,0.0
60.385,29,16,19,-12,1,6,15,33,0.0
60.39,-77,-7,20,83,10,1,13,2,0.0
60.395,42,-6,-10,-70,1,-16,-48,-56,0.0
60.4,16,0,-28,-59,-42,-21,-28,-17,0.0
60.405,-43,-41,-46,-29,-14,-15,-13,-17,0.0
60.410000000000004,20,14,39,-1,9,8,5,20,0.0
60.415,26,19,29,43,22,21,36,55,0.0
60.42,-17,-6,-9,-2,-34,-14,-14,-45,0.0
60.425000000000004,-20,2,9,9,15,6,3,18,0.0
60.43,75,21,25,29,45,18,20,23,0.0
60.435,-68,-23,-41,5,-7,-16,-13,-31,0.0
60.44,13,4,4,-71,-10,-8,-10,7,0.0
60.445,-28,5,22,42,-9,-1,9,7,0.0
60.45,5,-22,-53,-38,-21,-15,-17,-11,0.0
60.455,9,8,-9,-37,1,4,9,24,0.0
60.46,10,8,24,36,2,0,0,3,0.0
60.465,10,13,44,29,17,11,10,-6,0.0
60.47,26,0,9,77,11,4,-5,2,0.0
60.475,-34,-28,-74,-81,-27,-22,-17,-24,0.0
60.480000000000004,-16,-6,9,48,-1,3,-2,4,0.0
60.485,12,0,10,18,2,-5,-5,3,0.0
60.49,7,12,36,20,7,2,-4,-10,0.0
60.495000000000005,5,9,0,17,-5,1,12,9,0.0
60.5,5,-8,-8,-14,-3,-5,-4,1,0.0
60.505,-10,-3,-13,-1,8,0,3,-2,0.0
60.51,-5,-9,-30,-54,-15,-3,-1,-8,0.0
60.515,5,2,-1,-15,4,2,6,2,0.0
60.52,4,-5,-36,-16,-4,0,0,6,0.0
60.525,-12,-6,-19,-27,8,-1,-4,-9,0.0
60.53,-13,-6,23,23,-1,-5,-17,-13,0.0
60.535000000000004,11,9,12,16,-26,-17,1,6,0.0
60.54,4,5,-5,25,10,11,8,7,0.0
60.545,-6,0,-1,-4,6,5,1,0,0.0
60.550000000000004,-1,-8,27,-33,-7,-7,-9,-6,0.0
60.555,-2,-4,8,44,17,10,4,-1,0.0
60.56,-2,0,-15,-31,-5,-2,-5,0,0.0
60.565,-5,-8,-53,-62,-12,-8,-4,-4,0.0
60.57,0,-1,4,9,2,1,-3,-1,0.0
60.575,-4,16,102,44,6,7,7,11,0.0
60.58,35,6,-35,12,10,3,13,13,0.0
60.585,7,-7,-11,-64,-10,-2,-3,1,0.0
60.59,-51,-6,-44,-9,-6,-8,-7,-9,0.0
60.595,-26,-24,38,-9,-3,0,-9,-19,0.0
60.6,18,36,112,49,5,4,-4,0,0.0
60.605000000000004,-21,-43,-89,-14,-10,-15,-14,-14,0.0
60.61,34,17,16,-3,3,8,22,7,0.0
60.615,11,10,-5,-24,2,7,7,3,0.0
60.620000000000005,-14,4,31,12,7,-1,-6,-3,0.0
60.625,9,14,63,62,2,3,1,1,0.0
60.63,-3,-10,-81,-70,-1,-5,-10,-4,0.0
60.635,15,5,33,27,-13,-4,-1,3,0.0
60.64,16,9,0,65,14,11,7,7,0.0
60.645,-12,0,-50,-37,-23,-8,-1,-2,0.0
60.65,-19,-45,-74,-89,-24,-18,-16,-14,0.0
60.655,8,13,0,-8,17,8,8,7,0.0
60.660000000000004,5,2,-13,-5,-1,-5,-4,-1,0.0
60.665,-15,1,66,52,12,10,4,0,0.0
60.67,13,11,33,34,5,5,2,2,0.0
60.675000000000004,2,-2,-22,-15,-4,-3,-6,-4,0.0
60.68,-19,-12,-26,-23,-4,-8,-2,-4,0.0
60.685,19,15,-18,22,9,2,10,2,0.0
60.69,-7,-12,-25,-24,-11,-5,-6,-9,0.0
60.695,-3,-11,-51,-4,0,-5,-8,-3,0.0
60.7,-19,-10,8,-6,-5,-1,0,-4,0.0
60.705,-1,5,41,-14,-5,-5,-7,-2,0.0
60.71,3,6,39,33,-10,-3,-5,2,0.0
60.715,8,6,-17,11,-3,-2,-2,5,0.0
60.72,-4,-8,-5,-19,10,8,20,3,0.0
60.725,-7,-11,-10,-5,-2,-7,-9,-11,0.0
60.730000000000004,7,7,18,19,0,8,9,1,0.0
60.735,-4,-5,-12,4,6,1,-3,0,0.0
60.74,-5,-4,-18,-32,-15,-7,-11,-6,0.0
60.745000000000005,-5,-2,13,24,8,1,3,5,0.0
60.75,5,8,26,33,8,4,4,3,0.0
60.755,-3,-4,-14,-33,-9,-9,-2,42,0.0
60.76,-11,-10,-6,-5,4,-1,-9,-76,0.0
60.765,5,5,9,-24,-12,-3,-1,15,0.0
60.77,1,0,7,29,6,-1,-6,9,0.0
60.775,3,4,-10,8,-2,4,15,29,0.0
60.78,-5,-14,-3,22,-18,1,-6,32,0.0
60.785000000000004,1,-2,4,-25,0,-4,40,72,0.0
60.79,1,4,-4,-12,4,-3,-43,-24,0.0
60.795,8,5,29,-2,9,-3,10,56,0.0
60.800000000000004,-13,-1,-14,4,5,9,9,-2,0.0
60.805,-7,-1,25,22,-2,-7,-41,-107,0.0
60.81,-4,-1,-1,-13,-7,-5,3,12,0.0
60.815,1,-2,-9,4,-1,0,6,-7,0.0
60.82,7,-1,-51,-32,-5,1,10,29,0.0
60.825,-10,-7,81,12,-6,-6,-6,10,0.0
60.83,1,1,-3,-9,-4,-6,11,-6,0.0
60.835,-9,-7,5,-8,0,2,-13,-32,0.0
60.84,1,6,-9,4,5,-2,3,12,0.0
60.845,0,-2,-11,-8,3,6,-9,-16,0.0
60.85,4,8,5,14,-4,1,0,9,0.0
60.855000000000004,0,-5,-10,4,11,6,9,-17,0.0
60.86,-15,-18,-73,-17,-21,-16,-19,-11,0.0
60.865,9,1,-4,15,-2,-2,14,110,0.0
60.870000000000005,-2,4,24,-1,1,9,38,-22,0.0
60.875,-5,-4,-17,-4,0,-4,-9,-62,0.0
60.88,4,3,20,23,23,6,15,15,0.0
60.885,-4,-2,-2,-16,-23,-6,-21,4,0.0
60.89,1,-2,-45,11,-4,-3,18,39,0.0
60.895,-5,-1,12,-12,-8,0,-2,-7,0.0
60.9,2,0,24,-19,15,-1,-22,-16,0.0
60.905,1,1,-13,20,-5,-4,16,-17,0.0
60.910000000000004,3,-1,4,20,9,8,-9,2,0.0
60.915,-7,0,32,10,-29,-8,-5,-14,0.0
60.92,3,-8,-33,-18,-7,3,2,13,0.0
60.925000000000004,-7,-14,-53,-18,20,0,-8,-15,0.0
60.93,-1,-2,-1,-24,5,-3,-7,-10,0.0
60.935,0,-6,-31,40,6,-7,-19,6,0.0
60.94,6,1,34,-42,-17,-4,14,25,0.0
60.945,9,10,0,2,1,7,-2,-25,0.0
60.95,18,13,19,-4,-8,-5,-7,-3,0.0
60.955,-80,-36,-13,-11,14,1,-4,-13,0.0
60.96,9,2,0,31,-38,-14,-9,3,0.0
60.965,19,-2,-10,-3,12,7,1,-8,0.0
60.97,-26,2,11,-5,-2,-3,-1,12,0.0
60.975,64,12,17,5,26,14,10,11,0.0
60.980000000000004,-15,8,40,50,5,-1,-2,-11,0.0
60.985,-57,-13,-14,9,-10,-5,-11,-14,0.0
60.99,-42,-31,4,-33,-27,-11,-4,41,0.0
60.995000000000005,-13,-1,-35,-28,-10,-12,-29,-76,0.0
61.0,57,17,26,5,29,-3,0,24,0.0
61.005,127,91,122,39,86,47,50,71,0.0
61.01,-49,28,-35,57,-76,3,6,-23,0.0
61.015,-80,-92,-112,17,-38,-46,-52,-44,0.0
61.02,44,3,4,-37,-6,-9,38,18,0.0
61.025,16,0,-4,-16,-4,-11,-22,-39,0.0
61.03,72,34,26,-17,34,-2,2,24,0.0
61.035000000000004,88,75,126,124,58,42,33,64,0.0
61.04,4,13,-89,-31,-60,-8,12,10,0.0
61.045,-75,-76,8,-56,-35,-20,-15,-21,0.0
61.050000000000004,-44,-30,-76,-112,7,-5,-5,-35,0.0
61.055,47,-18,-96,-13,12,-9,-66,-9,0.0
61.06,83,77,87,64,26,30,32,44,0.0
61.065,-78,70,72,85,1,7,47,65,0.0
61.07,-86,-106,-87,-22,-18,-43,-89,-77,0.0
61.075,-34,-112,10,-95,-49,-45,-49,-108,0.0
61.08,91,47,42,-6,122,67,26,22,0.0
61.085,73,29,-66,83,-101,-21,4,18,0.0
61.09,37,33,100,77,-56,-45,-48,43,0.0
61.095,44,66,28,67,51,40,121,90,0.0
61.1,55,69,26,87,32,23,9,5,0.0
61.105000000000004,-81,-99,-99,-105,-26,-26,-42,-126,0.0
61.11,27,-80,30,62,29,2,-18,-8,0.0
61.115,87,52,-13,-25,-15,18,80,70,0.0
61.120000000000005,-42,-12,120,51,-2,-7,-32,-67,0.0
61.125,10,16,-2,99,37,-15,-40,57,0.0
61.13,16,79,40,-74,-23,-17,-5,-39,0.0
61.135,-33,-13,85,-89,55,21,-9,35,0.0
61.14,72,-7,-19,70,-80,23,74,73,0.0
61.145,-74,-1,95,-52,34,-8,23,38,0.0
61.15,23,-69,-72,-9,17,-21,-52,-72,0.0
61.155,42,67,127,-9,12,-19,-30,-47,0.0
61.160000000000004,-47,-61,-52,-51,39,-14,-27,-8,0.0
61.165,93,27,8,-38,4,17,37,36,0.0
61.17,5,8,-65,41,-65,28,51,38,0.0
61.175000000000004,-47,-15,8,18,16,8,6,10,0.0
61.18,-71,-52,-11,-45,-37,-35,-42,-41,0.0
61.185,1,1,13,11,-10,-11,-34,-33,0.0
61.19,24,39,53,-22,67,20,60,28,0.0
61.195,6,6,-68,6,-33,2,-3,11,0.0
61.2,-61,-23,-18,-24,-30,-29,-38,-31,0.0
61.205,26,3,30,84,30,9,3,-18,0.0
61.21,30,18,-32,-27,27,23,12,32,0.0
61.215,-24,-12,-36,-45,-56,-13,-7,5,0.0
61.22,-27,-21,-3,10,2,-16,-21,-26,0.0
61.225,10,-7,-24,36,16,13,-1,-7,0.0
61.230000000000004,14,7,38,41,0,7,19,16,0.0
61.235,-3,5,-23,-11,-22,-14,34,10,0.0
61.24,-22,-8,3,-38,15,-11,-77,-38,0.0
61.245000000000005,-6,-22,-73,-101,-19,2,-4,-14,0.0
61.25,29,17,44,50,18,8,12,2,0.0
61.255,6,11,13,18,5,2,2,1,0.0
61.26,-11,-12,-8,0,3,-3,6,6,0.0
61.265,-22,-4,30,28,-3,3,0,-22,0.0
61.27,-5,3,13,-13,10,-4,-4,8,0.0
61.275,7,2,-14,-5,-11,-1,-16,0,0.0
61.28,-20,-22,-46,-77,-38,-23,-7,-7,0.0
61.285000000000004,10,6,6,14,2,0,6,-1,0.0
61.29,7,9,31,37,43,35,29,9,0.0
61.295,-3,4,16,45,17,2,-11,-1,0.0
61.300000000000004,-13,-4,18,29,-5,-7,-2,1,0.0
61.305,13,0,-38,-37,-2,-1,-1,-3,0.0
61.31,1,-2,-14,-34,-12,-6,-4,0,0.0
61.315,-3,3,0,23,-13,-3,-7,1,0.0
61.32,-6,-5,5,8,7,8,5,0,0.0
61.325,6,-8,-10,-9,-2,1,-2,-4,0.0
61.33,3,1,8,-11,-10,3,5,5,0.0
61.335,-7,-4,-32,0,-8,0,-12,-9,0.0
61.34,-3,-2,0,1,8,-5,9,2,0.0
61.345,3,-5,1,-10,-3,-4,-5,-5,0.0
61.35,-1,3,9,11,9,2,0,0,0.0
61.355000000000004,-2,0,5,-9,3,0,-1,-12,0.0
61.36,-3,-3,5,9,1,-6,5,4,0.0
61.365,6,-4,-2,-18,-14,3,1,3,0.0
61.370000000000005,-6,-5,-2,16,-2,-4,-4,-7,0.0
61.375,0,-1,3,11,-11,-4,-8,2,0.0
61.38,-2,-2,-15,-16,11,1,5,0,0.0
61.385,4,3,3,-4,12,12,2,1,0.0
61.39,4,10,12,-5,1,-10,5,4,0.0
61.395,-26,-16,-7,-20,-16,10,-2,-1,0.0
61.4,-10,-11,-16,0,-3,-7,-4,-6,0.0
61.405,-2,-10,1,-19,-23,-13,-8,-3,0.0
61.410000000000004,3,3,0,-25,0,1,-1,2,0.0
61.415,13,4,11,48,48,14,8,9,0.0
61.42,-10,4,-22,-19,-7,0,-2,-3,0.0
61.425000000000004,-21,0,47,14,7,1,5,11,0.0
61.43,8,4,58,-31,-24,-14,-24,-71,0.0
61.435,-5,-5,-107,-24,-57,-17,-5,-1,0.0
61.44,-10,-1,108,77,86,19,11,9,0.0
61.445,70,17,-20,-35,1,11,103,84,0.0
61.45,-42,-31,33,4,-15,-28,-80,-62,0.0
61.455,26,12,27,-17,3,1,15,-23,0.0
61.46,-1,10,37,32,-32,-4,-1,-10,0.0
61.465,-11,-29,-91,-53,-43,-17,-10,-1,0.0
61.47,2,7,-7,21,9,15,30,50,0.0
61.475,-3,11,40,-15,29,7,-2,7,0.0
61.480000000000004,10,-10,-72,6,1,-1,-3,5,0.0
61.485,-13,12,53,52,38,5,-21,-17,0.0
61.49,6,-2,-42,0,-14,3,16,16,0.0
61.495000000000005,-2,11,64,34,7,-7,-14,-8,0.0
61.5,-3,-5,3,-26,-29,-7,3,3,0.0
61.505,-5,-15,-46,-68,-39,-19,-31,-13,0.0
61.51,-14,-12,-95,-8,21,9,-2,-35,0.0
61.515,11,-4,20,4,11,3,19,19,0.0
61.52,4,3,7,10,4,1,-1,4,0.0
61.525,-8,0,30,23,-2,-2,-16,-17,0.0
61.53,33,14,6,-5,-3,3,14,31,0.0
61.535000000000004,-49,-18,-8,-9,-17,-9,-7,-4,0.0
61.54,-8,-11,-32,-37,-15,-5,-6,-11,0.0
61.545,-1,0,-7,18,11,0,-3,31,0.0
61.550000000000004,5,7,24,16,27,13,14,-36,0.0
61.555,7,0,-16,5,-2,-4,-31,7,0.0
61.56,-3,0,-16,-12,-16,-6,-5,-3,0.0
61.565000000000005,-2,1,17,7,-5,1,1,11,0.0
61.57,5,13,60,22,3,3,6,14,0.0
61.575,-3,-23,-83,-18,8,0,10,6,0.0
61.58,-4,-1,8,-5,-8,-2,-5,-12,0.0
61.585,0,-4,-24,-16,-2,-6,-14,-26,0.0
61.59,-3,-3,-4,-14,-3,0,8,28,0.0
61.595,28,10,4,19,1,4,2,-3,0.0
61.6,17,8,-6,-4,4,5,8,16,0.0
61.605000000000004,-23,-12,13,13,4,-4,-6,-38,0.0
61.61,-9,-3,-3,-7,-8,-7,-68,-9,0.0
61.615,8,3,-18,-12,15,1,14,23,0.0
61.620000000000005,2,0,-7,10,-18,1,7,1,0.0
61.625,18,6,2,10,4,-6,-26,-26,0.0
61.63,-10,3,22,9,-6,-6,17,10,0.0
61.635,12,8,26,1,-12,-5,-3,-8,0.0
61.64,-21,-27,-52,-10,3,5,-6,-4,0.0
61.645,32,8,-15,-44,-1,-15,15,17,0.0
61.65,1,7,-10,17,9,22,16,-12,0.0
61.655,-52,-35,0,-4,-15,-16,-11,-15,0.0
61.660000000000004,13,12,28,24,-1,1,5,-1,0.0
61.665,-2,-2,-8,12,5,4,-5,-4,0.0
61.67,36,5,-8,-19,7,-6,14,22,0.0
61.675000000000004,17,19,33,3,-3,5,0,1,0.0
61.68,-6,-1,5,-2,4,-5,-5,-8,0.0
61.685,-14,-7,-18,16,-7,1,-6,-12,0.0
61.690000000000005,-21,5,0,0,0,-5,3,18,0.0
61.695,-29,-14,0,5,-12,-4,0,-14,0.0
61.7,22,8,2,-21,-1,-5,-1,5,0.0
61.705,111,43,25,22,52,18,16,23,0.0
61.71,-57,-15,-13,30,-60,2,15,-7,0.0
61.715,-80,-33,39,-7,-10,-10,-14,-40,0.0
61.72,-41,-38,-39,4,-9,-15,-21,-23,0.0
61.725,-55,-24,26,-2,-2,-6,-17,-16,0.0
61.730000000000004,60,17,-35,16,26,4,14,23,0.0
61.735,55,29,15,3,1,5,12,16,0.0
61.74,18,31,78,6,32,11,12,16,0.0
61.745000000000005,21,6,-36,20,-7,15,9,9,0.0
61.75,-42,-9,-19,5,-52,-26,-8,-8,0.0
61.755,4,-6,4,11,1,0,-5,-8,0.0
61.76,-11,-5,-77,-46,-3,-1,-1,4,0.0
61.765,-12,10,94,45,7,-1,-3,-2,0.0
61.77,61,-3,-43,-37,79,22,25,25,0.0
61.775,125,67,83,-23,-47,1,20,40,0.0
61.78,-85,-59,-99,-51,-53,-33,-36,-67,0.0
61.785000000000004,-50,-79,94,-10,-13,-21,-53,-54,0.0
61.79,64,36,47,-14,58,14,7,-17,0.0
61.795,112,34,81,57,0,3,12,101,0.0
61.800000000000004,35,50,-19,-31,7,-4,-4,-67,0.0
61.805,69,27,95,24,26,6,14,40,0.0
61.81,-53,-72,-73,4,-46,-13,-33,-68,0.0
61.815000000000005,-101,-80,-66,-62,-17,-10,-20,-57,0.0
61.82,127,37,127,64,21,7,16,37,0.0
61.825,61,24,-128,-66,-26,2,11,15,0.0
61.83,56,17,127,-31,21,13,22,63,0.0
61.835,42,76,-43,32,22,6,7,-2,0.0
61.84,-33,-44,9,1,-23,-4,28,73,0.0
61.845,-47,-2,-90,10,40,-9,-21,-80,0.0
61.85,14,39,36,20,-17,-5,-5,43,0.0
61.855000000000004,-58,-28,-30,-14,-23,-4,-15,-55,0.0
61.86,-11,9,26,-2,26,11,21,26,0.0
61.865,-24,6,-40,-33,-2,8,13,23,0.0
61.870000000000005,-39,-15,9,39,-22,-11,-5,3,0.0
61.875,-39,-36,-58,-96,-7,-7,-3,-15,0.0
61.88,38,23,9,1,15,-2,-9,-3,0.0
61.885,-13,-6,0,11,-31,4,20,15,0.0
61.89,-28,-16,-12,21,43,-5,-19,-28,0.0
61.895,21,0,11,28,-22,-1,4,5,0.0
61.9,-4,-2,-8,5,3,6,0,2,0.0
61.905,-36,-13,-2,-18,-36,-4,1,17,0.0
61.910000000000004,-6,-10,12,-11,19,-4,-1,-15,0.0
61.915,39,22,3,18,26,4,13,16,0.0
61.92,-2,-6,4,-34,-32,-5,-20,2,0.0
61.925000000000004,-19,-16,-26,-11,-9,-13,14,-1,0.0
61.93,16,6,-17,-37,14,10,6,2,0.0
61.935,-9,-2,22,33,23,8,-12,-7,0.0
61.940000000000005,3,-7,-3,-9,-19,1,9,-4,0.0
61.945,9,8,52,54,7,-11,-7,-2,0.0
61.95,34,10,3,-24,0,-7,1,4,0.0
61.955,-12,-4,-45,-8,-38,-4,-10,-3,0.0
61.96,-51,-11,78,7,26,8,-3,-7,0.0
61.965,-42,-5,-59,6,-15,1,-4,-10,0.0
61.97,-2,7,62,-1,6,-11,-9,-4,0.0
61.975,21,-1,-61,28,-26,-3,3,14,0.0
61.980000000000004,80,22,18,0,10,-9,23,-28,0.0
61.985,-37,31,-36,-28,4,6,-63,-23,0.0
61.99,6,-35,43,58,-6,-3,7,-18,0.0
61.995000000000005,-80,-32,-36,-33,40,-5,-8,-16,0.0
62.0,59,44,50,7,40,36,68,50,0.0
62.005,17,-12,-28,40,-98,-24,-30,-36,0.0
62.01,0,-28,-23,19,13,-35,-59,-6,0.0
62.015,32,18,38,51,16,-1,-4,-14,0.0
62.02,-18,-24,-38,-80,-1,-16,-34,-11,0.0
62.025,127,64,76,16,60,34,63,47,0.0
62.03,-89,36,-16,-28,-39,17,25,17,0.0
62.035000000000004,-52,-105,12,47,-3,-15,-21,-38,0.0
62.04,19,17,-18,59,-2,4,-6,6,0.0
62.045,7,-6,12,-20,7,-1,3,8,0.0
62.050000000000004,42,15,-15,-9,-19,1,10,6,0.0
62.055,13,30,35,-18,20,13,78,47,0.0
62.06,-36,-15,-30,0,-13,-12,-71,-35,0.0
62.065000000000005,-22,-25,5,-9,2,-7,7,-51,0.0
62.07,-9,3,19,5,1,5,-32,-13,0.0
62.075,3,12,14,58,-1,4,14,10,0.0
62.08,-10,-28,-66,-82,-25,-14,-8,-9,0.0
62.085,-11,-6,21,-18,6,-4,-5,36,0.0
62.09,0,1,-1,8,-7,4,38,11,0.0
62.095,15,22,37,39,29,14,-21,-5,0.0
62.1,1,10,68,63,11,6,8,10,0.0
62.105000000000004,-21,-24,-6,-24,-8,-7,35,42,0.0
62.11,-4,-30,-120,-121,-32,-2,-1,0,0.0
62.115,19,8,23,-10,-16,-12,-32,-12,0.0
62.120000000000005,-27,-11,-44,-54,-10,-25,-60,-53,0.0
62.125,6,16,76,99,32,16,17,2,0.0
62.13,-22,-21,-74,-57,-20,-5,6,14,0.0
62.135,7,3,-17,-31,5,3,-2,-39,0.0
62.14,2,7,18,40,1,11,117,119,0.0
62.145,-39,-11,16,17,8,-13,-120,-122,0.0
62.15,33,11,9,36,6,11,63,25,0.0
62.155,1,1,-2,-39,-6,-11,-62,-12,0.0
62.160000000000004,-7,2,-7,16,-5,6,15,31,0.0
62.165,1,-10,-21,-32,-1,4,38,25,0.0
62.17,1,4,33,30,1,-7,-18,-20,0.0
62.175000000000004,-3,2,-10,-37,5,4,17,1,0.0
62.18,3,-2,-10,6,2,5,-19,-14,0.0
62.185,2,1,1,4,-5,-4,7,3,0.0
62.190000000000005,6,1,19,22,3,1,-13,-15,0.0
62.195,10,13,27,0,-2,-2,12,29,0.0
62.2,4,-9,-38,-4,-8,-5,-20,-25,0.0
62.205,-35,-18,-18,-37,6,4,6,14,0.0
62.21,-10,-17,18,38,-7,-9,-2,-9,0.0
62.215,6,4,6,7,-18,-5,-2,7,0.0
62.22,2,3,8,9,3,0,-4,-13,0.0
62.225,11,8,-12,-19,-10,-2,4,1,0.0
62.230000000000004,3,7,18,9,12,-5,-5,33,0.0
62.235,0,-3,4,26,21,8,34,-14,0.0
62.24,1,-6,-25,-42,-5,-13,-79,-12,0.0
62.245000000000005,-7,-3,-1,40,-8,-3,1,-7,0.0
62.25,-5,0,-6,-36,-13,-6,-16,3,0.0
62.255,7,-7,-70,-47,-7,-4,55,60,0.0
62.26,-16,1,52,15,-8,-3,-61,-94,0.0
62.265,25,6,-25,-10,11,9,50,111,0.0
62.27,18,27,108,94,14,19,71,-66,0.0
62.275,-51,-32,-78,-77,-22,-24,-47,-25,0.0
62.28,-12,-10,-15,-3,0,-11,-56,-81,0.0
62.285000000000004,-7,1,6,11,1,0,-20,-32,0.0
62.29,43,28,6,-23,1,6,11,5,0.0
62.295,18,33,47,34,8,9,13,62,0.0
62.300000000000004,-83,-73,-61,46,-23,-29,31,22,0.0
62.305,10,0,-22,-36,-4,-4,-18,-1,0.0
62.31,16,20,-1,31,14,17,82,117,0.0
62.315000000000005,14,6,23,14,14,-8,-52,-80,0.0
62.32,19,9,8,8,6,9,43,74,0.0
62.325,1,5,52,17,-23,4,17,0,0.0
62.33,-5,-14,-29,-7,-15,-9,8,20,0.0
62.335,-4,-14,0,-35,1,5,110,109,0.0
62.34,-23,2,5,6,4,-11,-62,-75,0.0
62.345,8,-5,-18,-32,28,6,50,66,0.0
62.35,-18,-9,6,0,-1,-7,-27,-34,0.0
62.355000000000004,0,2,7,-3,-10,3,1,1,0.0
62.36,27,17,11,-6,-2,12,46,29,0.0
62.365,4,12,-1,-5,-4,-4,15,46,0.0
62.370000000000005,-51,-24,-20,-22,-8,-20,-106,-82,0.0
62.375,9,2,-3,28,36,7,-28,-31,0.0
62.38,32,10,24,-19,-27,1,34,20,0.0
62.385,-1,-4,5,-1,20,-9,-28,-28,0.0
62.39,-58,-34,-17,26,-29,6,16,14,0.0
62.395,34,6,-1,-36,-4,3,-11,-14,0.0
62.4,4,21,26,27,-11,1,14,23,0.0
62.405,20,2,9,-13,3,-6,-10,-24,0.0
62.410000000000004,12,8,-9,-29,29,-1,-13,-7,0.0
62.415,-44,-10,80,26,-29,-15,-32,-36,0.0
62.42,25,-5,-90,-17,-1,-2,-2,14,0.0
62.425000000000004,-39,-10,82,3,-9,-7,-6,-12,0.0
62.43,11,-7,-61,-12,28,6,6,6,0.0
62.435,18,13,-11,-3,-8,7,5,17,0.0
62.440000000000005,16,9,53,-1,-18,-5,30,27,0.0
62.445,11,-1,-29,9,14,11,8,4,0.0
62.45,-25,5,62,26,42,16,-5,-8,0.0
62.455,8,17,3,11,13,2,-4,-13,0.0
62.46,-37,-81,-79,-75,-31,-12,5,-5,0.0
62.465,34,4,61,-31,-25,-14,-29,-16,0.0
62.47,-32,16,77,-13,-55,-10,28,64,0.0
62.475,28,-7,14,-33,-59,-14,34,69,0.0
62.480000000000004,6,28,28,81,124,40,38,22,0.0
62.485,-25,-13,-50,-15,-22,-7,43,19,0.0
62.49,127,31,47,-18,-36,-15,28,62,0.0
62.495000000000005,-32,-25,-27,-29,-35,-9,-19,-7,0.0
62.5,-81,-5,-41,55,30,5,-6,13,0.0
62.505,52,76,100,100,82,34,7,37,0.0
62.51,43,-75,-116,-83,-87,-44,-33,-67,0.0
62.515,-65,-40,-65,14,-16,1,-4,7,0.0
62.52,30,30,124,88,59,11,57,33,0.0
62.525,-10,41,-18,-79,-70,-5,-15,18,0.0
62.53,53,-72,-73,-32,-53,-24,-98,-85,0.0
62.535000000000004,-81,-37,84,57,72,9,-31,-22,0.0
62.54,104,1,72,-63,-1,9,28,14,0.0
62.545,54,37,38,9,-65,6,122,116,0.0
62.550000000000004,-90,14,45,-14,-101,-41,-94,-65,0.0
62.555,-24,13,-80,-100,-22,-25,7,29,0.0
62.56,-38,4,88,126,119,66,35,64,0.0
62.565000000000005,63,-41,-46,-60,-82,-22,1,46,0.0
62.57,-54,-2,-50,-41,-63,-2,22,33,0.0
62.575,30,9,31,4,-96,6,16,-18,0.0
62.58,16,25,43,18,45,-4,-37,-26,0.0
62.585,-49,-33,-59,46,-69,12,-52,-118,0.0
62.59,31,41,97,127,118,46,43,31,0.0
62.595,-35,13,39,-75,-81,-18,-19,-29,0.0
62.6,-9,-69,-128,-128,-128,-68,-26,-23,0.0
62.605000000000004,-19,10,92,18,41,-18,-56,-37,0.0
62.61,-25,-8,-79,76,127,36,16,1,0.0
62.615,95,48,109,47,70,29,42,29,0.0
62.620000000000005,29,47,76,-2,-44,1,-4,10,0.0
62.625,-17,-23,15,9,16,-4,-14,-32,0.0
62.63,-4,11,38,11,-7,-12,16,19,0.0
62.635,30,-18,-52,18,16,2,-8,-5,0.0
62.64,-2,-7,11,-69,-58,-12,-8,-23,0.0
62.645,-106,-9,-77,-9,3,-15,-6,3,0.0
62.65,-28,-34,13,-31,-4,5,2,-3,0.0
62.655,68,14,24,59,15,4,-4,5,0.0
62.660000000000004,53,29,-7,-24,-15,-7,1,0,0.0
62.665,-21,4,-27,35,19,14,15,-22,0.0
62.67,-74,17,-16,-88,-8,-10,-9,9,0.0
62.675000000000004,-13,-55,-26,1,34,-9,-22,-26,0.0
62.68,19,21,21,25,6,15,11,11,0.0
62.685,94,35,34,64,35,34,27,47,0.0
62.690000000000005,31,48,57,80,27,-2,24,34,0.0
62.695,-70,-92,-80,-64,-48,-30,7,-17,0.0
62.7,4,37,67,-13,-5,12,69,94,0.0
62.705,-62,-68,-123,-39,4,-10,-101,-83,0.0
62.71,25,-13,-53,-96,-48,-47,-98,-82,0.0
62.715,-60,11,-10,12,10,-6,21,34,0.0
62.72,-86,-15,-33,22,-27,0,-29,-5,0.0
62.725,-9,-10,45,32,25,15,31,-23,0.0
62.730000000000004,43,20,14,30,-16,-17,-60,22,0.0
62.735,32,50,25,24,18,20,-42,-11,0.0
62.74,-11,1,-3,31,23,-8,63,68,0.0
62.745000000000005,-3,-23,-19,24,29,6,-32,-56,0.0
62.75,8,-1,-80,-37,-29,10,38,23,0.0
62.755,27,19,4,-45,-4,-7,-7,-21,0.0
62.76,-8,-20,7,46,-2,17,19,25,0.0
62.765,30,-5,11,22,2,-15,2,3,0.0
62.77,11,-8,38,19,-1,11,40,13,0.0
62.775,11,7,1,7,10,26,32,25,0.0
62.78,18,3,-16,-2,-10,-11,-50,-39,0.0
62.785000000000004,-54,-3,-13,-77,9,-19,5,23,0.0
62.79,-11,-2,24,48,11,19,44,-76,0.0
62.795,-2,9,-23,-32,-17,-9,-31,40,0.0
62.800000000000004,19,-17,-19,-48,-8,-24,-117,-71,0.0
62.805,51,22,34,0,2,13,-45,29,0.0
62.81,-26,-5,74,96,30,27,117,127,0.0
62.815000000000005,6,4,31,45,22,7,-104,-117,0.0
62.82,-32,-12,-45,-68,-46,-45,-21,-111,0.0
62.825,-12,-17,-44,-75,-12,-15,67,57,0.0
62.83,3,-8,7,22,20,12,70,19,0.0
62.835,18,10,49,49,20,33,119,77,0.0
62.84,-17,-22,-48,-26,-28,-15,25,26,0.0
62.845,-26,-22,-28,-35,0,-16,-16,-39,0.0
62.85,3,13,-3,-57,25,16,-21,5,0.0
62.855000000000004,32,20,2,50,-15,0,15,13,0.0
62.86,-2,-7,15,8,-17,1,-32,-9,0.0
62.865,6,0,4,-15,6,-15,-1,-28,0.0
62.870000000000005,4,-3,-16,-14,-8,1,-25,-30,0.0
62.875,-11,-11,-15,-1,4,-8,-18,5,0.0
62.88,6,0,-11,2,18,13,15,-8,0.0
62.885,9,0,20,11,-8,-2,20,25,0.0
62.89,4,0,-8,-5,-35,-15,-22,9,0.0
62.895,-14,-8,-5,-4,-2,-18,-4,-16,0.0
62.9,1,4,-4,26,-3,15,23,14,0.0
62.905,5,6,5,28,18,9,19,29,0.0
62.910000000000004,-12,-6,-6,-38,-8,-13,-106,-64,0.0
62.915,-5,-12,-13,-16,34,-8,-2,-11,0.0
62.92,5,-10,11,47,-17,-5,18,52,0.0
62.925000000000004,10,14,-1,35,-23,3,2,16,0.0
62.93,-3,-4,-28,-7,-2,9,30,24,0.0
62.935,-7,-1,-20,-25,-12,-14,-3,-22,0.0
62.940000000000005,0,-4,17,-21,18,0,-22,-26,0.0
62.945,-1,-4,16,18,-6,4,23,36,0.0
62.95,3,7,24,11,17,7,2,-14,0.0
62.955,14,6,-41,0,11,4,10,18,0.0
62.96,-6,-6,22,21,11,5,8,-5,0.0
62.965,8,1,26,-43,-39,-14,-9,7,0.0
62.97,0,-2,11,14,-10,-3,55,32,0.0
62.975,37,7,45,46,25,3,-29,-2,0.0
62.980000000000004,-37,5,-27,-11,32,14,9,5,0.0
62.985,17,-31,-50,-5,6,-5,-10,-26,0.0
62.99,17,16,92,2,1,2,33,20,0.0
62.995000000000005,-32,11,-88,-67,-74,-6,5,37,0.0
63.0,-20,-46,-65,28,-50,-21,29,-55,0.0
63.005,20,-5,4,20,109,33,7,14,0.0
63.01,45,-12,-6,-32,-6,-1,14,-12,0.0
63.015,19,47,108,-14,-78,17,110,115,0.0
63.02,19,-25,-16,-32,39,-41,-60,-99,0.0
63.025,10,25,50,15,33,-4,-29,-25,0.0
63.03,35,17,42,-2,-46,-10,-10,24,0.0
63.035000000000004,-31,6,79,43,51,7,14,36,0.0
63.04,68,4,-11,2,-16,28,68,33,0.0
63.045,-99,-55,-10,-40,-92,-54,-74,-109,0.0
63.050000000000004,73,12,4,-30,-62,-23,-36,53,0.0
63.055,52,3,33,92,73,53,-4,33,0.0
63.06,52,25,-8,-20,-71,23,13,59,0.0
63.065000000000005,1,13,21,44,-5,10,20,37,0.0
63.07,-68,-6,9,-71,-87,-18,-5,-39,0.0
63.075,20,3,18,49,-10,-13,-13,-22,0.0
63.08,-67,-73,-49,-71,-58,-50,-25,-43,0.0
63.085,5,12,114,78,79,30,28,18,0.0
63.09,40,39,54,61,10,29,40,25,0.0
63.095,-46,-11,38,-6,-8,-36,-76,-65,0.0
63.1,12,42,74,-8,-29,16,13,31,0.0
63.105000000000004,-55,-1,-88,-29,-95,-25,-9,-17,0.0
63.11,-47,-67,46,-20,48,-4,-20,-30,0.0
63.115,3,-4,-95,15,47,20,23,0,0.0
63.120000000000005,9,2,-60,-27,28,2,-7,17,0.0
63.125,40,24,16,-78,-122,-19,12,33,0.0
63.13,110,77,44,1,91,24,1,-13,0.0
63.135,98,65,0,-42,49,26,48,53,0.0
63.14,-76,-79,14,115,-68,-36,-66,-1,0.0
63.145,-77,-45,41,-59,-12,-22,-22,-46,0.0
63.15,22,-5,-103,60,68,14,-8,2,0.0
63.155,98,27,46,-88,-45,-16,-8,-36,0.0
63.160000000000004,127,100,35,-55,67,41,54,92,0.0
63.165,-8,57,83,102,-88,7,13,0,0.0
63.17,-55,-115,-94,-79,-69,-65,-87,-43,0.0
63.175000000000004,-105,-62,-30,-37,-15,-40,-56,-77,0.0
63.18,37,48,63,-7,2,25,16,35,0.0
63.185,69,32,35,-12,104,20,23,30,0.0
63.190000000000005,-5,27,-24,67,73,51,41,77,0.0
63.195,-27,-23,-20,20,-15,-4,13,-51,0.0
63.2,-47,-18,36,1,-21,-9,-24,-25,0.0
63.205,28,-16,-79,-36,-47,-12,3,34,0.0
63.21,-37,15,3,1,-24,1,-9,-30,0.0
63.215,-26,-24,-15,12,5,-11,7,11,0.0
63.22,9,37,34,10,1,14,78,77,0.0
63.225,15,6,-33,-9,17,-2,-87,-56,0.0
63.230000000000004,-29,-5,-16,-4,11,-16,8,-39,0.0
63.235,81,33,42,-44,30,25,35,7,0.0
63.24,-110,-84,-41,-52,-50,-22,-17,9,0.0
63.245000000000005,-14,-20,-53,30,-42,-50,-31,23,0.0
63.25,-23,25,-23,-1,14,-6,-20,-61,0.0
63.255,25,4,-12,-19,-33,-9,-20,14,0.0
63.26,74,53,57,51,106,33,24,2,0.0
63.265,17,-20,-3,-56,108,47,49,26,0.0
63.27,-8,-8,80,89,-107,-10,0,32,0.0
63.275,-34,-25,-103,-78,-45,-26,-11,-46,0.0
63.28,-4,9,27,17,49,12,-10,-2,0.0
63.285000000000004,-7,-4,24,-5,-25,1,15,5,0.0
63.29,4,6,18,-5,24,-12,-5,-11,0.0
63.295,-13,25,49,38,15,20,10,25,0.0
63.300000000000004,-12,-10,-15,-2,-44,-18,-25,-42,0.0
63.305,5,8,-43,-3,14,-3,-1,23,0.0
63.31,4,-4,8,-33,8,7,8,-14,0.0
63.315000000000005,-16,-27,16,21,-22,29,58,56,0.0
63.32,-10,-9,-27,24,-21,-62,-119,-89,0.0
63.325,-16,-9,-51,-24,8,6,-24,-88,0.0
63.33,18,-1,10,11,3,0,17,45,0.0
63.335,-55,-14,31,2,-13,-4,-33,31,0.0
63.34,104,52,59,74,32,43,70,79,0.0
63.345,-10,-46,-38,-32,-27,-50,-60,-45,0.0
63.35,-22,-20,-96,-112,-25,-4,-48,-72,0.0
63.355000000000004,-1,-3,-5,31,-1,-6,-2,2,0.0
63.36,8,21,33,17,15,1,25,24,0.0
63.365,7,14,16,44,3,22,43,55,0.0
63.370000000000005,30,8,61,62,20,9,35,33,0.0
63.375,3,4,28,-8,8,-6,12,-7,0.0
63.38,-42,-26,-33,-58,-14,3,81,81,0.0
63.385,-24,-32,-78,-76,-46,-35,-43,-92,0.0
63.39,8,13,5,8,11,8,32,91,0.0
63.395,9,-24,-12,3,8,-28,-68,-40,0.0
63.4,30,21,44,56,4,42,69,31,0.0
63.405,-24,-8,8,-39,6,-22,-92,-44,0.0
63.410000000000004,-28,14,34,-7,-3,10,26,-6,0.0
63.415,-50,-40,-74,-56,-19,-20,10,-29,0.0
63.42,-25,-9,-14,-29,-3,-7,-17,21,0.0
63.425000000000004,27,20,54,41,7,22,72,-7,0.0
63.43,17,14,-20,-1,5,6,-1,77,0.0
63.435,23,21,48,41,-2,5,16,4,0.0
63.440000000000005,-40,-4,-33,-21,-14,-23,-128,-98,0.0
63.445,29,16,71,85,30,25,69,65,0.0
63.45,-12,-21,-62,-68,-19,-20,11,-5,0.0
63.455,10,-13,-59,-25,-8,3,2,8,0.0
63.46,1,-4,16,-2,0,5,4,-11,0.0
63.465,12,9,29,12,10,0,38,13,0.0
63.47,-13,2,48,21,11,18,-11,50,0.0
63.475,2,-16,-104,-100,-26,-14,-6,-11,0.0
63.480000000000004,-15,2,43,36,4,-5,-45,-21,0.0
63.485,18,15,4,9,12,17,86,127,0.0
63.49,-12,-16,-40,38,-10,-13,-51,-38,0.0
63.495000000000005,-10,7,46,30,1,7,21,17,0.0
63.5,-17,-11,-44,-48,-10,-12,97,60,0.0
63.505,-14,-22,-12,-58,-17,-17,-60,-51,0.0
63.51,5,9,26,72,13,6,39,-11,0.0
63.515,15,14,46,105,19,10,28,62,0.0
63.52,4,1,-7,22,16,2,-12,-42,0.0
63.525,-7,-26,-87,-81,-44,-3,8,27,0.0
63.53,-14,-5,-16,-5,-12,-14,-24,-48,0.0
63.535000000000004,-2,-2,39,40,10,5,-41,-46,0.0
63.54,-3,8,12,16,19,-6,1,-10,0.0
63.545,16,21,31,-1,22,7,-5,4,0.0
63.550000000000004,-5,-11,-17,-69,-72,-18,-14,-17,0.0
63.555,-11,-14,-13,13,1,9,7,7,0.0
63.56,0,0,4,3,11,-1,-17,-21,0.0
63.565000000000005,5,1,-5,15,29,8,0,6,0.0
63.57,5,-2,-15,-19,32,3,5,2,0.0
63.575,4,12,33,10,-31,-8,0,10,0.0
63.58,-9,-5,-39,-52,-23,-15,-29,-33,0.0
63.585,4,3,32,16,-32,-3,-5,-5,0.0
63.59,-7,-11,-9,30,60,16,19,9,0.0
63.595,4,7,-5,49,10,7,0,3,0.0
63.6,-5,-8,-5,-22,33,8,-9,-4,0.0
63.605000000000004,0,5,16,13,-73,-17,10,4,0.0
63.61,-4,-4,-5,-23,-32,-21,-18,-15,0.0
63.615,-9,-3,8,-21,-3,-15,-20,-20,0.0
63.620000000000005,5,10,21,-70,-52,-13,-8,-7,0.0
63.625,-5,-17,-59,119,61,18,13,16,0.0
63.63,10,-1,-9,10,78,34,24,16,0.0
63.635,-29,-4,35,-9,-6,-13,-16,7,0.0
63.64,29,-4,-66,-40,-63,-16,-12,-12,0.0
63.645,10,11,78,-13,-28,1,6,13,0.0
63.65,-19,-3,-7,34,15,3,-7,14,0.0
63.655,57,7,-22,3,48,7,15,31,0.0
63.660000000000004,-39,-8,29,14,-9,3,-1,0,0.0
63.665,13,13,76,14,1,-2,-4,3,0.0
63.67,-2,2,-90,-24,-47,-22,-14,-17,0.0
63.675000000000004,3,-4,90,-19,-28,-2,5,13,0.0
63.68,4,0,20,52,54,18,9,24,0.0
63.685,3,14,12,-29,-1,3,19,-31,0.0
63.690000000000005,20,1,45,55,14,2,-12,5,0.0
63.695,2,16,-7,-6,-11,3,-6,-18,0.0
63.7,-36,-63,-97,-36,-35,-27,-31,-55,0.0
63.705,1,18,4,-27,28,20,22,30,0.0
63.71,1,-10,-64,-11,-13,-13,-1,-11,0.0
63.715,14,1,9,33,36,2,6,-9,0.0
63.72,-15,14,39,38,5,8,24,17,0.0
63.725,43,6,3,38,18,-2,-28,-9,0.0
63.730000000000004,-77,-28,-15,-78,-30,-9,-8,-30,0.0
63.735,-20,-19,-31,-3,-62,-12,-7,-14,0.0
63.74,-2,2,-13,34,73,8,7,8,0.0
63.745000000000005,-5,-11,-21,-10,-14,-3,-2,-2,0.0
63.75,22,30,118,77,-27,9,10,19,0.0
63.755,50,46,99,85,62,18,14,27,0.0
63.76,5,-5,-68,-72,-48,-32,-19,-47,0.0
63.765,-48,-53,25,-11,-18,-4,-5,-2,0.0
63.77,28,0,50,47,-9,-3,-11,33,0.0
63.775,-16,-29,-12,-20,5,7,-3,-1,0.0
63.78,46,19,0,19,9,7,1,-38,0.0
63.785000000000004,-16,14,27,53,29,2,-18,-31,0.0
63.79,-9,-19,-106,-128,-30,-14,12,4,0.0
63.795,-23,9,-6,-32,-52,-25,-59,-17,0.0
63.800000000000004,-13,-14,15,4,-10,-4,-15,29,0.0
63.805,23,4,3,68,96,42,107,106,0.0
63.81,-48,-6,4,7,1,-3,-80,-88,0.0
63.815000000000005,17,17,-51,-52,-45,-11,40,22,0.0
63.82,-45,-4,12,-11,-112,-14,-8,-2,0.0
63.825,-37,-27,-41,-1,47,-4,0,-5,0.0
63.83,-5,7,-14,39,16,9,23,21,0.0
63.835,37,-9,14,-1,53,11,10,5,0.0
63.84,-4,17,-47,-29,-55,-8,-8,10,0.0
63.845,-30,14,27,-17,-61,-25,-30,-28,0.0
63.85,34,-25,19,60,57,23,32,15,0.0
63.855000000000004,-18,5,-19,-94,-39,-26,-30,-43,0.0
63.86,-5,-48,-64,6,33,7,7,24,0.0
63.865,39,48,-21,-16,-29,-4,-31,1,0.0
63.870000000000005,4,2,46,-47,-33,-13,-5,-28,0.0
63.875,51,13,4,104,64,27,28,22,0.0
63.88,-44,16,27,29,29,5,-5,-11,0.0
63.885,9,-85,-48,-16,-24,13,39,31,0.0
63.89,58,19,36,-16,-14,-29,-15,51,0.0
63.895,2,10,-9,-10,-49,-26,-78,-80,0.0
63.9,22,22,127,48,47,17,50,20,0.0
63.905,-62,-41,-71,-20,25,10,-12,-36,0.0
63.910000000000004,-61,-11,37,30,-19,3,29,8,0.0
63.915,-72,-33,-61,-33,16,4,22,16,0.0
63.92,97,29,12,-18,-31,-8,-20,11,0.0
63.925000000000004,127,80,66,-14,-61,-5,10,24,0.0
63.93,-77,4,101,111,73,35,29,-22,0.0
63.935,59,-42,-115,-96,22,-11,-14,-7,0.0
63.940000000000005,-12,-19,106,27,13,3,-8,-16,0.0
63.945,41,15,-1,42,-3,3,-4,4,0.0
63.95,20,4,-1,-81,-46,-26,-12,-1,0.0
63.955,25,44,-23,68,-13,7,6,4,0.0
63.96,110,8,4,10,34,25,22,38,0.0
63.965,-59,69,127,98,9,6,0,-9,0.0
63.97,-33,-76,-91,20,-10,-11,-32,-59,0.0
63.975,37,-14,98,98,16,6,20,10,0.0
63.980000000000004,42,-19,-102,-57,-4,-14,-5,18,0.0
63.985,-59,-2,-98,-96,-50,-39,-48,10,0.0
63.99,-28,2,88,-9,-6,-1,-33,-48,0.0
63.995000000000005,-78,-29,18,69,8,15,22,14,0.0
64.0,83,81,127,127,48,23,21,30,0.0
64.005,-82,-23,46,-66,-1,-2,-8,-12,0.0
64.01,9,-23,-95,-128,-49,-23,88,72,0.0
64.015,1,43,116,-7,5,-10,-96,-87,0.0
64.02,-24,-48,-67,53,10,6,31,25,0.0
64.025,36,-6,101,9,29,17,32,25,0.0
64.03,31,22,-6,2,27,9,14,55,0.0
64.035,22,8,127,65,-39,-6,28,34,0.0
64.04,-24,30,-48,-45,-10,-5,-9,-32,0.0
64.045,-50,-118,-128,-82,-11,-43,-64,-59,0.0
64.05,127,102,72,-9,79,57,12,20,0.0
64.055,-128,-90,-128,-40,-61,-32,1,-26,0.0
64.06,78,37,122,-72,6,-17,-40,12,0.0
64.065,127,108,42,65,29,81,110,61,0.0
64.07000000000001,-66,-80,-65,23,-107,-92,-103,-89,0.0
64.075,-12,-3,-71,-31,91,-18,-26,-39,0.0
64.08,39,15,-89,-52,12,5,21,-60,0.0
64.08500000000001,62,44,11,25,47,12,21,13,0.0
64.09,127,96,12,-52,51,43,-17,68,0.0
64.095,-43,52,7,42,-54,21,49,54,0.0
64.1,-79,-99,-63,69,-1,-30,-50,-12,0.0
64.105,64,34,-6,-13,-34,-20,-33,-20,0.0
64.11,15,0,-16,16,-12,6,31,16,0.0
64.115,2,16,-14,-31,2,7,17,-4,0.0
64.12,-14,11,59,-30,3,10,-13,41,0.0
64.125,-58,-31,-29,97,-26,-19,4,-15,0.0
64.13,-36,-25,-10,2,-10,-12,11,-17,0.0
64.135,12,-14,33,-13,26,4,-11,-4,0.0
64.14,-50,12,27,23,-5,15,35,2,0.0
64.145,-22,-40,-28,7,-25,-13,-34,-27,0.0
64.15,-19,2,13,9,3,0,11,13,0.0
64.155,45,14,12,-5,16,9,13,85,0.0
64.16,-51,-21,-23,12,-17,-9,-20,-10,0.0
64.165,11,-6,-9,-28,-3,-15,-11,20,0.0
64.17,25,14,14,-5,4,15,43,50,0.0
64.175,-5,1,35,45,-3,-6,60,-2,0.0
64.18,16,-2,23,16,-10,-2,-15,-27,0.0
64.185,-58,-39,-60,-105,-20,-22,25,-23,0.0
64.19,26,7,28,34,-13,18,0,-42,0.0
64.19500000000001,33,-2,-23,-13,10,9,26,104,0.0
64.2,1,16,60,61,34,2,-19,-65,0.0
64.205,-26,17,12,46,19,22,46,98,0.0
64.21000000000001,75,6,12,67,12,-4,-48,-76,0.0
64.215,-77,-55,-100,-117,-64,-44,-73,-110,0.0
64.22,5,4,-5,-26,-23,-13,-10,-3,0.0
64.225,52,23,-8,6,20,12,-10,8,0.0
64.23,-39,9,11,27,19,0,46,46,0.0
64.235,1,-40,21,24,10,28,-3,-5,0.0
64.24,10,7,-15,-27,-6,4,64,91,0.0
64.245,2,-16,4,-17,-21,-14,-77,-74,0.0
64.25,-3,14,9,-3,-8,-10,-17,20,0.0
64.255,57,29,20,6,15,0,3,5,0.0
64.26,-29,-5,-26,2,19,25,44,5,0.0
64.265,39,12,38,75,35,13,27,47,0.0
64.27,-43,-29,21,-24,-37,-32,-54,-31,0.0
64.275,-13,-16,-69,-100,-45,-23,-16,-31,0.0
64.28,-1,3,25,37,-10,2,-3,21,0.0
64.285,9,2,7,10,9,-1,-7,34,0.0
64.29,-4,8,14,27,20,16,15,-31,0.0
64.295,2,20,33,26,1,8,78,57,0.0
64.3,57,14,-20,-26,-11,-4,-63,-44,0.0
64.305,-102,-33,22,3,2,-16,32,66,0.0
64.31,3,-34,-20,4,4,3,-31,-65,0.0
64.315,54,43,26,51,15,0,-55,-61,0.0
64.32000000000001,-111,-65,-92,-93,-28,-14,1,-12,0.0
64.325,57,0,30,56,-12,-3,44,5,0.0
64.33,-25,0,-13,14,1,0,-2,-8,0.0
64.33500000000001,21,6,-6,-46,9,7,2,20,0.0
64.34,25,36,20,5,8,6,11,-13,0.0
64.345,3,-1,-49,15,7,6,44,-37,0.0
64.35,-18,0,26,14,6,4,-5,15,0.0
64.355,7,-16,-64,-70,-31,-15,3,44,0.0
64.36,2,1,17,60,-12,-3,93,121,0.0
64.365,-30,-20,-21,-27,-20,-28,-67,-103,0.0
64.37,22,28,26,47,20,11,12,71,0.0
64.375,-13,-1,9,48,35,14,24,27,0.0
64.38,2,-15,13,-3,-1,0,39,28,0.0
64.385,29,8,11,-15,1,14,17,57,0.0
64.39,-2,4,-19,-29,24,1,1,-22,0.0
64.395,-3,1,14,33,-46,-7,1,-19,0.0
64.4,-28,-8,-1,-9,-37,1,-26,-38,0.0
64.405,27,6,15,-4,2,-10,-54,-46,0.0
64.41,-22,-15,-27,-51,-15,-12,-8,7,0.0
64.415,15,-3,22,13,11,1,9,12,0.0
64.42,20,8,18,30,26,3,-30,-24,0.0
64.425,-20,-15,-14,-14,11,4,-26,-26,0.0
64.43,-8,-5,-2,-13,-26,-10,22,32,0.0
64.435,4,9,31,-55,-53,-3,2,-6,0.0
64.44,-8,-14,-51,87,50,4,-23,-22,0.0
64.44500000000001,-4,-2,65,0,53,16,-2,-5,0.0
64.45,-8,-39,-53,-47,-43,-19,10,12,0.0
64.455,3,30,-52,41,-3,0,-16,-6,0.0
64.46000000000001,5,-4,17,-9,34,10,-14,-10,0.0
64.465,1,7,-9,-6,-52,-3,18,26,0.0
64.47,-17,-7,76,19,16,-6,-20,-60,0.0
64.475,8,-25,-78,-13,26,2,-18,-4,0.0
64.48,-2,8,56,-29,-31,-19,-6,2,0.0
64.485,-2,-16,-122,-20,6,-1,-14,-15,0.0
64.49,-14,35,90,-80,-128,-11,27,43,0.0
64.495,61,-24,-26,78,97,11,10,3,0.0
64.5,-16,-10,-31,31,81,16,-6,-24,0.0
64.505,26,17,64,5,-28,-2,-38,-52,0.0
64.51,-28,-15,-34,-19,-48,-20,-16,-14,0.0
64.515,-55,-26,-14,-99,-104,-36,-37,-74,0.0
64.52,35,-1,27,-20,-68,-8,-6,19,0.0
64.525,8,18,7,68,91,41,24,-3,0.0
64.53,82,21,23,58,12,29,39,59,0.0
64.535,-29,-20,-11,8,-8,1,0,57,0.0
64.54,-60,-2,78,-69,-52,-30,-9,-2,0.0
64.545,25,8,77,-38,-114,-41,-29,11,0.0
64.55,44,38,35,106,126,51,34,61,0.0
64.555,20,-12,1,0,97,11,23,54,0.0
64.56,-69,-15,49,34,4,12,20,20,0.0
64.565,92,-12,-70,-75,-89,-41,-37,-13,0.0
64.57000000000001,-83,33,51,-105,-81,-29,-36,-81,0.0
64.575,32,17,44,91,7,-9,-1,16,0.0
64.58,84,-18,6,77,77,63,31,30,0.0
64.58500000000001,-97,-4,-36,-27,-52,-2,6,-6,0.0
64.59,-89,-53,-55,-23,1,-21,-22,-81,0.0
64.595,-3,21,103,-13,-15,4,-1,-14,0.0
64.6,-22,-14,-67,-49,-50,-26,-18,-16,0.0
64.605,81,18,127,27,11,11,17,54,0.0
64.61,24,-30,-78,-3,-39,0,12,41,0.0
64.615,-60,6,5,-23,3,-8,-18,-52,0.0
64.62,92,38,57,24,85,23,9,69,0.0
64.625,-1,-20,103,-9,-84,-16,-8,-51,0.0
64.63,-101,-52,-128,-45,25,-25,-39,-3,0.0
64.635,60,25,127,32,52,25,13,22,0.0
64.64,-17,2,27,1,-23,-11,-4,-8,0.0
64.645,41,-23,4,-4,-15,2,12,51,0.0
64.65,37,30,28,53,59,12,18,8,0.0
64.655,-10,-5,-39,9,-28,6,9,-6,0.0
64.66,27,60,35,-128,-128,-47,-22,-18,0.0
64.665,-73,-65,-70,104,127,17,-5,-7,0.0
64.67,63,14,127,91,75,72,38,23,0.0
64.675,23,-17,-124,-77,-125,-11,1,-5,0.0
64.68,-72,-25,-46,-46,-98,-26,-25,-30,0.0
64.685,16,27,-3,-100,-128,-32,-14,-12,0.0
64.69,-24,-2,-24,-52,-108,-26,-12,3,0.0
64.69500000000001,5,-5,-10,65,91,15,6,1,0.0
64.7,-16,27,54,68,62,41,32,33,0.0
64.705,41,4,-51,-10,-52,-9,-19,-61,0.0
64.71000000000001,29,-6,-95,-80,-67,-23,-15,5,0.0
64.715,-12,26,55,37,6,0,7,10,0.0
64.72,-28,-44,-46,63,43,-4,-13,-6,0.0
64.725,32,26,0,35,127,20,24,54,0.0
64.73,3,45,53,-4,45,18,26,78,0.0
64.735,-60,-73,-69,-127,-128,-57,-63,-98,0.0
64.74,27,53,6,50,127,15,-2,2,0.0
64.745,19,0,57,76,28,35,20,11,0.0
64.75,4,30,-39,-7,-85,-9,12,22,0.0
64.755,71,16,36,3,-22,10,21,56,0.0
64.76,-97,-24,25,-3,-128,-23,-34,-56,0.0
64.765,-114,-33,-43,-41,-128,-39,-32,-47,0.0
64.77,64,-1,78,38,127,5,-3,0,0.0
64.775,6,30,31,19,-58,5,10,16,0.0
64.78,88,22,-7,-64,-91,4,20,6,0.0
64.785,4,22,9,96,113,33,19,29,0.0
64.79,-69,-50,-16,26,-42,1,-12,-36,0.0
64.795,30,10,73,32,-19,8,5,1,0.0
64.8,-35,-2,-34,-2,-68,-23,-18,-18,0.0
64.805,-51,-15,-77,-123,-78,-23,-12,-1,0.0
64.81,32,-10,2,37,-9,-5,-4,-15,0.0
64.815,-19,22,61,27,55,10,14,25,0.0
64.82000000000001,72,15,46,66,33,13,16,30,0.0
64.825,-42,5,8,19,29,13,14,4,0.0
64.83,-3,-36,-90,-102,-72,-12,-4,-17,0.0
64.83500000000001,-16,-4,12,14,18,-9,-57,-18,0.0
64.84,-71,-55,-47,-34,33,-44,-30,-50,0.0
64.845,42,28,28,-29,-22,16,14,15,0.0
64.85,21,3,39,93,17,19,12,13,0.0
64.855,-2,5,-23,19,80,25,32,12,0.0
64.86,34,-16,-20,-15,-22,-4,-7,-6,0.0
64.865,-12,2,23,-5,5,-9,-4,-3,0.0
64.87,21,14,7,-29,-51,-9,1,1,0.0
64.875,-16,-10,-20,-36,-42,-5,-5,-4,0.0
64.88,5,6,60,35,17,0,-1,3,0.0
64.885,-1,6,-20,-31,-68,-1,8,13,0.0
64.89,15,-22,-74,-73,-28,-33,-25,-85,0.0
64.895,7,-3,-2,-1,92,22,23,45,0.0
64.9,7,-2,35,44,40,18,10,0,0.0
64.905,15,3,-16,-31,-39,-5,-2,21,0.0
64.91,-5,59,127,127,59,32,34,38,0.0
64.915,-60,-43,-53,-10,-45,-32,-31,-43,0.0
64.92,46,-37,-103,-115,-64,-19,19,17,0.0
64.925,-34,7,108,35,18,-10,-87,-60,0.0
64.93,4,-7,-26,11,8,-4,-11,21,0.0
64.935,11,36,7,-3,-13,3,17,15,0.0
64.94,-3,-8,2,-11,-91,1,16,23,0.0
64.94500000000001,2,-21,-53,14,93,2,18,7,0.0
64.95,19,12,115,94,108,39,24,22,0.0
64.955,-28,-47,-82,-73,-53,-22,-16,-17,0.0
64.96000000000001,9,4,37,40,-26,-8,-15,-20,0.0
64.965,2,-5,-4,1,-46,-11,9,4,0.0
64.97,-3,5,10,-4,-30,-12,-15,-2,0.0
64.975,14,12,27,29,-12,7,16,5,0.0
64.98,-13,4,-54,-104,-81,-17,-19,-15,0.0
64.985,-11,-15,-18,88,94,21,11,-2,0.0
64.99,-1,-3,-25,-5,16,9,9,13,0.0
64.995,12,23,118,-11,-65,-8,-3,-6,0.0
65.0,-8,-4,-78,-59,-10,-13,-16,-12,0.0
65.005,41,12,67,-8,-101,-1,9,3,0.0
65.01,-1,4,-45,7,91,15,22,51,0.0
65.015,-9,-36,19,-30,-35,-13,-37,-69,0.0
65.02,2,15,79,31,69,-1,-4,0,0.0
65.025,24,6,-36,26,104,20,16,10,0.0
65.03,34,-2,48,-41,-68,-12,-1,5,0.0
65.035,-29,35,-85,-6,-16,-1,13,33,0.0
65.04,-24,-68,11,16,44,7,-9,-17,0.0
65.045,8,4,-27,-81,-116,-24,-9,-21,0.0
65.05,-52,-26,-16,-38,71,-13,-15,-3,0.0
65.055,102,47,107,127,108,46,26,30,0.0
65.06,105,60,-122,-23,-45,11,14,11,0.0
65.065,-113,-56,30,-15,-37,-16,-8,-15,0.0
65.07000000000001,37,-54,-22,-21,-128,-23,-26,-38,0.0
65.075,-22,10,15,-36,10,-5,1,-4,0.0
65.08,-28,-15,28,70,107,19,4,-2,0.0
65.08500000000001,64,33,14,-47,-29,-4,6,20,0.0
65.09,-10,36,-18,33,47,5,5,6,0.0
65.095,59,4,30,24,-34,0,9,10,0.0
65.1,-79,-23,53,102,105,21,14,-9,0.0
65.105,-8,-14,-80,-95,-63,-34,-13,-7,0.0
65.11,-38,-21,-44,-60,-78,-22,-30,-41,0.0
65.115,-16,-12,-28,-18,-11,-8,-6,0,0.0
65.12,98,34,127,48,14,15,22,33,0.0
65.125,-83,-17,-66,68,89,17,11,-9,0.0
65.13,56,-31,-79,-69,-30,-7,28,-5,0.0
65.135,44,41,24,-28,-31,-21,-38,32,0.0
65.14,-117,10,8,-73,-68,-13,-32,-58,0.0
65.145,9,-101,4,18,14,-12,-12,-27,0.0
65.15,68,44,80,32,12,13,1,13,0.0
65.155,64,14,-89,8,0,11,34,26,0.0
65.16,43,1,54,18,1,-1,3,17,0.0
65.165,19,52,-24,-27,25,6,-7,10,0.0
65.17,-60,-7,43,-17,-12,8,1,-9,0.0
65.175,-27,-26,-65,24,7,-25,7,-5,0.0
65.18,88,40,78,33,27,22,10,21,0.0
65.185,-75,-43,-71,18,-21,1,-3,-18,0.0
65.19,14,7,74,-40,-17,-20,-18,-6,0.0
65.19500000000001,9,-11,-26,10,36,7,-4,-7,0.0
65.2,100,40,39,-96,9,-7,2,27,0.0
65.205,-33,18,-68,0,3,21,19,-8,0.0
65.21000000000001,-69,-29,117,50,-56,-15,-24,-2,0.0
65.215,-61,31,110,89,17,7,-7,-24,0.0
65.22,63,-63,-98,-6,-22,-18,-6,-16,0.0
65.225,74,24,73,-34,8,3,82,76,0.0
65.23,-65,-13,19,-13,20,9,-58,19,0.0
65.235,-14,-25,-31,-61,-13,-15,-57,-83,0.0
65.24,28,41,15,-16,-28,-14,-12,17,0.0
65.245,124,127,68,24,43,29,37,46,0.0
65.25,-53,-59,-71,44,39,19,16,-24,0.0
65.255,-4,-49,-7,17,-37,-12,19,37,0.0
65.26,43,-5,-72,-17,9,1,-4,-21,0.0
65.265,127,80,127,116,28,17,0,38,0.0
65.27,12,48,-91,-65,9,-9,34,18,0.0
65.275,-109,-99,-24,-93,-46,-44,-79,-90,0.0
65.28,19,-82,38,36,-44,-16,19,-1,0.0
65.285,101,-3,-77,-46,96,41,17,17,0.0
65.29,95,79,127,127,-83,-5,51,77,0.0
65.295,-72,-30,-110,-38,2,-15,-12,31,0.0
65.3,-60,23,54,-28,15,0,2,-38,0.0
65.305,-47,-45,-3,14,-42,-49,-119,-79,0.0
65.31,127,100,34,37,61,31,34,51,0.0
65.315,-64,-45,-2,7,-27,9,14,-39,0.0
65.32000000000001,55,38,29,84,50,18,1,16,0.0
65.325,-109,-46,-25,28,-39,-1,15,0,0.0
65.33,32,-37,-71,-57,10,-11,-18,-56,0.0
65.33500000000001,127,123,112,-30,30,49,83,109,0.0
65.34,-21,-11,-126,-50,-4,9,4,-7,0.0
65.345,-98,-86,26,-63,-69,-75,-86,-64,0.0
65.35,22,-23,-72,-12,-30,-22,-30,-36,0.0
65.355,54,33,64,6,83,23,26,26,0.0
65.36,-12,28,-7,-9,-8,22,31,21,0.0
65.365,4,-9,-10,-7,-22,9,18,18,0.0
65.37,-29,-13,16,-2,44,-10,2,-9,0.0
65.375,2,12,11,54,7,25,15,-2,0.0
65.38,-56,-29,-71,-43,-48,-21,-12,9,0.0
65.385,3,12,35,21,-23,-18,-7,-5,0.0
65.39,-32,-11,-12,1,14,-3,-13,-7,0.0
65.395,13,4,-5,4,-7,1,14,0,0.0
65.4,-53,-19,-20,14,-35,-15,-12,-6,0.0
65.405,22,14,36,-14,4,11,31,22,0.0
65.41,-5,4,-6,4,27,7,-10,-11,0.0
65.415,-15,-19,-14,29,-9,-14,-4,-22,0.0
65.42,-38,-6,13,10,-3,-14,-28,-17,0.0
65.425,12,9,8,-36,5,8,2,5,0.0
65.43,-21,-19,-31,-38,-25,-3,-2,-29,0.0
65.435,6,2,17,31,-18,-9,-3,11,0.0
65.44,11,24,28,34,20,21,50,54,0.0
65.44500000000001,-37,4,22,61,25,-1,-40,-47,0.0
65.45,17,-14,-16,45,-9,-5,-9,-3,0.0
65.455,-25,-34,-18,-115,-41,-26,-24,-17,0.0
65.46000000000001,-4,-2,-15,20,-7,-4,1,-3,0.0
65.465,41,19,5,13,-7,16,75,66,0.0
65.47,-50,-3,36,32,20,-10,-64,-58,0.0
65.475,23,15,21,38,9,-8,-17,-2,0.0
65.48,-8,-4,-16,-20,2,15,6,11,0.0
65.485,-7,-1,12,0,6,-3,-1,-11,0.0
65.49,5,-1,-8,-18,-12,11,33,15,0.0
65.495,18,5,-17,-9,-8,-3,6,10,0.0
65.5,-32,-2,-6,-14,-21,-13,-22,-16,0.0
65.505,-6,-31,-8,4,20,7,2,-6,0.0
65.51,-7,-3,-5,-15,-5,8,3,7,0.0
65.515,-5,-4,-14,-4,-24,-8,-15,-4,0.0
65.52,32,13,5,13,23,-7,2,6,0.0
65.525,4,5,27,10,12,5,-15,-12,0.0
65.53,6,-10,-44,-27,-14,-10,13,25,0.0
65.535,17,5,11,10,12,5,7,2,0.0
65.54,-8,-10,-25,-13,-20,-14,-21,-17,0.0
65.545,8,6,7,1,-7,3,7,6,0.0
65.55,2,-4,-16,-12,-20,-1,5,2,0.0
65.555,-1,4,2,8,10,3,5,0,0.0
65.56,-12,-8,5,14,14,7,-4,-8,0.0
65.565,1,5,-10,-5,2,-5,-4,0,0.0
65.57000000000001,8,2,3,-16,-18,-5,1,4,0.0
65.575,-10,-3,-3,32,37,4,3,-8,0.0
65.58,-7,-2,25,-20,-26,-5,-5,2,0.0
65.58500000000001,8,-6,-59,-27,-34,-14,-6,-7,0.0
65.59,2,-3,8,9,5,6,9,-1,0.0
65.595,-1,-1,-4,14,29,14,11,8,0.0
65.6,-4,-3,16,11,8,-5,-7,-4,0.0
65.605,11,7,5,-6,-11,-1,-1,-2,0.0
65.61,-16,-4,-8,-13,-13,-9,-3,-3,0.0
65.615,-6,-7,-7,-6,-16,5,2,-1,0.0
65.62,-2,3,5,2,-7,-3,-3,-2,0.0
65.625,3,4,6,-7,3,-5,-10,-3,0.0
65.63,2,-3,-10,2,-6,1,5,5,0.0
65.635,3,-3,4,15,32,1,4,0,0.0
65.64,-4,-3,-7,2,-3,-1,-2,-5,0.0
65.645,0,0,1,3,-4,-1,3,0,0.0
65.65,3,0,2,-12,-11,-5,-1,2,0.0
65.655,-1,-3,1,-8,-23,-3,-4,-4,0.0
65.66,-10,-6,-11,5,22,4,-2,-6,0.0
65.665,0,2,5,5,4,-2,1,-1,0.0
65.67,3,-2,5,8,11,-2,0,0,0.0
65.675,0,0,-5,-6,-22,4,0,0,0.0
65.68,-4,-6,-9,-11,-8,-2,-4,-3,0.0
65.685,3,1,6,7,8,-3,-1,-3,0.0
65.69,2,1,-16,1,4,5,1,-1,0.0
65.69500000000001,-1,-1,-1,-8,2,-16,1,1,0.0
65.7,-2,-1,1,-5,-15,7,-6,-3,0.0
65.705,-2,0,-9,9,9,-2,4,-3,0.0
65.71000000000001,-1,2,11,-1,12,3,1,-1,0.0
65.715,-2,1,-4,-9,-26,-8,-3,0,0.0
65.72,-5,-9,-24,13,21,0,-5,-4,0.0
65.725,2,5,13,0,-8,2,3,4,0.0
65.73,0,0,-2,-7,2,-3,-5,-2,0.0
65.735,0,0,6,-1,6,0,1,-2,0.0
65.74,2,3,9,-4,-8,-6,3,0,0.0
65.745,0,-4,-7,-11,-7,-1,-4,-4,0.0
65.75,-1,0,7,-1,-2,3,0,0,0.0
65.755,0,-3,-15,5,21,5,-3,-1,0.0
65.76,-3,2,4,0,2,1,1,-2,0.0
65.765,0,-4,1,9,1,4,-1,0,0.0
65.77,0,-1,4,1,-5,-1,4,0,0.0
65.775,-3,1,-4,-9,-22,-4,-1,-4,0.0
65.78,0,-1,-1,-7,-9,-5,3,1,0.0
65.785,-4,-4,-8,11,27,5,0,0,0.0
65.79,-1,2,3,-1,-17,-1,0,-1,0.0
65.795,-1,-5,-2,7,12,-9,-5,-2,0.0
65.8,0,-1,1,-6,-9,12,-5,-2,0.0
65.805,2,1,5,-12,-21,-5,-3,-2,0.0
65.81,-2,-1,-3,5,23,2,1,-1,0.0
65.815,3,1,-1,8,-2,2,1,-1,0.0
65.82000000000001,-6,-3,-5,-12,-15,-8,-3,3,0.0
65.825,13,3,11,16,7,4,0,3,0.0
65.83,-12,-6,-14,4,14,6,0,1,0.0
65.83500000000001,13,3,22,-11,-15,-4,-4,-7,0.0
65.84,-6,0,5,-8,-9,-7,-1,-3,0.0
65.845,13,-3,-19,-27,-42,-3,0,4,0.0
65.85,13,9,19,41,57,4,8,22,0.0
65.855,1,0,73,46,17,5,13,3,0.0
65.86,-10,-19,-88,-75,-17,-20,-21,-36,0.0
65.865,12,-3,1,-18,-32,-2,-2,-7,0.0
65.87,38,12,18,14,-6,0,4,11,0.0
65.875,-38,21,83,48,1,30,37,29,0.0
65.88,4,-28,-30,29,34,-27,-8,-10,0.0
65.885,-25,-9,-18,-34,1,-11,-35,-34,0.0
65.89,-11,0,-10,7,-11,7,8,-6,0.0
65.895,21,11,-12,-5,-7,0,-6,6,0.0
65.9,14,22,59,49,-2,10,23,16,0.0
65.905,-10,0,-5,0,5,-4,5,0,0.0
65.91,-5,-5,-1,-13,-11,-8,-15,-5,0.0
65.915,-10,-6,-31,-32,-45,-12,-2,-9,0.0
65.92,3,2,7,-2,3,18,4,9,0.0
65.925,13,13,43,74,105,14,14,15,0.0
65.93,18,0,15,3,-17,2,0,-7,0.0
65.935,-29,-38,-88,-52,-14,-17,-23,-17,0.0
65.94,-28,-21,-49,-78,-57,-24,-19,-16,0.0
65.94500000000001,8,14,75,63,-9,4,4,22,0.0
65.95,15,-2,-43,12,-4,-4,0,-10,0.0
65.955,-13,-4,23,27,-6,-7,-13,-13,0.0
65.96000000000001,1,0,-18,-28,12,0,-2,11,0.0
65.965,44,6,-11,-16,4,5,9,-5,0.0
65.97,-8,-2,22,13,5,6,2,4,0.0
65.975,-36,-8,0,-4,-9,-1,-3,-1,0.0
65.98,-27,-10,21,44,32,2,-5,-6,0.0
65.985,1,-1,-16,-26,-17,-6,-2,0,0.0
65.99,17,7,4,-19,-28,-10,-2,5,0.0
65.995,27,8,-21,-25,0,-3,-9,-2,0.0
66.0,-4,-7,24,32,23,11,9,6,0.0
66.005,-14,0,5,5,-8,-7,0,-1,0.0
66.01,-29,-14,1,3,16,7,7,-5,0.0
66.015,7,8,-5,-31,1,-2,-3,3,0.0
66.02,42,17,9,19,-16,-7,-18,-2,0.0
66.025,-19,-15,-37,-43,-15,-2,-6,-10,0.0
66.03,-49,-16,9,9,13,7,8,-10,0.0
66.035,15,-13,-15,0,13,0,-14,-3,0.0
66.04,10,13,31,32,-7,-3,0,-11,0.0
66.045,-39,-7,-55,-79,-29,-6,-5,-2,0.0
66.05,67,15,1,0,12,13,34,31,0.0
66.055,-93,-5,6,19,3,-19,-30,-21,0.0
66.06,28,12,6,-7,-7,-4,-29,-34,0.0
66.065,5,5,-21,-7,-14,-2,1,-3,0.0
66.07000000000001,-41,-27,57,54,22,-2,-12,-15,0.0
66.075,32,-8,-93,-37,-9,2,52,50,0.0
66.08,12,9,20,22,14,11,11,18,0.0
66.08500000000001,8,-12,7,-34,-5,-2,1,15,0.0
66.09,18,24,34,9,-13,-7,14,28,0.0
66.095,-35,12,78,101,15,1,-53,-96,0.0
66.1,-64,-43,-94,-63,-34,-5,109,117,0.0
66.105,-38,-40,58,55,1,-9,-56,-99,0.0
66.11,-6,-13,-2,-7,-12,-19,-41,45,0.0
66.115,52,13,15,-7,10,18,12,39,0.0
66.12,32,30,56,33,17,11,29,58,0.0
66.125,-8,7,-18,41,16,12,27,91,0.0
66.13,33,2,-64,-53,-16,-6,15,-20,0.0
66.135,-13,0,-2,29,0,1,47,42,0.0
66.14,-12,-6,-20,-39,-13,-23,-128,-119,0.0
66.145,45,25,43,29,10,-3,51,-4,0.0
66.15,-34,-11,40,37,21,15,9,-3,0.0
66.155,9,-4,2,-11,16,9,22,37,0.0
66.16,22,6,-64,42,-19,6,32,25,0.0
66.165,1,-27,32,-25,13,-9,-42,-6,0.0
66.17,77,76,78,-5,7,14,4,20,0.0
66.175,-7,-71,-102,-70,22,-5,2,-58,0.0
66.18,-96,11,127,-2,27,16,2,-47,0.0
66.185,55,-52,12,69,-61,-35,-65,-31,0.0
66.19,82,15,-116,-78,78,23,18,-11,0.0
66.19500000000001,127,64,123,71,49,43,46,77,0.0
66.2,-62,-29,-114,-29,-68,-49,-21,8,0.0
66.205,-34,-16,58,-12,37,-44,-50,-66,0.0
66.21000000000001,-21,-9,-16,-12,-26,-17,64,-43,0.0
66.215,54,49,42,-9,49,24,-60,-62,0.0
66.22,85,39,127,3,104,41,44,94,0.0
66.225,14,26,-29,77,-40,50,77,55,0.0
66.23,-38,-56,25,-29,-87,-59,-40,-18,0.0
66.235,23,72,69,65,-15,21,7,1,0.0
66.24,-101,-118,-67,-74,-58,-43,-59,-78,0.0
66.245,36,-1,-74,-14,50,-6,39,58,0.0
66.25,-16,-6,-108,-30,-2,23,-94,-97,0.0
66.255,14,-43,64,-69,-63,-25,-1,19,0.0
66.26,96,74,75,33,83,25,19,34,0.0
66.265,-119,-54,-118,-2,-102,-20,-24,-82,0.0
66.27,14,-16,107,-4,18,-14,-4,60,0.0
66.275,-41,-12,-90,30,-9,-26,-32,-8,0.0
66.28,102,22,-9,-17,-10,-2,8,-6,0.0
66.285,61,72,42,-20,79,29,27,36,0.0
66.29,-111,-12,29,54,-56,8,19,6,0.0
66.295,-96,-101,-74,-3,-31,-14,2,13,0.0
66.3,3,-6,-9,29,14,-3,-18,-39,0.0
66.305,43,31,-8,-10,-11,12,104,113,0.0
66.31,15,17,-5,-2,-11,-17,-67,-64,0.0
66.315,-3,14,-17,-15,12,-7,13,21,0.0
66.32000000000001,2,4,-17,9,4,7,5,15,0.0
66.325,-9,19,66,11,3,-2,10,13,0.0
66.33,-17,-6,-29,-18,1,-3,6,18,0.0
66.33500000000001,8,-3,2,-19,22,1,6,0,0.0
66.34,-12,1,23,13,-22,9,7,-20,0.0
66.345,-14,-10,-1,-27,-16,-5,-44,-26,0.0
66.35,-3,-3,-16,6,27,-2,15,22,0.0
66.355,-2,0,-6,-9,-26,-11,-16,-25,0.0
66.36,-2,4,-5,15,-14,-1,-1,8,0.0
66.365,-13,3,2,-19,17,9,-10,-16,0.0
66.37,11,4,-12,5,3,2,6,12,0.0
66.375,6,10,10,-16,-20,-5,63,14,0.0
66.38,-13,-8,-14,13,22,-2,-95,-40,0.0
66.385,-2,-4,3,-16,8,1,-9,-6,0.0
66.39,2,-2,7,17,-7,0,17,9,0.0
66.395,6,-2,-9,-14,0,-9,-10,5,0.0
66.4,-5,-2,3,12,-14,0,28,-10,0.0
66.405,0,5,32,34,10,10,51,35,0.0
66.41,-6,-7,-38,-50,-16,-16,-67,-79,0.0
66.415,-1,2,-1,-20,-9,-4,3,7,0.0
66.42,2,2,5,2,-3,1,15,12,0.0
66.425,0,7,9,0,4,-6,-5,-14,0.0
66.43,21,8,17,28,7,9,35,47,0.0
66.435,-49,-11,-8,9,10,-3,-13,4,0.0
66.44,-2,-6,-5,-11,-1,3,12,-13,0.0
66.44500000000001,-12,-1,8,-1,-7,-7,-25,0,0.0
66.45,8,-6,-18,-19,-12,-6,28,35,0.0
66.455,18,15,-13,12,13,-3,-30,-28,0.0
66.46000000000001,-20,-9,-16,-5,-1,-1,13,21,0.0
66.465,-7,-8,-11,-10,8,3,-10,-10,0.0
66.47,-3,1,7,2,0,7,4,8,0.0
66.475,16,0,9,6,-7,-1,3,10,0.0
66.48,5,11,9,9,-3,0,14,8,0.0
66.485,8,1,-11,-18,-1,0,-13,-15,0.0
66.49,-10,-2,8,3,0,-3,12,2,0.0
66.495,0,-1,2,3,-3,-8,-74,-32,0.0
66.5,8,3,-7,1,3,7,11,11,0.0
66.505,-9,-6,-9,-14,-2,4,-11,-10,0.0
66.51,-6,-1,7,13,1,-1,-7,5,0.0
66.515,1,9,5,-7,-7,-11,16,4,0.0
66.52,-13,-12,-5,-7,9,13,3,-2,0.0
66.525,13,4,3,-3,-5,-7,-13,6,0.0
66.53,31,21,9,12,3,2,11,5,0.0
66.535,-59,-51,-37,-26,-4,-6,1,-15,0.0
66.54,-4,1,33,9,-11,-7,-6,-4,0.0
66.545,2,5,1,14,7,1,9,1,0.0
66.55,1,-5,5,-5,0,-3,-5,3,0.0
66.555,29,13,1,-6,-3,0,7,-12,0.0
66.56,2,2,33,44,4,0,0,4,0.0
66.565,-11,-13,-41,-37,-14,-4,-11,-5,0.0
66.57000000000001,2,9,19,30,10,-1,4,16,0.0
66.575,-4,-3,2,1,9,5,12,-25,0.0
66.58,-10,-12,-54,-59,-13,-10,-70,-36,0.0
66.58500000000001,10,11,20,-5,-5,-10,-1,2,0.0
66.59,-12,-9,-11,-11,-6,3,-4,-3,0.0
66.595,9,8,20,24,0,9,24,18,0.0
66.6,19,7,19,34,8,-7,1,14,0.0
66.605,-16,-2,-30,-35,5,2,5,6,0.0
66.61,-8,-19,-43,-16,-21,-20,-44,-62,0.0
66.615,1,5,27,17,-1,2,9,55,0.0
66.62,-7,-5,-68,-56,-16,2,94,54,0.0
66.625,0,1,47,55,11,-11,-95,-83,0.0
66.63,-18,-19,-44,-18,-6,-6,-14,6,0.0
66.635,18,16,17,3,0,3,5,21,0.0
66.64,14,-1,-3,15,5,2,20,11,0.0
66.645,-7,0,8,13,1,6,26,9,0.0
66.65,2,3,4,-9,1,8,56,67,0.0
66.655,-9,-10,-6,1,-8,-6,-55,-79,0.0
66.66,11,7,12,-3,0,-1,-8,1,0.0
66.665,2,-1,-21,-6,5,4,12,5,0.0
66.67,-18,-10,10,-5,1,-7,-4,-2,0.0
66.675,12,4,-7,-13,-4,2,19,27,0.0
66.68,-26,-14,-11,3,-5,-3,-10,-20,0.0
66.685,10,-4,1,-4,-3,-5,6,10,0.0
66.69,3,8,14,9,1,-1,2,-9,0.0
66.69500000000001,4,3,-7,-3,-1,1,3,0,0.0
66.7,7,-8,-32,-11,-2,-4,-15,-14,0.0
66.705,-3,1,11,-2,3,-1,6,7,0.0
66.71000000000001,-6,0,-15,5,2,-1,-7,-3,0.0
66.715,-6,-3,4,7,-8,6,-2,-5,0.0
66.72,21,15,41,4,11,-2,2,10,0.0
66.725,-51,-27,-51,6,-16,3,11,2,0.0
66.73,41,13,24,-14,10,2,-3,-1,0.0
66.735,6,10,40,1,-2,-10,-9,-10,0.0
66.74,-99,-33,-2,2,-16,-6,-12,-24,0.0
66.745,30,-1,9,0,-9,-13,8,12,0.0
66.75,-38,4,19,10,6,22,-1,-7,0.0
66.755,18,-6,-34,-15,13,-1,5,11,0.0
66.76,63,34,42,4,5,2,8,14,0.0
66.765,-3,-2,-20,-4,5,10,2,-9,0.0
66.77,0,5,54,45,19,-7,1,3,0.0
66.775,-39,-12,-75,-39,-38,-10,-3,50,0.0
66.78,-4,-18,-69,-41,-5,-7,-19,-53,0.0
66.785,51,35,55,4,25,12,10,6,0.0
66.79,34,1,9,-32,-32,-2,11,14,0.0
66.795,17,-7,-83,24,2,-15,-21,-35,0.0
66.8,-77,-22,15,-77,-16,-13,-12,1,0.0
66.805,21,-39,85,10,-76,-37,-38,-70,0.0
66.81,47,-6,-111,49,2,7,6,19,0.0
66.815,108,60,118,18,90,24,27,29,0.0
66.82000000000001,-34,53,6,46,-16,17,22,-4,0.0
66.825,-65,-76,-45,-93,69,17,13,-26,0.0
66.83,-97,20,102,41,-108,-61,-69,-59,0.0
66.83500000000001,56,-25,-55,1,-24,-33,-22,41,0.0
66.84,101,23,55,27,56,22,2,-29,0.0
66.845,82,98,78,-23,118,45,48,86,0.0
66.85,64,26,-48,78,5,51,64,8,0.0
66.855,-117,-45,-34,-73,-38,-40,-46,24,0.0
66.86,12,27,36,-37,-40,-42,-55,-46,0.0
66.865,-44,-27,17,20,-20,-11,-6,-5,0.0
66.87,70,25,23,-20,47,40,36,45,0.0
66.875,-41,-32,-8,12,-16,19,58,-48,0.0
66.88,-17,-20,-24,44,-16,0,-60,19,0.0
66.885,-20,-9,-29,-43,28,-15,-35,-86,0.0
66.89,33,5,-81,-32,-11,-16,-23,-24,0.0
66.895,-70,-5,86,22,-9,-2,5,-21,0.0
66.9,25,-14,33,10,-22,-2,29,35,0.0
66.905,-8,-22,-82,1,8,13,9,22,0.0
66.91,-19,15,36,-45,28,-7,-25,-34,0.0
66.915,35,6,-22,31,-3,1,2,-9,0.0
66.92,39,-13,-37,-13,28,2,15,12,0.0
66.925,24,38,47,49,-27,-5,1,39,0.0
66.93,-13,-20,-14,-42,-29,-7,12,10,0.0
66.935,-22,-11,-39,-17,-13,0,-11,-22,0.0
66.94,-6,3,26,11,13,5,11,11,0.0
66.94500000000001,19,19,-11,26,-31,-5,6,19,0.0
66.95,-44,-32,-3,-21,2,-11,-9,-3,0.0
66.955,23,20,40,-5,28,19,22,26,0.0
66.96000000000001,-1,-6,-7,5,5,-1,5,-5,0.0
66.965,-17,-6,-23,8,-30,-9,4,8,0.0
66.97,-12,-22,9,-11,14,-10,-25,-11,0.0
66.975,11,14,25,-2,-4,8,10,6,0.0
66.98,0,-1,-13,14,3,3,15,16,0.0
66.985,-9,-7,-32,-12,-12,-4,-9,-3,0.0
66.99,-13,1,38,0,21,2,20,16,0.0
66.995,16,9,16,16,2,2,-8,-15,0.0
67.0,-14,-19,-58,-27,-26,-3,40,18,0.0
67.005,-7,-1,14,-60,-19,-10,-67,-19,0.0
67.01,-8,-7,17,7,4,-11,-15,-17,0.0
67.015,3,3,1,-25,1,5,3,-2,0.0
67.02,3,-2,9,27,9,1,-10,-8,0.0
67.025,2,6,6,20,-1,8,37,32,0.0
67.03,-8,-8,-7,-20,12,5,4,6,0.0
67.035,2,0,2,32,3,3,-19,-19,0.0
67.04,-4,5,25,7,3,-9,12,11,0.0
67.045,2,1,-26,-10,-8,-8,3,-1,0.0
67.05,-15,-10,14,28,-8,-1,-11,-8,0.0
67.055,3,-1,-2,3,6,-5,0,-6,0.0
67.06,4,2,6,-7,5,8,1,3,0.0
67.065,-6,-1,3,11,-17,-2,-6,-4,0.0
67.07000000000001,-7,-11,-14,-23,-3,-7,-7,-8,0.0
67.075,6,4,13,-1,-6,0,10,7,0.0
67.08,-2,1,-4,12,15,2,-5,-2,0.0
67.08500000000001,0,-2,0,10,-9,-8,-5,-6,0.0
67.09,12,3,-10,-5,9,19,13,9,0.0
67.095,-12,-12,-1,-4,-2,-6,-8,-5,0.0
67.1,-6,-3,-4,-4,-9,-8,-9,-4,0.0
67.105,-30,-6,1,12,0,0,5,-1,0.0
67.11,7,-3,-5,-6,1,-2,-2,1,0.0
67.115,17,12,-4,-9,-3,0,-6,-2,0.0
67.12,23,3,1,-1,-1,2,-4,-3,0.0
67.125,-48,-7,-3,5,-4,2,4,-2,0.0
67.13,4,-3,-2,-1,1,-5,5,5,0.0
67.135,4,5,-8,-8,-2,2,-5,-4,0.0
67.14,-18,1,2,1,-1,-1,2,-4,0.0
67.145,14,5,-1,-6,-4,1,-1,2,0.0
67.15,-3,-10,-18,-8,-5,-5,-9,-6,0.0
67.155,10,1,0,-4,5,0,5,1,0.0
67.16,8,5,8,10,0,3,-1,5,0.0
67.165,6,0,6,-1,-6,-1,-3,-3,0.0
67.17,1,2,10,-3,-3,0,-4,-3,0.0
67.175,-10,-1,9,-3,-8,-9,2,10,0.0
67.18,-4,-10,-36,-8,5,-4,-9,-14,0.0
67.185,13,1,22,43,6,4,3,2,0.0
67.19,-3,-1,-44,-45,3,0,1,4,0.0
67.19500000000001,-5,-2,33,11,-2,3,-2,0,0.0
67.2,-16,-7,14,-7,-11,-4,-6,-16,0.0
67.205,17,3,3,13,1,-1,7,9,0.0
67.21000000000001,0,2,8,11,0,-4,-6,-2,0.0
67.215,-7,-6,-8,-8,-8,-2,-4,-7,0.0
67.22,4,0,6,8,8,1,1,7,0.0
67.225,7,2,-36,-11,10,7,10,0,0.0
67.23,-1,2,17,12,-2,-2,2,7,0.0
67.235,1,0,-2,-14,2,-2,-3,4,0.0
67.24,-54,-15,1,33,-1,-5,-10,-24,0.0
67.245,25,8,8,-24,-21,0,-2,24,0.0
67.25,-24,-11,-17,-29,2,-7,-8,-30,0.0
67.255,9,1,17,29,10,3,9,3,0.0
67.26,12,7,10,-14,12,2,1,8,0.0
67.265,-2,-6,-8,4,2,-1,-3,-10,0.0
67.27,-13,-6,-7,10,-25,-12,-7,-6,0.0
67.275,4,-1,-3,-1,16,10,2,-2,0.0
67.28,3,3,7,-14,-5,1,4,4,0.0
67.285,2,-5,-4,-13,-1,-4,-2,1,0.0
67.29,9,7,16,8,0,7,3,17,0.0
67.295,-9,-5,-24,-3,-3,0,-7,-21,0.0
67.3,2,-6,-4,-10,-19,-5,-3,7,0.0
67.305,6,3,7,20,16,4,12,18,0.0
67.31,-7,-1,36,8,-5,-7,-10,-41,0.0
67.315,-11,-7,-28,10,-5,-6,-4,-31,0.0
67.32000000000001,11,0,-10,-7,11,3,32,85,0.0
67.325,-9,-7,6,0,-10,-4,-13,10,0.0
67.33,0,0,15,17,12,5,12,34,0.0
67.33500000000001,1,2,8,10,2,0,-11,4,0.0
67.34,9,-3,-17,-34,-6,-3,7,2,0.0
67.345,-1,3,16,24,-1,-1,1,-11,0.0
67.35,8,5,1,-11,0,0,0,3,0.0
67.355,-5,-3,-16,-21,-8,-7,6,10,0.0
67.36,-6,-10,18,22,14,0,-7,-21,0.0
67.365,-9,1,-36,-10,-1,1,-4,-14,0.0
67.37,17,4,-6,-13,-17,-2,-5,-8,0.0
67.375,-9,-8,19,-2,-3,-3,-3,-1,0.0
67.38,5,5,-18,22,-1,-4,-7,-13,0.0
67.385,3,-3,5,-5,11,-3,-10,-16,0.0
67.39,-6,-11,-3,7,0,-1,8,14,0.0
67.395,2,3,5,-5,-3,2,4,8,0.0
67.4,2,-5,-21,-11,-8,-4,-14,-25,0.0
67.405,1,2,8,0,-4,0,9,10,0.0
67.41,-16,1,-10,3,-2,-1,-2,-3,0.0
67.415,6,11,34,25,1,7,80,42,0.0
67.42,-6,-3,2,21,9,-4,-49,-50,0.0
67.425,-5,-4,-33,-10,-2,-2,8,18,0.0
67.43,16,-3,0,-16,5,-3,-19,-60,0.0
67.435,4,-3,-1,-7,0,2,-1,-11,0.0
67.44,15,13,41,48,-4,7,19,23,0.0
67.44500000000001,-7,-12,-16,-33,-14,-8,-5,15,0.0
67.45,-14,-8,-24,-33,2,-2,-9,-41,0.0
67.455,-7,-5,-37,-34,-2,-3,-13,12,0.0
67.46000000000001,3,4,26,15,-5,2,-9,-49,0.0
67.465,-1,3,2,20,8,1,-12,-20,0.0
67.47,-10,-3,-15,12,4,-1,14,37,0.0
67.475,2,-2,-14,-9,-7,-3,-21,-16,0.0
67.48,-5,0,12,-20,-12,-4,4,15,0.0
67.485,-6,-6,23,20,-1,-3,5,3,0.0
67.49,2,2,-7,8,7,3,7,11,0.0
67.495,-1,-2,-9,0,2,-1,-15,1,0.0
67.5,-3,-2,-19,-25,-7,4,6,18,0.0
67.505,-3,-1,7,0,-12,-7,-5,-15,0.0
67.51,0,-1,1,-1,4,-2,2,17,0.0
67.515,-4,-2,4,2,0,-7,-15,-20,0.0
67.52,-2,-1,-5,-16,-3,-2,3,10,0.0
67.525,2,-1,-7,-11,-3,4,1,-10,0.0
67.53,-7,-4,12,-9,-4,-5,-1,5,0.0
67.535,-1,-4,-25,-3,0,0,-4,6,0.0
67.54,1,-4,-2,-9,2,3,4,1,0.0
67.545,-4,-6,-17,-2,-3,-3,0,-4,0.0
67.55,-2,-1,1,6,3,0,-2,12,0.0
67.555,-1,2,7,12,1,-3,-5,-4,0.0
67.56,-1,-1,-9,-9,-10,-4,3,6,0.0
67.565,1,2,5,-5,0,7,1,-5,0.0
67.57000000000001,-3,-1,10,4,12,6,3,8,0.0
67.575,4,-1,-7,-16,-17,-5,-7,-4,0.0
67.58,11,5,-2,-20,-2,-6,-4,-4,0.0
67.58500000000001,-1,3,7,-3,25,9,4,8,0.0
67.59,-12,-12,0,-13,-14,-6,-1,1,0.0
67.595,-7,-3,-11,-3,-4,-3,-6,-13,0.0
67.6,8,3,9,23,11,-2,4,7,0.0
67.605,5,3,-19,-21,9,4,1,2,0.0
67.61,46,25,32,2,33,10,4,17,0.0
67.615,-40,-9,19,3,-46,-1,-2,-15,0.0
67.62,-53,-33,-44,7,-35,-38,-38,-31,0.0
67.625,21,27,88,-29,77,24,60,44,0.0
67.63,-14,-21,-90,42,-19,7,-53,-32,0.0
67.635,71,31,29,-40,80,15,-4,10,0.0
67.64,40,17,-7,79,-105,-12,28,30,0.0
67.645,-50,-49,-46,-86,52,-18,-35,-65,0.0
67.65,-30,21,88,77,-16,14,50,100,0.0
67.655,-31,-52,-116,-11,-25,-34,-101,-83,0.0
67.66,17,37,117,-28,80,27,7,-21,0.0
67.665,40,13,-83,48,-64,-2,5,15,0.0
67.67,29,15,72,-97,43,0,34,41,0.0
67.675,-94,-46,-85,-2,-48,-6,3,-44,0.0
67.68,13,-29,76,-33,119,32,52,26,0.0
67.685,53,28,40,83,-34,-49,-56,-11,0.0
67.69,13,-2,-95,-76,-126,-59,-33,0,0.0
67.69500000000001,30,46,120,38,125,10,3,-63,0.0
67.7,-128,-62,-91,-88,-17,-10,-17,-61,0.0
67.705,-61,-40,82,-47,67,16,25,-8,0.0
67.71000000000001,18,-6,-11,83,23,22,45,49,0.0
67.715,10,-7,-24,38,-96,-66,-65,2,0.0
67.72,68,53,35,39,5,12,16,-5,0.0
67.725,12,7,42,-23,67,27,30,17,0.0
67.73,24,40,127,55,102,12,-3,33,0.0
67.735,54,-6,-67,-64,-78,11,50,65,0.0
67.74,-90,-56,40,-17,-14,-56,-102,-36,0.0
67.745,13,14,15,-3,-13,-11,-36,-32,0.0
67.75,-2,-1,2,10,42,15,-4,-66,0.0
67.755,44,18,89,-11,21,36,57,67,0.0
67.76,33,8,-61,-6,1,24,32,66,0.0
67.765,-3,-8,-26,31,-18,-5,-6,-37,0.0
67.77,-25,-6,-17,-59,-15,-6,-6,-28,0.0
67.775,-44,-18,30,71,-30,4,10,21,0.0
67.78,14,5,-103,8,-18,-11,-13,-13,0.0
67.785,-11,-3,58,-11,-16,-7,-3,37,0.0
67.79,-5,-7,-33,1,-12,2,-4,-34,0.0
67.795,9,4,-3,-22,67,-1,1,10,0.0
67.8,4,8,36,-8,16,3,15,4,0.0
67.805,18,3,-19,16,-55,3,34,20,0.0
67.81,-14,-24,-43,-25,-14,-14,-32,-41,0.0
67.815,-31,-7,22,-22,18,6,16,4,0.0
67.82000000000001,41,21,19,22,-7,14,26,18,0.0
67.825,-8,-3,-36,0,-30,-9,-41,-16,0.0
67.83,-17,-16,-5,-19,-15,-9,-6,-5,0.0
67.83500000000001,11,9,25,2,19,10,48,37,0.0
67.84,5,3,-16,-7,-6,0,-28,-57,0.0
67.845,-18,-12,-30,-7,-6,3,6,20,0.0
67.85,-11,-8,18,-6,-5,-5,5,15,0.0
67.855,11,15,7,5,4,-16,-29,-8,0.0
67.86,3,-3,1,20,16,17,19,37,0.0
67.865,-7,-7,2,10,-15,-9,-7,-14,0.0
67.87,2,-7,-52,-3,-14,-1,62,33,0.0
67.875,-3,4,-8,-29,-2,3,-41,-64,0.0
67.88,-4,-5,10,20,-15,-12,-3,1,0.0
67.885,3,6,20,40,11,10,10,18,0.0
67.89,-1,-6,-45,-74,-6,0,22,7,0.0
67.895,-9,-4,6,29,-6,-7,-5,4,0.0
67.9,-5,-1,-11,-46,-3,-2,-12,0,0.0
67.905,4,1,6,-2,-13,4,11,4,0.0
67.91,2,2,11,17,23,1,-20,-31,0.0
67.915,0,-2,2,15,10,6,3,8,0.0
67.92,18,6,-1,-6,-10,-4,-11,-3,0.0
67.925,-9,5,-10,-15,-11,-7,8,4,0.0
67.93,-22,-26,8,4,-9,-7,-28,-23,0.0
67.935,5,2,17,-7,-4,1,-3,9,0.0
67.94,0,-5,-4,11,8,8,49,24,0.0
67.94500000000001,-5,2,-13,-17,-5,-11,-65,-18,0.0
67.95,1,-2,6,17,-7,-4,-41,-36,0.0
67.955,3,5,13,-3,7,3,24,40,0.0
67.96000000000001,-6,-7,-2,-7,-6,-1,-16,-57,0.0
67.965,7,-1,-22,-8,-7,3,38,6,0.0
67.97,-11,7,9,1,3,-6,-34,-16,0.0
67.975,-7,-8,-2,19,0,-4,-4,3,0.0
67.98,1,3,-2,-13,0,-1,6,25,0.0
67.985,-1,-2,13,0,-4,2,1,-6,0.0
67.99,14,14,14,13,-2,-1,3,-6,0.0
67.995,4,-4,-4,-6,5,-3,11,3,0.0
68.0,-17,-14,-12,-25,-1,-2,-12,2,0.0
68.005,-8,4,0,-1,-3,1,-2,-12,0.0
68.01,3,-6,5,13,-4,-1,4,12,0.0
68.015,6,5,-7,-6,8,4,3,-5,0.0
68.02,5,5,4,5,0,-4,-4,7,0.0
68.025,-2,-1,0,11,-3,-6,-7,-3,0.0
68.03,1,0,0,-10,-14,2,5,2,0.0
68.035,-5,0,-7,-14,-6,1,0,-5,0.0
68.04,-1,2,2,18,3,1,2,4,0.0
68.045,2,-7,-10,-4,6,2,30,30,0.0
68.05,-3,0,10,8,2,-2,-9,-14,0.0
68.055,1,4,1,-1,-1,1,8,-1,0.0
68.06,4,-1,-3,-8,-2,0,-4,42,0.0
68.065,-3,-9,-6,-8,-7,-5,12,-65,0.0
68.07000000000001,-12,-1,19,16,1,1,-10,17,0.0
68.075,10,-1,-23,-22,2,4,61,66,0.0
68.08,-3,-2,-5,-4,-4,-2,-31,-57,0.0
68.08500000000001,5,6,18,19,2,5,18,39,0.0
68.09,1,-2,-40,-33,2,2,57,27,0.0
68.095,-1,-2,33,37,2,-1,-79,-26,0.0
68.1,-16,-3,-40,-23,-3,-7,-21,42,0.0
68.105,5,-7,-11,-38,-12,-9,-22,6,0.0
68.11,-13,-1,7,16,8,8,0,-15,0.0
68.115,3,4,-6,-9,1,5,18,23,0.0
68.12,-6,3,26,19,1,-3,17,16,0.0
68.125,-11,-3,2,12,4,3,-39,-35,0.0
68.13,14,9,32,29,6,0,12,22,0.0
68.135,-9,-13,-45,-48,-10,-7,-2,-17,0.0
68.14,13,11,40,30,3,8,83,30,0.0
68.145,-13,-15,-92,-83,-10,-8,-27,-28,0.0
68.15,1,-4,10,0,-3,-2,-6,-14,0.0
68.155,-4,5,20,21,4,3,2,-11,0.0
68.16,5,1,2,2,-1,-3,7,-10,0.0
68.165,0,3,21,25,3,-1,9,28,0.0
68.17,1,-1,0,-1,-6,-3,-6,14,0.0
68.175,5,-3,-10,-10,-4,0,-20,-41,0.0
68.18,-11,-2,-1,-11,1,0,-8,15,0.0
68.185,5,-1,24,21,-3,0,2,-2,0.0
68.19,-12,-7,-20,-13,0,0,-25,-15,0.0
68.19500000000001,6,0,-1,7,-3,-2,11,5,0.0
68.2,8,3,-42,-14,1,-3,-10,0,0.0
68.205,9,-2,-1,6,-4,-4,-4,27,0.0
68.21000000000001,-46,-19,-6,-23,-3,2,2,-28,0.0
68.215,-10,-2,18,9,2,1,1,11,0.0
68.22,28,2,10,10,-4,3,-3,-5,0.0
68.225,34,16,9,27,19,3,1,-2,0.0
68.23,-59,-18,-16,0,-4,-7,-12,-6,0.0
68.235,-2,-1,5,8,-12,-4,-4,-2,0.0
68.24,10,0,1,10,-6,1,-13,-8,0.0
68.245,48,14,16,-3,-3,0,11,15,0.0
68.25,-47,-8,-21,21,5,-6,-10,-14,0.0
68.255,-26,-17,-14,0,18,-4,-8,-14,0.0
68.26,7,-2,1,-38,-34,-9,-6,-5,0.0
68.265,17,16,59,9,66,20,16,24,0.0
68.27,59,29,34,19,-80,-4,12,12,0.0
68.275,21,17,-4,-7,33,1,-4,-25,0.0
68.28,2,-5,-31,-15,-9,-10,-7,13,0.0
68.285,-93,-15,57,45,-22,-9,-18,-2,0.0
68.29,-10,-33,-80,-71,38,-2,31,8,0.0
68.295,8,-15,-25,-12,-16,-9,-11,-22,0.0
68.3,110,61,81,19,21,17,21,42,0.0
68.305,-20,19,7,-17,-17,18,38,22,0.0
68.31,-68,-35,127,11,46,-16,-35,-39,0.0
68.315,-57,-84,-59,-14,-47,-19,-33,-67,0.0
68.32000000000001,-22,5,17,-57,-33,-1,1,-20,0.0
68.325,48,-3,-66,-34,-5,-2,27,52,0.0
68.33,127,100,113,74,35,39,18,21,0.0
68.33500000000001,-80,-47,-56,3,-5,-17,-5,2,0.0
68.34,-88,-101,-128,-50,9,-30,-72,-35,0.0
68.345,57,22,116,32,-30,12,34,20,0.0
68.35000000000001,-41,-26,-128,57,77,-39,-54,-57,0.0
68.355,79,26,-17,-89,-63,-7,-12,25,0.0
68.36,10,37,93,104,43,24,61,23,0.0
68.365,6,-8,-87,-64,83,9,-28,45,0.0
68.37,66,27,56,78,-70,-2,25,73,0.0
68.375,-82,0,63,127,21,14,40,-11,0.0
68.38,-55,-29,1,16,-21,-15,-23,-58,0.0
68.385,-27,-7,36,-37,31,-4,-13,-36,0.0
68.39,8,-14,-80,-100,-56,-3,-14,-3,0.0
68.395,46,27,14,-23,-9,5,19,30,0.0
68.4,42,9,63,39,66,17,28,26,0.0
68.405,-71,6,60,48,6,11,-3,-18,0.0
68.41,-30,-2,-50,3,-29,-11,-5,-30,0.0
68.415,19,13,16,-20,79,24,24,37,0.0
68.42,-111,-53,-42,-1,-79,-28,-48,-44,0.0
68.425,25,-26,-86,11,2,-22,-21,-40,0.0
68.43,-3,9,26,-44,-2,10,3,-10,0.0
68.435,48,36,5,-27,26,14,12,28,0.0
68.44,47,10,62,16,33,5,6,22,0.0
68.44500000000001,-2,-23,-128,-19,-64,-15,-16,-33,0.0
68.45,-47,-7,15,-5,-23,4,9,17,0.0
68.455,-15,-17,8,8,5,-18,-29,-3,0.0
68.46000000000001,24,26,4,-15,-1,14,54,2,0.0
68.465,-16,-11,-2,4,-40,-21,-103,-65,0.0
68.47,28,5,-10,-10,49,9,9,8,0.0
68.47500000000001,1,13,36,15,-6,5,13,18,0.0
68.48,-9,0,-37,-21,-5,-5,-15,-3,0.0
68.485,-7,-8,-4,-8,-3,-1,18,0,0.0
68.49,26,5,25,24,9,3,0,8,0.0
68.495,-3,8,10,-5,-18,-1,-16,-9,0.0
68.5,-1,-6,-37,-18,-8,-12,6,6,0.0
68.505,4,1,8,13,-7,-7,-10,-25,0.0
68.51,2,-1,15,-3,-8,-2,-3,5,0.0
68.515,0,0,5,5,-2,1,11,2,0.0
68.52,3,0,-16,-7,24,11,-9,-7,0.0
68.525,7,10,23,-14,-2,-8,19,13,0.0
68.53,-12,-19,-18,-2,-19,-7,-6,-5,0.0
68.535,10,12,29,43,17,4,-4,-4,0.0
68.54,13,3,-38,-21,-8,-3,-12,-1,0.0
68.545,-14,-5,4,-10,-33,-5,2,-2,0.0
68.55,-1,-9,3,-5,5,-2,-1,3,0.0
68.555,14,5,-1,-13,20,4,6,0,0.0
68.56,3,11,21,35,17,2,-1,2,0.0
68.565,-6,-6,6,31,-9,0,11,4,0.0
68.57000000000001,2,-1,-19,-52,-12,-1,-4,-6,0.0
68.575,6,5,18,24,-19,-6,-6,4,0.0
68.58,-9,-6,-39,-32,-8,-3,-8,-18,0.0
68.58500000000001,-3,-7,-25,-43,5,4,45,15,0.0
68.59,1,-2,17,8,2,-2,-74,-32,0.0
68.595,-1,-2,-1,-6,6,-2,-2,1,0.0
68.60000000000001,0,-2,0,0,-12,-4,0,7,0.0
68.605,3,1,-5,11,5,2,12,1,0.0
68.61,2,1,5,6,10,5,21,10,0.0
68.615,-1,-5,2,-10,-19,-8,-7,-3,0.0
68.62,-5,-1,-31,-35,-8,-3,-13,-9,0.0
68.625,4,3,10,23,12,9,1,4,0.0
68.63,-3,0,4,-3,3,-4,10,7,0.0
68.635,2,-9,-10,-12,-14,-3,-13,-11,0.0
68.64,-7,-3,1,13,-2,1,7,6,0.0
68.645,-3,1,3,-1,2,-6,-12,-5,0.0
68.65,3,1,3,-4,6,8,14,6,0.0
68.655,22,5,-8,-7,-3,0,7,3,0.0
68.66,3,5,10,10,1,-1,-5,2,0.0
68.665,-29,-14,-8,-8,-4,-10,-7,-7,0.0
68.67,-12,-17,0,10,-3,-6,-3,-6,0.0
68.675,-5,6,-8,-5,0,5,9,6,0.0
68.68,10,3,12,1,9,5,2,5,0.0
68.685,24,17,-4,-2,-8,-1,-8,1,0.0
68.69,-63,-31,8,19,-1,-7,2,-10,0.0
68.69500000000001,0,3,2,-10,-6,-3,-5,-2,0.0
68.7,13,6,16,-3,3,4,0,2,0.0
68.705,7,-6,-31,-17,-1,1,3,-1,0.0
68.71000000000001,18,5,-3,-23,2,0,11,13,0.0
68.715,-8,-4,-4,0,-16,-5,-9,-30,0.0
68.72,-5,-4,10,-21,-9,-4,-8,-3,0.0
68.72500000000001,-1,3,26,58,25,9,4,2,0.0
68.73,12,-2,-10,-34,-5,-1,4,4,0.0
68.735,-8,-11,-42,-29,-5,-4,27,34,0.0
68.74,-23,-5,-4,6,-8,-2,-17,-40,0.0
68.745,19,0,-1,5,-4,1,14,-15,0.0
68.75,15,7,15,11,-5,-4,-18,8,0.0
68.755,-22,-6,3,-6,-1,2,14,19,0.0
68.76,-3,-2,1,15,0,-5,-7,-47,0.0
68.765,3,-4,32,27,4,3,4,14,0.0
68.77,5,1,-21,-28,3,5,31,19,0.0
68.775,25,11,-8,2,-3,-6,-13,25,0.0
68.78,-12,2,-7,34,6,0,-69,-57,0.0
68.785,-26,-21,-9,-60,-16,-10,-14,-4,0.0
68.79,9,-3,-18,-7,-3,2,28,1,0.0
68.795,9,20,51,29,3,0,-37,39,0.0
68.8,-18,-4,-55,-42,-5,-8,15,13,0.0
68.805,17,4,30,39,1,2,-11,-59,0.0
68.81,-3,-4,-2,5,-3,-5,-8,0,0.0
68.815,-6,-10,-41,-38,0,4,14,-4,0.0
68.82000000000001,18,6,47,48,11,6,22,39,0.0
68.825,-6,1,-19,-6,-6,-3,-8,16,0.0
68.83,-4,2,0,8,-3,-5,13,-23,0.0
68.83500000000001,3,3,15,20,3,3,-4,-37,0.0
68.84,2,1,1,-23,-11,-5,3,4,0.0
68.845,-5,-5,-14,-30,-7,-2,-9,13,0.0
68.85000000000001,5,7,24,15,0,0,-2,3,0.0
68.855,4,4,-17,2,2,0,3,-9,0.0
68.86,0,-13,-11,-1,-4,-4,1,11,0.0
68.865,-20,-1,-6,-11,-4,-2,21,16,0.0
68.87,-1,2,-3,13,8,10,-7,10,0.0
68.875,-11,2,51,4,-4,-7,-14,-39,0.0
68.88,0,-7,-39,-10,-5,6,18,25,0.0
68.885,-6,-21,-39,-16,-8,-8,-12,-8,0.0
68.89,-7,11,0,-6,13,5,-7,-3,0.0
68.895,9,-5,2,26,-13,-4,-6,-3,0.0
68.9,10,9,26,8,4,0,5,13,0.0
68.905,-18,-2,-2,0,-2,-1,-5,0,0.0
68.91,6,-2,1,-5,4,2,-11,-5,0.0
68.915,1,-4,-14,-10,5,-3,8,4,0.0
68.92,2,-7,-7,-1,1,-11,0,1,0.0
68.925,5,6,1,6,-1,1,-3,-3,0.0
68.93,-5,-5,-6,-6,-21,-11,-9,-4,0.0
68.935,-11,-3,6,11,5,4,0,-7,0.0
68.94,5,-1,-16,-9,-4,-2,1,5,0.0
68.94500000000001,4,1,-4,4,6,-1,-4,7,0.0
68.95,1,1,6,2,2,5,-2,-1,0.0
68.955,2,-1,-14,-6,1,1,2,-1,0.0
68.96000000000001,-4,-3,11,-3,-3,-2,-2,0,0.0
68.965,2,5,10,9,4,2,7,9,0.0
68.97,0,0,-2,-8,-8,-5,-5,-6,0.0
68.97500000000001,-8,-9,-11,-7,-2,-2,-7,0,0.0
68.98,-2,-4,1,-2,0,1,3,4,0.0
68.985,1,5,9,8,-2,-1,-3,1,0.0
68.99,5,1,-6,-10,3,-3,0,-1,0.0
68.995,-6,-8,-6,0,-2,-1,-3,-4,0.0
69.0,-1,1,8,1,-3,2,0,1,0.0
69.005,0,-1,-2,-5,-6,-1,-5,-4,0.0
69.01,2,1,3,7,3,2,3,-1,0.0
69.015,-8,-5,-11,-17,4,1,1,-4,0.0
69.02,0,-1,-3,10,1,-1,-2,0,0.0
69.025,0,2,7,1,3,4,3,0,0.0
69.03,0,-1,-14,5,0,2,-2,-1,0.0
69.035,-3,-2,6,-8,-4,-4,0,2,0.0
69.04,-3,-2,14,-3,-3,0,-2,-2,0.0
69.045,-1,1,-3,0,-3,-2,-8,-20,0.0
69.05,2,1,3,1,0,1,-2,4,0.0
69.055,-1,1,12,21,0,-10,-1,1,0.0
69.06,0,-3,-22,-13,0,0,15,7,0.0
69.065,0,-2,6,-12,-6,-7,-57,9,0.0
69.07000000000001,-8,-1,9,11,-3,-3,-7,-41,0.0
69.075,-3,-5,-15,-8,-5,1,-2,-8,0.0
69.08,1,4,34,19,1,-1,-7,8,0.0
69.08500000000001,4,-1,-19,13,2,2,24,11,0.0
69.09,0,1,-18,-37,-4,3,3,11,0.0
69.095,-10,-7,-14,2,-3,-9,-19,0,0.0
69.10000000000001,4,-4,-8,-19,0,-2,9,-4,0.0
69.105,1,3,18,16,0,-1,11,5,0.0
69.11,0,1,24,-1,1,-3,-6,6,0.0
69.115,-3,-3,-47,1,-9,2,12,-2,0.0
69.12,1,0,-1,-4,-3,-6,-4,3,0.0
69.125,-2,0,11,5,2,-3,5,-5,0.0
69.13,1,-1,5,-4,-6,-6,-10,11,0.0
69.135,2,1,-1,2,9,8,10,1,0.0
69.14,-6,-4,-3,7,7,4,-6,-4,0.0
69.145,-2,-3,-4,-14,-12,-3,-4,-5,0.0
69.15,-4,-6,-13,6,5,-7,6,5,0.0
69.155,3,5,26,-4,-10,-8,-4,0,0.0
69.16,0,0,-7,13,0,6,0,-6,0.0
69.165,-1,0,9,2,6,4,9,10,0.0
69.17,-5,-8,-22,-9,-8,-7,-2,-4,0.0
69.175,-2,-2,5,-14,0,1,-4,-8,0.0
69.18,-6,-4,21,1,2,-1,-3,-5,0.0
69.185,-3,-3,-14,-6,4,-4,2,-3,0.0
69.19,2,-2,-14,-6,-1,0,3,-3,0.0
69.19500000000001,1,4,15,23,-9,-5,-4,-5,0.0
69.2,10,7,12,-5,0,1,3,9,0.0
69.205,-3,-8,-46,-46,-3,0,-3,-6,0.0
69.21000000000001,-9,-6,17,-5,3,-3,-5,-8,0.0
69.215,11,9,-1,10,1,-3,4,7,0.0
69.22,-6,-20,-32,-6,-13,2,-4,-7,0.0
69.22500000000001,-2,2,27,2,1,-2,1,-4,0.0
69.23,9,5,-6,6,1,4,2,0,0.0
69.235,1,1,15,-4,5,4,-6,9,0.0
69.24,7,12,-1,-2,7,-3,1,-9,0.0
69.245,7,-3,-12,15,4,-5,-5,-3,0.0
69.25,5,2,14,5,-4,8,7,0,0.0
69.255,-4,-7,2,-22,-7,3,-4,1,0.0
69.26,-31,-7,-64,-35,-6,-10,-9,-16,0.0
69.265,1,-5,13,-3,4,8,8,3,0.0
69.27,-10,-8,11,32,-4,-9,1,18,0.0
69.275,-1,4,16,14,35,5,-5,-32,0.0
69.28,1,-4,-27,-21,-42,-3,2,4,0.0
69.285,-4,-1,19,-16,-9,-5,-6,-7,0.0
69.29,28,12,-14,12,9,9,10,-19,0.0
69.295,-1,-3,-1,-8,4,1,6,27,0.0
69.3,-41,-23,16,2,7,-12,-24,-11,0.0
69.305,7,10,-8,10,-1,-2,-2,-21,0.0
69.31,-5,4,1,-4,-1,-4,-7,15,0.0
69.315,10,0,-1,1,10,5,7,-12,0.0
69.32000000000001,20,10,13,0,26,5,8,20,0.0
69.325,1,0,-7,-11,-31,4,3,8,0.0
69.33,3,-8,14,-1,-9,-6,-4,-4,0.0
69.33500000000001,-8,-6,-36,-15,-4,-5,0,-3,0.0
69.34,-5,-5,11,17,2,-2,-5,-17,0.0
69.345,-3,3,15,2,32,5,2,13,0.0
69.35000000000001,12,11,-2,-12,55,9,-1,-17,0.0
69.355,8,9,41,44,-84,-13,20,34,0.0
69.36,-2,-11,34,11,-29,-8,2,20,0.0
69.365,10,-20,-106,-2,4,-15,-15,25,0.0
69.37,-3,11,92,7,-18,-1,-9,-28,0.0
69.375,-49,-7,-123,-28,33,5,-11,-45,0.0
69.38,1,2,92,-15,87,13,1,-1,0.0
69.385,-23,14,79,66,-108,-14,18,84,0.0
69.39,-13,-6,-75,-18,-27,-12,-13,-41,0.0
69.395,33,-2,-14,19,62,10,12,0,0.0
69.4,14,23,-25,-21,7,26,24,31,0.0
69.405,42,23,85,18,13,11,19,-1,0.0
69.41,-46,-40,-108,-40,-61,-37,-35,-14,0.0
69.415,-74,-61,28,-46,-28,-36,-51,-17,0.0
69.42,57,33,30,27,27,5,-36,-28,0.0
69.425,70,39,-68,24,127,56,44,22,0.0
69.43,116,39,-13,15,-94,33,86,127,0.0
69.435,-86,-98,-34,-71,-52,-81,-80,-100,0.0
69.44,-41,-33,-4,-32,20,-29,-41,-74,0.0
69.44500000000001,14,6,38,3,5,-4,-16,-62,0.0
69.45,52,55,47,42,127,43,17,8,0.0
69.455,52,21,-7,40,-86,26,86,110,0.0
69.46000000000001,-58,-21,-7,0,1,-31,-46,21,0.0
69.465,-39,-11,-19,-33,11,-15,-22,-59,0.0
69.47,-27,-19,19,-1,24,4,8,-12,0.0
69.47500000000001,54,52,1,21,37,27,12,9,0.0
69.48,-10,-13,-44,-11,-13,-6,-2,19,0.0
69.485,-41,-13,72,-2,-84,-26,-15,-9,0.0
69.49,-44,-24,-69,11,11,-11,-28,-24,0.0
69.495,-14,7,43,-10,11,13,13,-12,0.0
69.5,23,19,8,8,-8,-2,-6,25,0.0
69.505,4,-10,-34,-23,0,7,6,9,0.0
69.51,-8,-15,-9,0,-20,-8,-9,-26,0.0
69.515,13,7,-27,-18,17,11,-1,-2,0.0
69.52,21,4,-28,0,-15,1,29,8,0.0
69.525,-12,-10,8,-9,-19,-9,-8,0,0.0
69.53,-16,-4,15,7,-7,-4,-8,-5,0.0
69.535,18,13,19,7,18,6,-8,6,0.0
69.54,4,0,-9,3,-15,3,18,1,0.0
69.545,-8,-8,-29,-3,-1,-7,-10,-16,0.0
69.55,-11,-6,17,-15,-3,-12,-5,1,0.0
69.555,6,7,3,6,25,4,-3,2,0.0
69.56,10,5,-3,-7,-20,3,20,9,0.0
69.565,-7,-9,-15,-18,-5,-5,-9,-13,0.0
69.57000000000001,-8,-7,-1,-9,-6,-7,-4,4,0.0
69.575,4,8,29,25,17,7,-12,-3,0.0
69.58,7,5,-5,21,-11,8,23,0,0.0
69.58500000000001,-3,-4,13,42,12,-2,-1,2,0.0
69.59,-9,-7,23,0,-19,-10,-15,-1,0.0
69.595,4,0,-36,-63,5,0,23,10,0.0
69.60000000000001,2,2,11,5,3,4,-6,-24,0.0
69.605,-5,-5,-40,-27,5,3,-1,2,0.0
69.61,-5,0,39,29,-7,-1,-5,-8,0.0
69.615,8,8,29,10,-15,-8,-3,1,0.0
69.62,-2,-9,-37,-24,8,5,4,-3,0.0
69.625,-1,3,14,16,35,4,-6,-1,0.0
69.63,-10,-12,-46,-18,-16,-6,3,0,0.0
69.635,4,5,21,-36,-21,0,-6,-2,0.0
69.64,0,-1,-15,3,-14,-2,-3,-5,0.0
69.645,1,-1,2,10,3,2,7,1,0.0
69.65,12,5,13,-7,9,3,0,5,0.0
69.655,-19,-6,-6,25,11,-3,-11,-8,0.0
69.66,-2,0,-8,6,-2,3,6,-4,0.0
69.665,-8,-11,-10,-14,-14,-3,-2,-2,0.0
69.67,-1,-2,4,3,10,1,-1,0,0.0
69.675,7,10,10,4,1,4,-4,-3,0.0
69.68,1,2,5,10,-7,1,5,1,0.0
69.685,13,2,-9,-5,0,4,1,2,0.0
69.69,-7,0,2,-10,-8,-6,-4,0,0.0
69.69500000000001,-6,-6,-1,4,1,-1,-4,-10,0.0
69.7,-4,-2,-1,8,1,-4,0,1,0.0
69.705,6,-2,-17,-18,-11,-2,-2,-2,0.0
69.71000000000001,-14,2,7,0,-2,-2,-1,-2,0.0
69.715,7,3,0,19,15,0,0,1,0.0
69.72,3,0,12,4,-2,1,3,2,0.0
69.72500000000001,-8,-4,0,-2,-4,-9,-7,-2,0.0
69.73,7,6,-5,-1,6,2,-1,1,0.0
69.735,-3,-1,-4,-5,-2,7,1,-2,0.0
69.74,-2,-3,-4,14,-5,-2,-3,-4,0.0
69.745,2,3,0,3,10,-2,3,1,0.0
69.75,-4,-7,-29,-17,-1,-3,-4,-5,0.0
69.755,8,-1,1,-15,-4,-7,-7,-1,0.0
69.76,-4,-7,5,-4,-15,0,2,0,0.0
69.765,-10,-3,-2,-5,-2,-5,0,-2,0.0
69.77,-5,-4,5,2,8,6,4,-1,0.0
69.775,3,2,7,7,-4,-4,-2,-2,0.0
69.78,4,-1,-17,-18,-8,-4,-3,-2,0.0
69.785,-7,-4,-9,-15,-1,-2,-2,-2,0.0
69.79,-1,-2,-1,-1,1,-2,-3,-1,0.0
69.795,3,0,0,4,-8,-2,-3,-2,0.0
69.8,-1,5,14,11,12,4,0,-2,0.0
69.805,-5,-2,4,0,0,0,-2,2,0.0
69.81,6,2,6,15,9,6,2,0,0.0
69.815,1,-2,20,43,-3,-8,-1,3,0.0
69.82000000000001,-2,-9,-47,-62,-18,-13,-6,-1,0.0
69.825,4,-1,-1,-3,-10,0,-2,-7,0.0
69.83,-19,1,2,-6,-2,-2,3,3,0.0
69.83500000000001,1,12,77,78,25,14,6,3,0.0
69.84,-3,-17,-69,-32,2,-7,-6,-7,0.0
69.845,-3,-4,-32,-40,-13,-7,-5,9,0.0
69.85000000000001,14,1,0,0,-9,1,0,-3,0.0
69.855,8,-3,-8,-11,-6,-7,-3,26,0.0
69.86,-16,7,47,48,6,4,4,-25,0.0
69.865,-1,6,11,-22,2,0,-1,-5,0.0
69.87,0,-9,-14,12,-1,-6,-5,-1,0.0
69.875,-2,0,-19,-10,-5,3,1,-5,0.0
69.88,11,4,20,11,-1,-4,19,21,0.0
69.885,-7,-5,-16,13,5,7,-20,-20,0.0
69.89,-6,-4,-5,-5,-4,-4,-3,-8,0.0
69.895,4,0,-17,-31,-8,0,-2,-3,0.0
69.9,-9,2,4,9,2,0,1,4,0.0
69.905,-2,-1,7,-3,-7,-5,9,21,0.0
69.91,5,-1,6,1,10,2,4,36,0.0
69.915,-12,-8,-24,-17,0,-6,-22,-69,0.0
69.92,5,3,-2,-8,-8,-1,-3,1,0.0
69.925,1,2,28,30,-4,-1,4,10,0.0
69.93,-3,-4,16,-17,3,1,-1,8,0.0
69.935,1,-4,-30,-22,-3,-7,4,17,0.0
69.94,3,1,8,0,-13,-1,7,58,0.0
69.94500000000001,-9,-5,-10,4,4,-5,-16,-53,0.0
69.95,1,5,25,0,-1,-3,-6,-1,0.0
69.955,-5,-3,-31,-3,3,0,0,4,0.0
69.96000000000001,16,14,35,9,6,13,66,91,0.0
69.965,-5,-16,-38,-7,-11,-3,23,-9,0.0
69.97,-8,4,9,3,9,-10,-78,-47,0.0
69.97500000000001,-3,-4,-4,7,10,0,-3,-1,0.0
69.98,6,5,32,-16,-14,1,2,5,0.0
69.985,-4,-10,-40,8,1,1,5,8,0.0
69.99,1,0,-9,-8,-13,1,14,-17,0.0
69.995,3,3,9,5,24,7,16,29,0.0
70.0,-5,-6,-11,9,-4,-5,-26,-33,0.0
70.005,-5,0,25,-3,7,-1,-8,-17,0.0
70.01,1,-1,-8,-9,-17,-7,5,7,0.0
70.015,-2,-2,-11,-9,-15,-11,-12,-6,0.0
70.02,1,-2,-7,5,2,-2,-4,-20,0.0
70.025,2,1,8,9,4,0,-8,3,0.0
70.03,2,-1,-2,13,18,-2,19,16,0.0
70.035,-14,-13,-8,-5,-5,5,0,-7,0.0
70.04,-2,1,1,-2,4,-3,-19,-32,0.0
70.045,2,-2,12,6,-4,6,7,15,0.0
70.05,1,3,13,-9,-11,-7,6,0,0.0
70.055,-3,-3,-34,-19,-10,-5,0,-1,0.0
70.06,-4,-7,-10,-10,-6,-10,-20,-22,0.0
70.065,4,4,33,5,3,5,-5,15,0.0
70.07000000000001,-1,-5,-43,-23,-7,10,9,1,0.0
70.075,3,5,20,1,0,-10,-1,-3,0.0
70.08,-4,-2,-5,7,2,1,-1,-5,0.0
70.08500000000001,7,7,5,0,4,-13,3,5,0.0
70.09,-6,-1,11,9,7,20,1,-12,0.0
70.095,-9,-10,-30,-9,-10,-12,-4,1,0.0
70.10000000000001,-1,-7,-8,-6,-1,1,-8,-12,0.0
70.105,-8,1,36,-5,-2,-6,0,2,0.0
70.11,4,-8,-45,2,-5,-3,3,2,0.0
70.115,8,8,15,5,2,6,-1,6,0.0
70.12,-11,-11,10,8,-2,-3,-3,-9,0.0
70.125,7,-1,-10,-22,-5,-3,-4,9,0.0
70.13,22,11,24,32,6,1,5,2,0.0
70.135,1,0,-14,13,-3,7,2,-1,0.0
70.14,-83,-28,-17,-32,-8,-13,-15,-24,0.0
70.145,0,-1,-4,-2,-1,2,1,3,0.0
70.15,-17,-7,-3,-10,-2,-5,2,-1,0.0
70.155,19,7,18,17,2,0,3,5,0.0
70.16,16,13,18,10,3,11,2,1,0.0
70.165,1,-2,-4,-1,3,-2,-2,2,0.0
70.17,2,1,-41,3,-2,-1,2,3,0.0
70.175,-4,-6,22,-10,-3,-2,76,31,0.0
70.18,-2,-8,-9,1,-4,-7,-70,-54,0.0
70.185,-6,-5,-4,6,3,4,13,1,0.0
70.19,-11,1,10,-18,-4,-15,-5,-4,0.0
70.19500000000001,-12,-6,-11,-1,-3,10,-1,-3,0.0
70.2,20,2,-23,-9,2,-6,15,14,0.0
70.205,4,5,3,18,0,2,3,0,0.0
70.21000000000001,2,0,25,-13,-5,-2,-6,-3,0.0
70.215,-7,-5,1,-16,-6,-8,-24,-9,0.0
70.22,11,6,-3,15,1,5,8,9,0.0
70.22500000000001,0,-4,-9,-4,-4,-3,-17,-9,0.0
70.23,-4,-2,3,1,1,-3,10,8,0.0
70.235,-3,1,10,-5,4,2,-15,-9,0.0
70.24,14,3,-1,4,0,3,8,8,0.0
70.245,-2,1,0,3,3,-2,11,4,0.0
70.25,-3,-9,-11,-8,-7,12,-2,-2,0.0
70.255,1,1,9,1,9,0,-14,-5,0.0
70.26,3,1,-7,9,-15,-12,4,2,0.0
70.265,-6,-2,-18,-20,-3,2,-2,-1,0.0
70.27,-3,-3,13,4,-1,0,-2,0,0.0
70.275,1,0,2,1,-2,-4,-15,-6,0.0
70.28,2,2,-1,-5,9,2,14,7,0.0
70.285,-3,-3,-5,1,-1,-3,-3,-4,0.0
70.29,2,0,11,15,-4,-1,-1,-3,0.0
70.295,-1,-1,-9,-30,7,2,-1,-2,0.0
70.3,3,1,9,22,-8,-3,0,0,0.0
70.305,0,-3,-23,-29,-2,0,1,2,0.0
70.31,-2,1,27,34,5,-13,-3,-4,0.0
70.315,-2,-2,-7,1,-5,13,-4,0,0.0
70.32000000000001,1,-1,-10,-4,3,-2,1,3,0.0
70.325,0,-3,-38,-26,-7,2,-5,-1,0.0
70.33,-6,-3,47,13,-3,-1,0,-2,0.0
70.33500000000001,0,-1,5,8,3,-8,-3,-4,0.0
70.34,5,4,9,-3,5,4,2,4,0.0
70.345,0,-2,-5,1,-3,-1,-3,-1,0.0
70.35000000000001,-4,-4,-35,-26,-2,3,2,3,0.0
70.355,-1,1,-4,7,-7,-9,-7,-6,0.0
70.36,0,-1,31,3,5,0,2,-1,0.0
70.365,-1,0,5,5,0,-1,-2,0,0.0
70.37,2,-3,-16,-17,-4,2,-2,0,0.0
70.375,2,-1,1,7,-5,-3,-6,1,0.0
70.38,-7,-1,-19,-15,-3,-3,2,-8,0.0
70.385,-4,3,19,21,2,-1,-2,-5,0.0
70.39,3,-1,-9,-9,1,-13,0,2,0.0
70.395,0,-4,-20,-11,-2,7,-1,-1,0.0
70.4,5,-2,0,-1,-1,-2,4,5,0.0
70.405,-4,-4,19,0,-3,8,-5,-4,0.0
70.41,-2,2,-1,6,4,1,1,-3,0.0
70.415,1,-4,-19,-19,-4,-8,-2,1,0.0
70.42,-1,0,16,9,-15,-3,-5,0,0.0
70.425,1,0,-4,19,-3,1,-1,-2,0.0
70.43,2,1,-10,-13,4,1,1,4,0.0
70.435,2,0,12,2,8,2,1,-5,0.0
70.44,-5,1,-5,-12,1,1,0,-4,0.0
70.44500000000001,-10,-3,4,0,0,-6,-3,-5,0.0
70.45,10,4,8,20,-3,-7,-7,4,0.0
70.455,-16,-2,-4,0,0,2,-1,-4,0.0
70.46000000000001,3,-11,-11,-13,-6,-3,-2,3,0.0
70.465,4,6,16,11,4,-7,-3,-2,0.0
70.47,-7,-9,-13,-9,-6,6,1,-5,0.0
70.47500000000001,4,3,-2,6,-2,-4,4,1,0.0
70.48,-1,1,-11,-15,2,4,0,0,0.0
70.485,-1,0,2,-1,1,-2,2,1,0.0
70.49,0,-2,-3,-10,2,-5,-5,-2,0.0
70.495,0,-2,4,-5,-7,-2,2,-2,0.0
70.5,-1,2,3,16,3,12,6,1,0.0
70.505,1,-3,-6,-8,-6,-9,-4,-1,0.0
70.51,-7,-5,-5,-2,-2,-4,-3,-3,0.0
70.515,-3,-1,7,0,-2,-3,-4,-3,0.0
70.52,-1,-2,0,0,3,0,-5,-2,0.0
70.525,3,3,-5,-2,-7,1,0,0,0.0
70.53,-2,0,-9,-8,3,-10,6,0,0.0
70.535,-1,-3,14,21,2,6,-3,-1,0.0
70.54,2,-1,-4,-32,-14,-18,-5,-2,0.0
70.545,1,-1,-2,5,5,4,1,-1,0.0
70.55,-5,0,-1,-5,-4,2,-2,-2,0.0
70.555,-2,-2,6,12,-1,3,1,0,0.0
70.56,-1,-3,-20,2,5,5,1,0,0.0
70.565,-2,-1,8,-1,-1,-8,1,0,0.0
70.57000000000001,-1,2,1,-14,10,4,-4,-2,0.0
70.575,3,0,-4,41,-9,-8,-4,0,0.0
70.58,4,1,-2,9,-11,4,-3,-1,0.0
70.58500000000001,-1,-4,-5,-28,-10,-2,2,1,0.0
70.59,-13,-3,-3,10,7,-3,-3,-2,0.0
70.595,0,-2,3,-23,2,0,1,-1,0.0
70.60000000000001,0,0,17,28,10,-5,0,0,0.0
70.605,1,-3,-18,-18,-3,-11,-8,-5,0.0
70.61,1,1,5,5,1,13,10,14,0.0
70.615,-3,0,0,-10,-4,-5,-2,-2,0.0
70.62,4,3,3,5,4,15,5,2,0.0
70.625,9,3,-1,2,-4,-4,0,4,0.0
70.63,-10,-1,-3,-13,-1,-6,-4,-4,0.0
70.635,-17,-10,-15,-1,-18,-4,-3,-8,0.0
70.64,-8,-3,0,2,2,-6,-3,1,0.0
70.645,-5,-9,6,-3,0,5,-1,-2,0.0
70.65,10,4,1,6,-3,1,-6,-3,0.0
70.655,4,2,1,-9,3,-9,-1,2,0.0
70.66,-2,4,9,-2,3,2,3,-3,0.0
70.665,-2,0,-7,5,3,0,6,-1,0.0
70.67,8,1,7,4,-4,2,-1,-2,0.0
70.675,13,4,4,-4,12,3,4,6,0.0
70.68,-22,-13,-8,-6,-13,-9,-7,-8,0.0
70.685,-21,-6,6,6,-5,5,1,-6,0.0
70.69,-6,-12,-7,-20,-1,2,-5,-7,0.0
70.69500000000001,1,0,-14,-14,-1,2,-3,-1,0.0
70.7,11,7,1,2,14,0,2,5,0.0
70.705,7,5,0,5,0,-3,-2,2,0.0
70.71000000000001,-2,-1,4,0,-6,-4,3,-2,0.0
70.715,-1,2,6,-6,-9,-3,-7,0,0.0
70.72,2,0,-4,-5,7,3,5,-1,0.0
70.72500000000001,-4,-3,-4,-2,0,-1,1,-2,0.0
70.73,1,-3,-5,14,-6,-3,-3,-3,0.0
70.735,-1,-2,-1,-5,-2,-2,-3,-2,0.0
70.74,-2,-1,6,-2,-9,-9,-4,-3,0.0
70.745,1,-2,-21,-3,0,-2,-1,1,0.0
70.75,1,2,0,8,8,5,2,-1,0.0
70.755,-3,-2,2,-2,-3,-5,2,-4,0.0
70.76,0,-3,-2,-3,-5,1,-3,-1,0.0
70.765,-1,-1,3,0,-31,5,-3,-3,0.0
70.77,-1,-1,-5,-6,19,17,-2,-2,0.0
70.775,-4,-2,-2,0,-1,2,1,0,0.0
70.78,2,-2,0,-6,-12,-79,-4,-2,0.0
70.785,0,-1,-3,11,-14,58,3,1,0.0
70.79,-5,-1,-9,-24,16,-9,-4,-5,0.0
70.795,0,0,7,6,28,-32,2,3,0.0
70.8,2,-2,0,8,-27,21,5,5,0.0
70.805,-1,-1,3,11,23,-9,-9,-2,0.0
70.81,-4,-5,-4,2,31,-67,-8,-4,0.0
70.815,-1,0,-1,-1,-13,101,1,-2,0.0
70.82000000000001,0,0,-3,-9,54,-5,1,-2,0.0
70.825,-2,-2,1,-4,-9,-18,0,-1,0.0
70.83,0,0,0,-1,-83,42,0,-3,0.0
70.83500000000001,-1,-1,-6,-8,23,-52,-9,-4,0.0
70.84,-2,-1,-4,-7,-26,20,-7,-4,0.0
70.845,-2,-1,-4,-6,51,45,1,-2,0.0
70.85000000000001,1,-1,1,5,-50,-61,2,0,0.0
70.855,-2,-4,0,2,-14,-9,4,1,0.0
70.86,-1,-4,7,6,-6,16,-1,-3,0.0
70.865,1,-1,-2,-6,10,-14,-5,2,0.0
70.87,-1,-2,1,3,3,6,-1,-1,0.0
70.875,-2,-2,-3,-5,-5,-2,0,-3,0.0
70.88,-1,-1,-5,-3,6,8,-4,-2,0.0
70.885,-3,0,0,-4,-5,-16,-2,-2,0.0
70.89,0,1,1,12,22,30,2,1,0.0
70.895,-1,-1,-3,-7,-25,-7,0,0,0.0
70.9,-1,-1,11,23,1,-26,-3,-2,0.0
70.905,0,-2,-3,-13,-11,-22,0,0,0.0
70.91,-2,-3,-2,-4,1,18,-1,0,0.0
70.915,-4,0,-2,1,7,9,-2,-3,0.0
70.92,-1,0,-7,-9,-7,9,-2,-2,0.0
70.925,0,1,9,9,16,-18,2,1,0.0
70.93,-2,-3,-20,-2,-8,11,3,-1,0.0
70.935,-1,-3,-3,-8,0,-16,-3,2,0.0
70.94,-4,-2,-1,-4,-2,5,-2,-15,0.0
70.94500000000001,-1,-3,1,2,-8,-7,0,0,0.0
70.95,1,2,6,-2,15,-14,-3,1,0.0
70.955,1,-3,-3,-8,-16,4,1,1,0.0
70.96000000000001,-1,-5,-18,-16,-13,2,-4,1,0.0
70.965,0,2,11,9,-6,7,2,-2,0.0
70.97,-1,-4,-11,-26,-4,-1,-5,-5,0.0
70.97500000000001,7,6,2,-4,12,-8,5,7,0.0
70.98,41,18,16,5,26,11,9,14,0.0
70.985,32,21,49,49,6,-7,14,17,0.0
70.99,-70,-18,-35,-67,-27,5,-5,-23,0.0
70.995,47,2,62,62,26,-2,-11,10,0.0
71.0,-41,6,-45,-99,-11,11,3,-28,0.0
71.005,-12,-41,51,-39,-18,-25,-25,14,0.0
71.01,71,36,13,24,58,35,29,16,0.0
71.015,-128,-88,-92,56,-114,-31,-19,-69,0.0
71.02,118,54,115,32,45,-23,-47,-9,0.0
71.025,8,71,-37,-53,-3,22,89,67,0.0
71.03,-63,-85,-8,-21,26,-67,-83,-46,0.0
71.035,79,90,95,32,49,32,25,-27,0.0
71.04,19,-18,-112,-27,-85,14,49,-10,0.0
71.045,-7,6,49,106,-57,-14,-7,87,0.0
71.05,35,47,15,-21,95,30,4,-54,0.0
71.055,-31,39,25,24,-75,-19,-24,44,0.0
71.06,-114,-97,-58,1,34,-32,-59,-124,0.0
71.065,121,29,-39,-64,-28,9,45,89,0.0
71.07000000000001,98,65,76,69,37,38,10,3,0.0
71.075,-62,-4,27,-16,27,-20,-49,-17,0.0
71.08,19,-10,-46,14,21,31,58,-32,0.0
71.08500000000001,-18,-10,-23,25,-24,-33,-50,-24,0.0
71.09,33,-7,-1,-5,75,33,47,61,0.0
71.095,50,27,-11,-2,-54,14,71,49,0.0
71.10000000000001,-15,4,-1,-83,-25,-19,-28,-22,0.0
71.105,-53,-28,2,-20,41,17,-12,-81,0.0
71.11,-16,-16,-6,100,-41,-16,3,8,0.0
71.115,76,4,-75,-110,40,17,15,45,0.0
71.12,25,2,43,83,54,-1,11,81,0.0
71.125,-33,-42,45,-89,-75,-28,-48,-127,0.0
71.13,-19,5,-35,-32,-36,-9,-30,-7,0.0
71.135,17,-25,22,29,-7,-10,-14,-23,0.0
71.14,-2,35,14,-36,16,7,2,39,0.0
71.145,21,35,-20,16,52,14,12,-7,0.0
71.15,-28,-29,-1,-7,-62,-16,2,17,0.0
71.155,-6,-24,-8,-5,22,-11,34,4,0.0
71.16,1,27,38,16,-6,11,-47,-7,0.0
71.165,-8,-9,-15,36,22,7,3,-5,0.0
71.17,-36,-18,-22,-13,-55,-22,-1,1,0.0
71.175,17,1,-45,-6,30,16,-3,-7,0.0
71.18,-4,2,48,21,-6,-6,21,30,0.0
71.185,-24,-22,-28,14,-1,-5,-6,-10,0.0
71.19,23,6,-4,-10,-11,0,4,10,0.0
71.19500000000001,-11,-1,3,-25,14,-3,-14,-11,0.0
71.2,-13,-11,-5,18,-19,-3,-57,38,0.0
71.205,-9,-9,17,33,8,0,-25,-73,0.0
71.21000000000001,4,11,-3,-72,-16,-10,30,48,0.0
71.215,-4,-8,13,-21,14,18,-9,2,0.0
71.22,-17,-14,-30,-1,-21,-12,9,-1,0.0
71.22500000000001,16,2,-23,8,16,-9,9,18,0.0
71.23,1,5,27,22,4,4,-9,-2,0.0
71.235,-12,-11,9,22,3,-1,-1,7,0.0
71.24,18,1,-16,46,-9,-8,35,45,0.0
71.245,-13,-4,-25,-97,-1,-6,-68,-29,0.0
71.25,-6,-6,-15,-1,-16,7,7,-9,0.0
71.255,-2,-7,9,4,-7,-12,-16,-16,0.0
71.26,6,11,39,37,15,14,16,11,0.0
71.265,2,-5,0,25,8,3,11,4,0.0
71.27,-12,-5,-13,-5,-17,-3,-9,-12,0.0
71.275,10,2,-10,-29,11,-5,-9,-1,0.0
71.28,-7,-4,12,12,-2,15,12,-7,0.0
71.285,-6,-10,-22,3,-6,-9,6,12,0.0
71.29,8,2,1,-3,0,0,-9,-5,0.0
71.295,-3,0,6,10,2,-2,10,-4,0.0
71.3,-3,-2,-1,-13,-5,1,9,-4,0.0
71.305,3,-2,-5,-9,7,5,1,9,0.0
71.31,8,5,-7,15,-7,2,-4,-2,0.0
71.315,-6,-3,-6,2,-7,-9,-5,-8,0.0
71.32000000000001,-15,-20,-21,-23,-7,-6,-10,-13,0.0
71.325,8,2,3,6,11,9,4,11,0.0
71.33,-8,4,17,15,-1,-6,9,1,0.0
71.33500000000001,20,10,-8,-6,5,1,-3,3,0.0
71.34,-21,-15,-11,-8,-5,5,-6,-11,0.0
71.345,-6,-7,0,10,3,-8,10,1,0.0
71.35000000000001,0,-1,6,-7,-4,9,-1,-5,0.0
71.355,10,-1,-11,-21,8,-6,-5,-4,0.0
71.36,13,14,8,-4,-10,-3,-1,5,0.0
71.365,2,1,-11,13,7,2,0,-7,0.0
71.37,0,-2,1,-13,-3,-6,-2,-6,0.0
71.375,-7,0,1,1,9,-1,1,3,0.0
71.38,2,-1,22,7,1,-7,-2,-5,0.0
71.385,-4,-5,-12,-13,-11,1,2,0,0.0
71.39,-1,4,-7,0,-1,-4,-4,29,0.0
71.395,-5,-5,0,-5,0,3,2,-5,0.0
71.4,-3,-3,-15,15,-3,-4,-6,-35,0.0
71.405,9,7,20,2,-2,5,2,13,0.0
71.41,-12,-8,-19,3,5,-1,3,-49,0.0
71.415,-4,-3,-7,-6,-5,19,72,34,0.0
71.42,1,2,17,11,-1,-16,-60,-7,0.0
71.425,1,-4,-13,7,4,2,-1,-43,0.0
71.43,10,-1,-11,9,-4,-12,2,-13,0.0
71.435,-18,-4,-23,-25,-3,7,1,14,0.0
71.44,-5,-3,38,-12,0,2,6,-31,0.0
71.44500000000001,-3,10,33,46,6,4,17,26,0.0
71.45,9,-17,-24,-29,-6,-9,-4,14,0.0
71.455,12,-6,-10,22,-3,-13,-34,-64,0.0
71.46000000000001,25,17,15,-3,-3,1,16,47,0.0
71.465,-28,-1,-5,-8,1,0,-11,0,0.0
71.47,-2,-15,22,24,2,1,14,17,0.0
71.47500000000001,-2,1,31,32,-2,1,-11,34,0.0
71.48,2,0,-39,-50,-1,11,16,18,0.0
71.485,11,-3,-18,-16,-3,-4,2,-16,0.0
71.49,-4,7,-12,-6,0,0,11,1,0.0
71.495,-14,-5,1,0,1,-6,-25,-5,0.0
71.5,4,2,7,29,1,0,29,37,0.0
71.505,4,-1,22,2,-1,-4,-4,17,0.0
71.51,-6,-3,-25,-20,-9,-4,-24,0,0.0
71.515,-2,2,17,29,5,4,18,9,0.0
71.52,0,6,-30,-2,7,-4,1,-13,0.0
71.525,-13,-5,9,-19,-5,1,-3,12,0.0
71.53,1,0,38,29,1,-3,-1,4,0.0
71.535,-8,-9,2,3,-8,-5,-4,-13,0.0
71.54,16,-1,-20,0,7,-2,4,2,0.0
71.545,31,17,1,-7,-4,9,-11,-3,0.0
71.55,-56,-26,-16,8,-14,-12,-12,-15,0.0
71.555,-2,-11,-18,-18,-6,3,-8,-16,0.0
71.56,-16,-7,0,8,7,-2,-4,-8,0.0
71.565,20,3,6,5,0,2,10,4,0.0
71.57000000000001,18,15,4,-18,1,3,-1,-6,0.0
71.575,-4,0,0,-4,2,-7,-9,1,0.0
71.58,1,-4,0,-6,-3,-3,2,-2,0.0
71.58500000000001,-6,1,-12,9,-9,-4,4,-3,0.0
71.59,1,3,9,6,0,1,-2,3,0.0
71.595,-8,-3,-3,-3,-5,-6,-12,-5,0.0
71.60000000000001,4,1,4,-2,-3,0,2,2,0.0
71.605,-13,-7,-4,-12,1,-3,-3,-6,0.0
71.61,-2,4,-20,-3,4,4,0,-5,0.0
71.615,10,2,7,-12,1,-7,1,-1,0.0
71.62,-3,-5,-13,-14,-14,2,-2,0,0.0
71.625,-12,-5,-2,-6,2,3,-3,1,0.0
71.63,14,0,2,7,-7,-2,3,0,0.0
71.635,4,5,-7,-16,9,8,4,1,0.0
71.64,-16,-10,-3,-23,-8,-6,-5,-8,0.0
71.645,0,0,-7,4,-2,-9,-5,-3,0.0
71.65,2,6,43,16,2,-2,-6,-4,0.0
71.655,-4,-4,-4,-6,-4,-2,1,-5,0.0
71.66,-2,-2,-28,-22,3,13,2,2,0.0
71.665,4,-1,-13,-21,9,2,8,-3,0.0
71.67,2,3,-9,-13,4,4,-1,6,0.0
71.675,-9,-19,16,60,-26,-15,-9,-4,0.0
71.68,9,12,17,7,4,0,25,2,0.0
71.685,9,-2,-9,-32,-9,-7,-43,5,0.0
71.69,-14,-13,-24,-29,-4,3,11,-11,0.0
71.69500000000001,-12,1,14,6,7,-9,-37,-1,0.0
71.7,-2,3,0,-5,-4,4,-8,11,0.0
71.705,5,1,17,43,5,-6,25,-8,0.0
71.71000000000001,10,5,7,4,4,3,-5,-6,0.0
71.715,-1,-10,-79,-80,-12,-1,2,4,0.0
71.72,5,6,11,9,7,-5,-4,-11,0.0
71.72500000000001,-4,-3,9,-3,-6,6,11,6,0.0
71.73,-6,-7,10,33,-5,-2,-2,1,0.0
71.735,0,14,0,-6,10,11,19,2,0.0
71.74,-13,-22,-10,21,-1,-5,-13,-6,0.0
71.745,-19,-6,18,-13,1,-1,-2,-5,0.0
71.75,2,4,-13,-78,2,-3,0,1,0.0
71.755,5,-12,-35,-18,-10,-5,-7,-4,0.0
71.76,3,4,19,15,3,-1,2,-2,0.0
71.765,-3,4,-4,-7,-4,1,2,14,0.0
71.77,3,-4,-34,-49,-6,-6,-8,1,0.0
71.775,-7,4,28,-2,9,8,5,1,0.0
71.78,1,-1,10,39,1,0,48,23,0.0
71.785,11,-1,-13,-4,-1,-4,-55,-43,0.0
71.79,-3,-6,10,35,3,3,-2,-3,0.0
71.795,38,18,23,6,1,-11,3,14,0.0
71.8,7,3,-11,2,-24,-4,-4,17,0.0
71.805,-71,-22,-9,3,8,-3,14,3,0.0
71.81,-2,-1,-10,-6,-5,-1,0,-6,0.0
71.815,-25,-1,28,48,8,-4,-13,-41,0.0
71.82000000000001,-5,-4,19,23,14,-3,-13,-4,0.0
71.825,22,12,-13,-32,-16,-1,11,11,0.0
71.83,-9,1,13,1,35,7,-5,4,0.0
71.83500000000001,10,5,6,12,-48,0,19,21,0.0
71.84,11,6,-39,25,2,1,-9,-2,0.0
71.845,-11,-4,-44,34,-8,-10,-8,-20,0.0
71.85000000000001,29,17,110,127,17,4,11,3,0.0
71.855,-17,0,-89,-113,2,-5,-5,2,0.0
71.86,-5,-11,100,84,21,6,52,12,0.0
71.865,-1,-18,-83,-10,-6,-5,-31,-26,0.0
71.87,42,15,108,48,-6,-3,0,18,0.0
71.875,-64,0,-76,13,37,10,-2,-27,0.0
71.88,-64,-4,11,-22,-109,-15,6,32,0.0
71.885,93,-14,-48,-3,5,-10,-1,-23,0.0
71.89,-55,19,48,-51,33,8,5,13,0.0
71.895,-58,-42,-36,16,27,-3,-15,-54,0.0
71.9,50,-20,-6,-47,27,-2,-10,10,0.0
71.905,57,47,101,61,17,39,46,48,0.0
71.91,69,-22,-81,-50,-62,-18,15,18,0.0
71.915,61,22,-52,62,-71,-40,-55,-77,0.0
71.92,75,80,61,-53,24,3,-4,-3,0.0
71.925,-116,11,-86,-53,32,-4,6,8,0.0
71.93,44,-76,90,1,80,42,15,14,0.0
71.935,66,14,-28,78,-50,16,42,-5,0.0
71.94,-60,-114,-128,-71,-69,-54,-88,-82,0.0
71.94500000000001,83,54,127,-36,64,0,8,3,0.0
71.95,20,81,-128,-10,-19,26,26,25,0.0
71.955,18,-16,127,26,-50,-7,6,12,0.0
71.96000000000001,-68,-9,-80,87,56,12,-13,-44,0.0
71.965,-78,-29,-17,-58,-62,3,23,86,0.0
71.97,-76,-55,22,95,9,-29,-38,10,0.0
71.97500000000001,35,6,-2,-97,45,2,-4,-4,0.0
71.98,118,75,68,-25,24,19,33,26,0.0
71.985,-75,-25,-91,49,-34,7,6,4,0.0
71.99,37,-10,9,-20,-6,-9,-1,13,0.0
71.995,-73,18,98,53,-6,2,5,23,0.0
72.0,-26,1,36,28,27,-2,-12,-20,0.0
72.005,51,-6,20,-5,6,-4,0,-16,0.0
72.01,-79,-7,-39,21,-39,-17,-17,-15,0.0
72.015,11,1,30,-39,44,4,-3,14,0.0
72.02,-12,9,-55,-14,-33,-1,-5,-3,0.0
72.025,30,-9,28,37,-7,-3,-10,1,0.0
72.03,8,11,-49,19,-7,-7,2,-29,0.0
72.035,-8,-13,-27,-95,-3,-5,-3,17,0.0
72.04,-11,-11,9,0,3,4,-1,13,0.0
72.045,15,1,-47,17,0,-1,-3,-28,0.0
72.05,-17,5,34,-23,-11,-3,-7,-29,0.0
72.055,1,3,6,38,20,4,35,35,0.0
72.06,5,-8,13,2,-6,2,-66,-31,0.0
72.065,-11,-12,22,-29,-6,-10,-8,-15,0.0
72.07000000000001,-7,16,-3,-6,2,-6,-1,-18,0.0
72.075,10,-10,-34,-23,0,6,-3,15,0.0
72.08,-1,-3,-8,-7,3,1,20,9,0.0
72.08500000000001,-8,-11,9,-41,-13,-9,-10,-13,0.0
72.09,0,3,-3,-30,-8,-2,13,-3,0.0
72.095,2,-11,-43,-63,-7,-2,-35,24,0.0
72.10000000000001,-11,1,28,-17,4,6,39,-49,0.0
72.105,-4,0,14,46,0,-7,-28,-12,0.0
72.11,16,12,13,29,0,5,8,8,0.0
72.115,-1,2,23,-3,10,2,0,3,0.0
72.12,-12,-7,-15,76,-1,-7,19,38,0.0
72.125,6,-14,17,-12,-8,-1,-4,-42,0.0
72.13,-5,0,-12,-20,-4,-13,-7,-15,0.0
72.135,7,7,28,43,7,22,12,22,0.0
72.14,7,1,10,-11,0,-5,-12,11,0.0
72.145,-1,6,1,-9,0,0,11,8,0.0
72.15,-15,-7,-1,-12,-6,-2,-17,-4,0.0
72.155,-1,-1,16,14,0,-8,-1,-11,0.0
72.16,3,2,-7,-26,1,3,5,10,0.0
72.165,-1,-2,19,6,-3,1,-5,-4,0.0
72.17,4,3,-13,-19,-2,3,3,-3,0.0
72.175,0,-1,2,24,7,-5,20,11,0.0
72.18,-6,-2,-1,-26,2,5,-72,-28,0.0
72.185,3,3,10,9,-11,-4,8,17,0.0
72.19,-10,-8,-15,-1,4,1,-6,-7,0.0
72.19500000000001,4,0,4,24,-12,-3,-2,-5,0.0
72.2,2,-1,1,-15,0,-4,13,14,0.0
72.205,-3,0,12,4,5,0,0,-1,0.0
72.21000000000001,5,-1,-6,-1,10,9,-4,0,0.0
72.215,-2,0,4,-3,0,-3,1,-3,0.0
72.22,-2,0,2,-15,-2,-5,7,4,0.0
72.22500000000001,8,-1,3,7,-4,-8,-7,3,0.0
72.23,-6,1,-2,-14,-10,-5,8,-3,0.0
72.235,-4,-7,4,3,8,0,-5,-2,0.0
72.24,-2,-8,-16,-1,-1,1,3,1,0.0
72.245,-3,-1,2,6,0,4,5,2,0.0
72.25,7,1,8,2,-3,-6,-4,-3,0.0
72.255,-3,-2,-15,5,7,5,-1,-5,0.0
72.26,-8,-3,11,-7,-5,-3,-1,0,0.0
72.265,5,0,-3,-14,1,2,2,5,0.0
72.27,2,-1,-18,1,-7,-5,-5,-3,0.0
72.275,5,8,11,1,4,2,1,-1,0.0
72.28,0,2,-3,0,0,2,12,4,0.0
72.285,-7,-4,-20,-12,3,-1,5,2,0.0
72.29,2,1,1,8,-4,0,-3,6,0.0
72.295,-1,-4,-4,-5,-1,-7,-6,-2,0.0
72.3,4,3,10,-6,-2,1,4,-7,0.0
72.305,-12,1,13,19,3,4,1,0,0.0
72.31,4,2,-14,-2,-1,-5,-6,1,0.0
72.315,2,-3,-1,0,-3,-4,-3,2,0.0
72.32000000000001,-19,-12,-4,-19,6,2,0,-19,0.0
72.325,1,1,-9,9,-20,-12,-6,2,0.0
72.33,12,4,17,12,4,4,65,82,0.0
72.33500000000001,-12,-2,-3,-15,-4,-2,-93,-97,0.0
72.34,2,-3,-24,-8,1,-7,1,34,0.0
72.345,3,-7,-9,-13,3,2,3,9,0.0
72.35000000000001,8,1,-3,-28,-10,1,-1,-1,0.0
72.355,-1,9,14,36,3,3,30,23,0.0
72.36,-13,-20,10,-10,-10,-7,-9,-14,0.0
72.365,9,-1,-10,-14,4,2,-7,-11,0.0
72.37,-4,-6,29,-1,2,-2,-19,-24,0.0
72.375,18,4,22,3,4,0,16,20,0.0
72.38,9,16,-25,17,0,6,16,29,0.0
72.385,-11,-6,19,11,1,-10,-15,-28,0.0
72.39,-21,-9,3,1,-6,-8,12,-31,0.0
72.395,-10,-11,3,-34,-10,-4,-3,-1,0.0
72.4,3,5,4,16,2,1,9,0,0.0
72.405,7,4,22,5,0,2,3,39,0.0
72.41,3,4,4,3,0,1,3,17,0.0
72.415,-2,-2,-26,15,1,1,3,-3,0.0
72.42,0,-8,6,-25,-5,-5,-2,6,0.0
72.425,16,18,10,-3,4,2,26,16,0.0
72.43,-25,-11,-72,-55,-5,-8,-31,-33,0.0
72.435,-19,-23,-34,-1,-5,0,23,24,0.0
72.44,10,4,26,6,1,4,-25,-34,0.0
72.44500000000001,-13,-12,-13,24,-1,-4,-1,-7,0.0
72.45,14,12,-6,-56,-14,-2,-9,-12,0.0
72.455,6,13,42,9,3,0,2,16,0.0
72.46000000000001,-6,-28,-62,-10,-6,-6,7,10,0.0
72.465,7,0,16,15,5,-1,-7,-13,0.0
72.47,12,5,3,26,5,3,-2,4,0.0
72.47500000000001,30,24,8,-10,4,5,7,1,0.0
72.48,-44,-32,1,30,0,-7,-8,-23,0.0
72.485,-8,-7,5,1,-18,2,3,13,0.0
72.49,15,-1,-25,21,-3,4,-11,-10,0.0
72.495,-2,-6,-7,-10,2,1,6,-4,0.0
72.5,23,28,26,-3,6,-1,5,-5,0.0
72.505,31,23,0,-16,13,2,0,2,0.0
72.51,-99,-26,1,26,-18,-9,-9,-6,0.0
72.515,35,0,4,-2,0,0,-5,4,0.0
72.52,-14,-16,12,14,24,2,5,6,0.0
72.525,-2,3,-44,-12,-47,-13,-4,-3,0.0
72.53,66,35,-40,-23,30,8,3,11,0.0
72.535,-62,-2,36,15,-24,1,2,-8,0.0
72.54,-61,-47,67,-21,-51,-16,-21,-16,0.0
72.545,10,10,-6,-7,73,12,8,13,0.0
72.55,37,6,-12,39,-57,-1,8,-1,0.0
72.555,-27,22,51,29,72,13,7,13,0.0
72.56,19,6,-82,-39,-57,-9,2,1,0.0
72.565,22,-7,67,2,25,3,-13,-29,0.0
72.57000000000001,-12,4,-107,6,-18,-3,-2,-15,0.0
72.575,-2,-36,21,-11,-17,-27,-16,60,0.0
72.58,9,56,104,38,75,17,4,-32,0.0
72.58500000000001,68,-4,32,52,-20,11,24,0,0.0
72.59,-13,-28,-36,-33,17,1,-4,17,0.0
72.595,21,22,-17,74,15,-9,-34,-25,0.0
72.60000000000001,-68,-52,-128,-61,-100,-35,1,-15,0.0
72.605,39,32,77,-47,78,-10,-15,48,0.0
72.61,121,51,111,118,59,43,43,6,0.0
72.615,5,4,-27,-102,48,11,74,24,0.0
72.62,-25,-63,-42,31,-66,-47,-59,-42,0.0
72.625,-95,22,48,-23,-10,-11,-10,10,0.0
72.63,-43,-61,-31,-128,2,-36,-77,-53,0.0
72.635,27,81,74,31,8,14,32,53,0.0
72.64,-6,-28,78,-33,93,57,56,45,0.0
72.645,-8,-49,-24,10,-18,9,14,-1,0.0
72.65,-76,-47,-69,43,-9,-45,-26,-24,0.0
72.655,34,-52,-128,-77,-58,-41,-40,-7,0.0
72.66,85,79,-26,-88,90,33,44,6,0.0
72.665,-71,8,54,72,-24,-24,-65,-76,0.0
72.67,33,1,30,-54,-35,12,15,58,0.0
72.675,3,-16,-64,-62,-93,6,18,-13,0.0
72.68,70,92,127,12,98,13,-47,-1,0.0
72.685,-34,-11,-128,-29,122,42,55,58,0.0
72.69,-91,-8,-66,-24,-53,-35,-14,-54,0.0
72.69500000000001,-58,-128,81,102,-9,-70,-128,-110,0.0
72.7,98,75,51,-15,41,32,74,110,0.0
72.705,18,85,127,105,36,5,0,17,0.0
72.71000000000001,74,9,-25,4,76,47,42,84,0.0
72.715,-124,-88,-85,13,-36,-15,3,-15,0.0
72.72,-74,-63,-55,-1,-76,-24,-22,-38,0.0
72.72500000000001,72,-68,-100,-7,-54,-42,-66,-66,0.0
72.73,94,116,127,16,63,43,84,82,0.0
72.735,-51,-73,-83,-77,8,-24,-83,-58,0.0
72.74,62,57,75,126,-4,9,21,-23,0.0
72.745,-39,-9,-128,-39,-37,4,21,-5,0.0
72.75,29,-11,58,31,-75,16,7,0,0.0
72.755,26,66,-9,-83,10,26,43,37,0.0
72.76,-21,-10,57,7,-30,-25,-30,-12,0.0
72.765,-12,-37,-48,5,23,15,4,6,0.0
72.77,12,10,33,25,25,-15,-24,-39,0.0
72.775,32,54,127,22,12,18,30,16,0.0
72.78,-24,-28,-43,-2,-49,-18,-20,27,0.0
72.785,3,-16,6,-76,-23,-1,13,-3,0.0
72.79,-18,-1,14,19,27,-6,-12,3,0.0
72.795,11,23,-10,60,11,15,18,44,0.0
72.8,-17,-32,-49,-7,22,-5,-13,-1,0.0
72.805,29,14,31,-19,-2,9,45,15,0.0
72.81,-64,-21,-24,4,-13,-16,-37,-33,0.0
72.815,32,19,24,8,24,5,19,13,0.0
72.82000000000001,16,2,-30,-12,13,3,-7,2,0.0
72.825,-3,14,4,4,-21,-3,11,14,0.0
72.83,-17,-20,16,-18,-10,-8,-7,3,0.0
72.83500000000001,31,11,-14,-3,16,7,10,7,0.0
72.84,7,7,8,-1,10,6,13,1,0.0
72.845,-20,-15,-1,-4,-28,-18,-18,1,0.0
72.85000000000001,4,-18,1,-29,8,-9,-12,-31,0.0
72.855,49,40,25,0,16,18,16,-3,0.0
72.86,-81,-37,-39,23,-2,-8,-11,-15,0.0
72.865,2,-2,23,-15,-12,-13,-10,-10,0.0
72.87,-21,-3,2,0,5,11,-11,1,0.0
72.875,-8,7,-3,17,9,7,13,-1,0.0
72.88,23,12,8,12,-10,-4,0,12,0.0
72.885,-11,-16,-38,-77,-14,-6,-14,6,0.0
72.89,15,2,15,20,13,-5,41,12,0.0
72.895,13,10,-13,-4,-4,1,-55,-43,0.0
72.9,-7,-6,-1,11,5,-1,-3,-1,0.0
72.905,5,-2,11,22,3,7,2,-11,0.0
72.91,-4,-4,-4,23,-1,-5,-4,-9,0.0
72.915,-1,-2,-1,-13,1,0,13,6,0.0
72.92,18,1,-40,-24,0,-13,-1,1,0.0
72.925,-3,5,21,15,-2,8,7,35,0.0
72.93,12,-4,-21,-10,-1,-3,-38,16,0.0
72.935,29,23,27,28,7,8,20,-7,0.0
72.94,-74,-18,-30,-22,-2,2,37,36,0.0
72.94500000000001,-10,-20,-17,-10,-6,-2,11,7,0.0
72.95,-24,-7,53,81,3,-13,-49,-20,0.0
72.955,9,-2,-28,-49,-3,1,6,25,0.0
72.96000000000001,42,29,8,-4,0,-1,15,33,0.0
72.965,-4,2,6,13,4,9,-1,-23,0.0
72.97,-5,-8,-7,-31,6,8,12,-2,0.0
72.97500000000001,13,13,39,74,11,-2,14,6,0.0
72.98,-2,-10,1,-26,-12,-2,-23,-20,0.0
72.985,-5,-3,-24,11,-2,-2,2,9,0.0
72.99,8,-7,-20,-34,-1,-2,5,-24,0.0
72.995,-1,-6,-1,1,-1,4,40,58,0.0
73.0,-5,1,10,4,4,1,-77,-81,0.0
73.005,29,11,44,37,-3,-11,-46,-2,0.0
73.01,-13,-8,-46,-72,-4,-3,29,12,0.0
73.015,-24,-14,-43,-41,-13,-12,-11,-27,0.0
73.02,-11,-19,-13,-15,0,-1,9,9,0.0
73.025,27,14,-1,-47,-8,-3,4,-7,0.0
73.03,-41,-17,-13,-17,1,1,-7,-20,0.0
73.035,13,-2,-1,4,-3,-2,-4,14,0.0
73.04,22,-6,-14,1,3,4,9,6,0.0
73.045,-12,3,9,9,0,3,7,-21,0.0
73.05,15,11,32,36,3,2,16,20,0.0
73.055,-8,-7,6,-10,2,-3,-9,-13,0.0
73.06,8,10,12,14,2,0,4,0,0.0
73.065,0,-3,-4,4,-1,-2,3,11,0.0
73.07000000000001,12,2,16,58,0,0,-4,2,0.0
73.075,-21,-2,11,-1,-5,-2,44,-7,0.0
73.08,20,5,-20,-15,-7,-2,-81,-46,0.0
73.08500000000001,2,13,6,-2,3,0,13,17,0.0
73.09,-15,-5,-13,-10,0,-4,1,-8,0.0
73.095,-28,-21,19,36,6,3,-2,-9,0.0
73.10000000000001,8,6,10,3,4,2,37,67,0.0
73.105,-17,-20,-52,-12,-8,-8,-15,-31,0.0
73.11,14,16,17,-5,-14,-10,-12,-4,0.0
73.115,11,6,-7,9,11,22,-4,-7,0.0
73.12,2,-4,8,10,-4,-9,12,9,0.0
73.125,1,4,11,3,-5,-4,-8,2,0.0
73.13,5,-4,-8,-11,9,6,11,2,0.0
73.135,-5,-3,-47,6,-5,-6,-19,-6,0.0
73.14,-3,-2,-12,8,3,1,3,-9,0.0
73.145,-7,-6,34,-4,-2,0,6,-8,0.0
73.15,6,1,0,-13,-1,4,9,12,0.0
73.155,8,-2,-12,-12,24,5,-5,6,0.0
73.16,-6,2,4,10,-28,2,6,-8,0.0
73.165,-2,-14,-17,4,-17,-6,-14,-21,0.0
73.17,-26,-6,-14,-11,5,-1,-9,-4,0.0
73.175,9,5,23,8,5,-5,-6,6,0.0
73.18,7,17,32,16,19,11,22,10,0.0
73.185,-11,-22,-83,-17,-5,-8,1,10,0.0
73.19,4,-6,7,-37,-17,-5,-12,20,0.0
73.19500000000001,7,6,-2,-2,-1,-2,1,14,0.0
73.2,16,8,47,23,1,0,16,38,0.0
73.205,-4,12,70,44,4,-1,2,-6,0.0
73.21000000000001,-1,-17,-56,-57,-3,1,39,-38,0.0
73.215,-13,-3,39,6,-8,-10,-97,-89,0.0
73.22,1,-3,-12,-6,1,1,9,2,0.0
73.22500000000001,2,9,46,-29,-14,1,24,91,0.0
73.23,-9,-3,-89,51,12,-3,-31,-76,0.0
73.235,31,5,63,-4,15,6,46,30,0.0
73.24,-12,-18,51,-9,-5,0,94,76,0.0
73.245,-1,-12,-96,-20,-6,-12,-69,-71,0.0
73.25,-12,11,54,-36,-34,-14,89,111,0.0
73.255,-19,-13,-49,52,7,10,-41,-51,0.0
73.26,4,19,-10,30,30,19,18,71,0.0
73.265,37,24,102,-10,-23,-8,-21,-75,0.0
73.27,-39,-60,-30,-58,-24,-19,-21,6,0.0
73.275,-24,-6,53,21,44,13,67,71,0.0
73.28,16,15,22,9,15,16,92,90,0.0
73.285,-51,-9,67,19,-12,-28,-40,-49,0.0
73.29,33,40,95,-50,-45,-7,41,101,0.0
73.295,18,-10,-41,-3,-2,-8,33,44,0.0
73.3,2,-5,-40,58,90,31,-7,-3,0.0
73.305,-21,-12,-107,-47,-6,2,23,34,0.0
73.31,-2,3,75,20,-3,-7,-55,-65,0.0
73.315,-1,8,42,-43,-57,-14,-7,-1,0.0
73.32000000000001,11,-1,29,-2,-18,-17,-65,-67,0.0
73.325,17,3,39,20,17,12,16,25,0.0
73.33,-5,-13,-128,-25,1,0,-30,-68,0.0
73.33500000000001,11,42,63,8,-3,6,6,7,0.0
73.34,-10,-14,-51,-40,-3,-11,-39,-45,0.0
73.345,-4,-10,8,31,13,6,16,16,0.0
73.35000000000001,7,4,32,28,11,5,3,24,0.0
73.355,4,-3,-20,-8,-12,-6,-5,-10,0.0
73.36,-6,-6,-30,-18,-19,-12,-24,-37,0.0
73.365,21,3,20,-2,-28,-1,31,42,0.0
73.37,-4,-1,-54,38,22,13,2,-2,0.0
73.375,-29,-31,-47,-47,-9,-10,-14,-18,0.0
73.38,-18,-10,0,-27,-22,-6,-14,-15,0.0
73.385,12,-4,-12,16,-2,8,17,15,0.0
73.39,18,10,56,25,17,6,-6,11,0.0
73.395,10,2,-37,-5,-4,-3,0,5,0.0
73.4,3,5,2,7,-1,-7,-1,-5,0.0
73.405,-2,10,3,-11,16,7,5,2,0.0
73.41,-4,-8,-30,-36,-9,-6,-12,-7,0.0
73.415,7,-4,-16,-18,15,4,9,18,0.0
73.42,-4,1,37,9,-24,-11,-6,-21,0.0
73.425,-17,-5,-85,7,3,-1,1,1,0.0
73.43,4,9,59,53,14,2,61,39,0.0
73.435,18,-1,-17,-48,-15,-4,-45,-33,0.0
73.44,33,17,-14,-2,12,8,9,33,0.0
73.44500000000001,1,5,15,12,-33,-3,8,-1,0.0
73.45,-83,-46,14,1,29,-11,-25,-39,0.0
73.455,-14,9,28,24,-37,-8,8,4,0.0
73.46000000000001,33,14,-26,12,14,-1,36,10,0.0
73.465,115,66,3,-43,85,29,-71,-12,0.0
73.47,72,61,100,22,-54,15,21,73,0.0
73.47500000000001,-96,-83,-78,-66,1,-11,-19,-33,0.0
73.48,-40,-89,-90,-7,-118,-73,-74,-83,0.0
73.485,2,36,71,22,51,-1,11,8,0.0
73.49,114,2,-47,-20,83,12,-1,0,0.0
73.495,127,127,102,-57,124,79,75,79,0.0
73.5,-31,5,-83,-50,-99,-26,26,74,0.0
73.505,-102,-128,-50,62,-41,-87,-84,-75,0.0
73.51,71,-40,61,66,30,50,-37,-57,0.0
73.515,72,14,-92,69,-103,-9,53,41,0.0
73.52,-45,-91,60,-102,71,5,-15,-6,0.0
73.525,-9,55,93,9,2,-32,17,48,0.0
73.53,35,77,2,-75,124,48,-9,-25,0.0
73.535,-89,-14,-33,127,-63,0,64,55,0.0
73.54,27,-30,33,-3,17,7,-19,113,0.0
73.545,62,30,-6,0,-62,13,44,38,0.0
73.55,-56,15,-42,-32,90,-43,-79,-23,0.0
73.555,0,4,127,-128,117,-19,-36,-88,0.0
73.56,-52,18,-101,68,-48,27,39,-14,0.0
73.565,-47,-70,88,1,-74,9,8,-6,0.0
73.57000000000001,27,49,87,35,72,18,61,65,0.0
73.575,-10,-55,38,127,-128,-27,-4,20,0.0
73.58,-33,-26,21,-36,127,-11,-21,28,0.0
73.58500000000001,7,-85,1,-71,127,35,-7,-51,0.0
73.59,-22,90,12,-42,-101,-41,-8,-21,0.0
73.595,-128,-105,10,3,67,-6,-50,-69,0.0
73.60000000000001,84,51,108,-15,29,11,-5,-10,0.0
73.605,89,55,-128,15,-52,28,70,63,0.0
73.61,-128,-108,17,-32,-87,-14,-14,-11,0.0
73.615,11,16,-22,-18,4,-12,-29,-4,0.0
73.62,-34,36,4,11,-19,19,25,-22,0.0
73.625,-45,-15,-29,-37,-14,-1,0,-4,0.0
73.63,15,-5,-18,28,-35,-10,-27,-25,0.0
73.635,45,25,-51,-14,-17,-2,40,36,0.0
73.64,22,15,-7,40,-1,-3,-48,-67,0.0
73.645,-15,19,5,-8,7,-3,-7,-1,0.0
73.65,-15,-30,-39,26,-46,-12,2,10,0.0
73.655,18,2,-19,-6,14,6,13,8,0.0
73.66,17,20,25,-16,-14,4,7,-34,0.0
73.665,-26,3,24,12,30,0,-5,2,0.0
73.67,15,-17,-35,14,-25,-5,11,15,0.0
73.675,25,15,1,0,19,-5,-23,-9,0.0
73.68,5,14,21,18,-7,-1,-1,-13,0.0
73.685,-8,6,-25,-14,-19,1,-4,-8,0.0
73.69,2,-16,-17,18,-4,4,58,21,0.0
73.69500000000001,7,7,4,-4,-2,2,-99,-37,0.0
73.7,2,5,21,34,-8,-8,-17,-14,0.0
73.705,-17,2,-7,-23,3,-1,31,36,0.0
73.71000000000001,12,-6,-2,-13,-29,-17,-31,-105,0.0
73.715,-3,-4,-16,2,-5,-13,24,28,0.0
73.72,13,9,10,-13,31,5,7,-12,0.0
73.72500000000001,-2,3,11,16,-9,14,-19,-6,0.0
73.73,-2,-4,-6,27,18,9,20,36,0.0
73.735,6,6,-2,2,15,3,1,-1,0.0
73.74,1,-2,-15,-18,-23,-14,-10,-23,0.0
73.745,0,3,25,11,6,3,13,6,0.0
73.75,-6,-13,-24,-7,-21,-6,-13,4,0.0
73.755,3,-10,-2,-10,-13,0,4,1,0.0
73.76,5,-1,-15,-13,-10,-1,47,27,0.0
73.765,-4,-1,-5,13,11,-13,-26,-38,0.0
73.77,4,-2,0,-4,-3,6,4,22,0.0
73.775,9,4,4,-5,-1,-3,12,19,0.0
73.78,5,-2,-6,8,-5,-6,0,19,0.0
73.785,-7,2,-6,-5,2,13,1,-45,0.0
73.79,5,0,-18,-2,-10,-11,-24,14,0.0
73.795,-14,-5,13,6,5,-2,4,7,0.0
73.8,11,8,-3,5,-7,6,-8,-11,0.0
73.805,2,-5,-15,-10,-12,-9,8,15,0.0
73.81,4,5,0,4,7,6,-3,-1,0.0
73.815,13,7,3,-6,0,2,3,2,0.0
73.82000000000001,8,9,14,25,0,1,-11,-11,0.0
73.825,-30,-19,4,-2,-3,-3,-9,-6,0.0
73.83,2,5,4,13,6,2,11,9,0.0
73.83500000000001,-25,3,-19,-18,-6,-4,-10,-16,0.0
73.84,2,-13,13,8,-2,4,-6,-15,0.0
73.845,11,6,-24,-8,4,-6,6,12,0.0
73.85000000000001,-4,-9,-2,-8,-11,-2,3,14,0.0
73.855,15,12,15,15,1,0,0,4,0.0
73.86,-9,-1,-19,-24,-8,-4,-14,-20,0.0
73.865,13,8,13,8,7,4,68,80,0.0
73.87,3,0,16,1,2,-3,-104,-88,0.0
73.875,-7,-8,-34,29,-1,-2,37,96,0.0
73.88,-35,-19,-27,-29,-13,-3,23,-14,0.0
73.885,25,14,13,-2,-1,0,-5,-109,0.0
73.89,40,17,-18,9,1,10,101,102,0.0
73.895,-45,-22,14,-2,-10,-42,-61,-71,0.0
73.9,-6,-6,-9,-24,-6,11,46,-23,0.0
73.905,-20,-17,-48,-21,-1,-9,5,-38,0.0
73.91,26,10,44,30,9,16,127,43,0.0
73.915,1,14,16,-4,-12,-15,-103,-110,0.0
73.92,-33,-17,-71,-66,-1,-10,33,105,0.0
73.925,5,-4,42,-5,25,8,11,44,0.0
73.93,-15,13,-5,8,-31,8,79,111,0.0
73.935,-26,-34,-40,-19,-14,-10,-83,-81,0.0
73.94,9,4,3,-48,3,-12,-54,23,0.0
73.94500000000001,34,21,-21,13,19,18,27,55,0.0
73.95,-13,-8,-6,-42,2,-14,-58,-32,0.0
73.955,7,8,60,82,3,25,76,55,0.0
73.96000000000001,1,-15,-29,-20,-21,-12,-23,-57,0.0
73.965,-17,-15,-29,-24,-6,-7,10,21,0.0
73.97,-15,-9,16,2,14,-9,-68,-55,0.0
73.97500000000001,33,11,-26,-14,7,6,38,28,0.0
73.98,13,13,37,54,13,3,-6,-11,0.0
73.985,-22,-3,20,21,-11,-2,0,22,0.0
73.99,-7,-12,-33,-12,-6,-7,-31,-30,0.0
73.995,10,3,7,-7,3,4,32,17,0.0
74.0,1,9,33,51,2,7,8,4,0.0
74.005,20,1,12,-23,-8,-13,-38,-15,0.0
74.01,-21,-15,-30,-5,-8,-3,-13,-10,0.0
74.015,18,-1,-11,-45,-2,-3,6,13,0.0
74.02,-7,12,32,28,11,3,11,3,0.0
74.025,-39,-31,-4,10,-7,-2,-15,-11,0.0
74.03,-24,-18,-10,2,-11,-4,-15,-5,0.0
74.035,8,5,-3,-6,3,4,27,22,0.0
74.04,17,10,-10,4,5,3,-8,1,0.0
74.045,11,14,15,7,-3,-10,-10,2,0.0
74.05,-6,-3,5,5,3,-2,-4,4,0.0
74.055,-7,-6,-12,-16,-5,9,13,8,0.0
74.06,7,2,10,2,-3,-1,-2,3,0.0
74.065,3,4,-9,10,-6,-4,-10,-1,0.0
74.07000000000001,-2,-3,-1,3,3,1,67,21,0.0
74.075,3,5,1,3,0,-3,-27,-2,0.0
74.08,2,-2,12,4,3,-8,-5,-36,0.0
74.08500000000001,1,2,-20,-5,-8,5,-6,-15,0.0
74.09,1,-2,5,-24,-4,-7,-2,1,0.0
74.095,-7,-4,-4,-5,10,5,16,11,0.0
74.10000000000001,4,0,4,22,-8,1,0,27,0.0
74.105,2,3,9,12,1,-4,2,6,0.0
74.11,7,2,4,-4,0,-1,-23,-6,0.0
74.115,6,-1,-15,-12,0,1,11,-6,0.0
74.12,-6,3,12,-1,-3,-3,-20,-23,0.0
74.125,-1,5,-9,0,4,-1,6,7,0.0
74.13,13,8,23,8,12,4,-6,6,0.0
74.135,4,5,35,4,14,-1,11,47,0.0
74.14,-3,-8,-44,8,-49,-3,13,7,0.0
74.145,21,-4,-25,-22,29,-8,-11,-12,0.0
74.15,-28,3,6,0,-22,2,-8,-14,0.0
74.155,13,16,105,14,23,4,4,22,0.0
74.16,80,38,-80,9,-21,15,56,19,0.0
74.165,-29,-66,-33,-58,2,-22,-77,-74,0.0
74.17,30,22,45,-13,54,15,0,31,0.0
74.175,6,-6,-118,-64,-73,-22,17,36,0.0
74.18,-14,23,72,7,59,-10,-22,-44,0.0
74.185,-18,33,97,127,-13,10,43,19,0.0
74.19,26,-36,-119,-91,-30,-28,-49,-60,0.0
74.19500000000001,30,57,127,39,55,0,-25,-34,0.0
74.2,-32,33,69,89,-44,10,44,40,0.0
74.205,-2,-42,-94,-17,29,4,-37,-52,0.0
74.21000000000001,35,22,78,36,-37,-5,21,-16,0.0
74.215,88,-15,59,49,-9,59,54,42,0.0
74.22,45,42,10,-34,33,-2,-7,58,0.0
74.22500000000001,-89,-7,-31,5,4,-26,-11,-83,0.0
74.23,-61,47,93,-49,51,-51,-80,80,0.0
74.235,-36,-67,-126,-1,-101,-16,-8,-82,0.0
74.24,47,-26,62,-39,127,34,39,48,0.0
74.245,56,80,-26,55,-89,46,48,41,0.0
74.25,-67,-30,-18,10,-38,-22,-11,11,0.0
74.255,19,-64,-6,-50,57,-30,-35,-32,0.0
74.26,-35,16,-22,8,2,7,-20,-36,0.0
74.265,34,-7,71,-107,23,6,37,47,0.0
74.27,13,-16,-125,0,6,19,34,-27,0.0
74.275,-20,29,49,19,11,9,3,3,0.0
74.28,-3,-34,-30,-22,-43,-18,-21,5,0.0
74.285,14,-2,-18,30,-28,-3,-6,22,0.0
74.29,-5,-7,68,20,0,5,0,-17,0.0
74.295,-24,10,-53,-17,-9,0,-6,16,0.0
74.3,-13,-32,-53,-53,12,-6,-15,-16,0.0
74.305,-19,-6,-36,-11,0,-16,-10,26,0.0
74.31,0,-5,17,11,-35,4,-3,-15,0.0
74.315,-8,8,-38,-25,16,5,18,14,0.0
74.32000000000001,-32,-16,20,41,-15,-15,-17,-26,0.0
74.325,20,12,56,5,31,-8,-1,22,0.0
74.33,23,-6,-35,23,-5,8,17,5,0.0
74.33500000000001,-16,0,-20,-16,5,-8,37,6,0.0
74.34,-6,-8,36,1,1,6,-47,-23,0.0
74.345,4,0,12,-3,-13,-5,-8,-22,0.0
74.35000000000001,2,-7,-27,5,4,1,-8,-18,0.0
74.355,-12,12,9,0,10,-5,5,1,0.0
74.36,-1,-1,-5,-3,-23,-1,10,13,0.0
74.365,0,-3,18,23,4,-2,2,6,0.0
74.37,-3,-5,-37,-99,-2,-7,26,55,0.0
74.375,3,6,19,15,-2,0,-49,-71,0.0
74.38,4,-16,-56,-27,-22,-6,42,29,0.0
74.385,-1,2,24,4,17,11,-29,14,0.0
74.39,9,8,32,35,24,11,18,0,0.0
74.395,-10,1,-8,-1,-16,-6,-8,21,0.0
74.4,-9,-6,-4,27,-1,-3,-1,-1,0.0
74.405,5,5,2,-37,0,-6,17,27,0.0
74.41,1,0,21,46,-5,5,-6,-15,0.0
74.415,-6,-6,-55,-9,-8,-3,-1,3,0.0
74.42,-5,-10,-8,-22,-14,-16,-22,-27,0.0
74.425,5,9,26,1,4,-2,12,10,0.0
74.43,8,-5,-20,13,-2,7,-10,-17,0.0
74.435,-6,6,19,4,13,5,2,-2,0.0
74.44,-8,-2,19,6,9,12,4,14,0.0
74.44500000000001,2,-3,-6,-7,-4,4,17,32,0.0
74.45,-2,-2,-7,1,0,-13,-64,-25,0.0
74.455,-3,0,1,-4,-5,-7,11,34,0.0
74.46000000000001,-5,-3,-2,-9,-12,0,-20,-41,0.0
74.465,1,-1,5,-3,-9,-6,1,9,0.0
74.47,5,0,13,21,4,1,20,-3,0.0
74.47500000000001,4,3,0,2,-2,-11,-2,-4,0.0
74.48,10,1,1,-4,-8,2,-13,12,0.0
74.485,-40,-16,-7,-2,2,-1,8,4,0.0
74.49,9,1,4,9,5,9,11,-21,0.0
74.495,-7,-7,-16,-8,-2,-13,-26,-25,0.0
74.5,5,0,4,-2,-10,-7,6,-4,0.0
74.505,13,7,2,-3,4,7,3,13,0.0
74.51,-9,0,-9,1,3,-2,9,-1,0.0
74.515,-7,2,18,8,1,3,-10,-6,0.0
74.52,-1,-5,-2,7,-2,1,1,-6,0.0
74.525,8,8,1,0,2,2,-5,-9,0.0
74.53,-5,2,4,2,-1,-2,6,46,0.0
74.535,-8,-10,-12,10,-4,12,-12,-62,0.0
74.54,-3,1,4,-9,0,-5,32,22,0.0
74.545,12,2,-15,5,3,-1,-7,50,0.0
74.55,-6,-3,-2,-23,-9,-6,-24,-33,0.0
74.555,-1,2,18,44,7,3,15,72,0.0
74.56,-7,-3,-5,-34,-2,1,27,22,0.0
74.565,109,25,46,15,4,8,38,115,0.0
74.57000000000001,-34,9,-50,-44,-4,-3,-17,-41,0.0
74.575,-69,-64,-23,-11,-8,-14,-88,-59,0.0
74.58,7,19,42,41,7,-3,72,71,0.0
74.58500000000001,-57,-20,-8,-4,-4,-10,-53,-62,0.0
74.59,16,-11,19,27,9,9,80,127,0.0
74.595,14,28,27,-7,-6,1,-27,-85,0.0
74.60000000000001,-12,-26,-44,-27,-1,-14,-102,-1,0.0
74.605,44,17,-18,28,-17,13,88,46,0.0
74.61,-36,-12,-7,-33,-10,-20,-110,-112,0.0
74.615,16,14,15,12,10,14,124,127,0.0
74.62,3,-17,-27,-10,26,-16,-83,-108,0.0
74.625,-6,32,25,28,-34,5,-3,-40,0.0
74.63,-31,-31,10,24,5,14,67,79,0.0
74.635,55,8,-37,-17,-14,-12,-49,-3,0.0
74.64,8,-20,9,-44,14,-4,18,38,0.0
74.645,-34,10,-1,9,25,3,-30,-14,0.0
74.65,49,4,27,5,-33,0,29,-17,0.0
74.655,-8,0,55,30,0,4,25,-32,0.0
74.66,37,28,24,25,11,8,-8,36,0.0
74.665,-54,-37,-31,-4,-13,-13,-20,-34,0.0
74.67,13,11,-32,-48,11,2,19,43,0.0
74.675,-26,5,0,-14,13,1,-3,15,0.0
74.68,-18,-13,1,10,-18,5,-2,-28,0.0
74.685,17,18,29,-17,7,-7,12,24,0.0
74.69,-28,-10,-51,21,3,-8,-14,-22,0.0
74.69500000000001,15,-8,16,-17,-7,-6,-3,1,0.0
74.7,-6,0,-10,3,2,5,20,-1,0.0
74.705,3,-4,4,2,11,2,-8,-23,0.0
74.71000000000001,60,22,24,17,2,13,2,8,0.0
74.715,4,9,-50,-6,3,1,11,1,0.0
74.72,-82,-32,48,47,-45,-12,-4,-15,0.0
74.72500000000001,-6,-26,-47,-49,23,-8,-18,-28,0.0
74.73,38,16,72,1,-50,-2,-3,-21,0.0
74.735,-25,30,-13,3,27,8,26,44,0.0
74.74,115,-16,-60,21,12,-2,0,-15,0.0
74.745,-64,-32,-1,-34,7,-11,-19,-28,0.0
74.75,-34,-19,3,-76,57,9,8,5,0.0
74.755,26,38,-99,61,-93,-8,11,7,0.0
74.76,-108,-75,50,-19,0,-10,-33,-59,0.0
74.765,124,76,64,74,32,24,13,33,0.0
74.77,59,48,23,50,-8,9,19,2,0.0
74.775,-75,-82,-29,-72,-4,-40,-47,-21,0.0
74.78,-13,-3,86,-20,67,4,-19,-31,0.0
74.785,50,17,-115,42,-77,11,-7,-11,0.0
74.79,74,5,42,59,-64,-29,-22,48,0.0
74.795,11,67,89,-17,121,32,15,54,0.0
74.8,-35,-22,-111,82,-128,-26,24,-66,0.0
74.805,-99,-122,10,-109,11,-47,-62,-84,0.0
74.81,110,24,-16,2,86,24,23,-20,0.0
74.815,110,74,105,54,28,76,92,71,0.0
74.82000000000001,-22,4,-71,-104,18,17,-35,49,0.0
74.825,-44,12,4,30,-51,-74,-68,33,0.0
74.83,-85,43,29,13,-29,-8,-3,-56,0.0
74.83500000000001,-38,-69,-93,-36,35,-11,-30,-67,0.0
74.84,64,71,105,13,54,55,73,47,0.0
74.845,96,46,-19,-20,86,44,78,82,0.0
74.85000000000001,-128,-81,-59,-40,-55,-62,-76,-53,0.0
74.855,103,20,87,27,4,-4,11,-29,0.0
74.86,3,-2,-125,-67,-42,1,12,-50,0.0
74.865,68,-40,80,-18,10,-9,-87,7,0.0
74.87,124,108,-34,-5,104,37,60,60,0.0
74.875,-46,53,3,20,-113,-18,19,3,0.0
74.88,-1,-102,-90,-30,-97,-78,-92,52,0.0
74.885,-25,-7,118,34,47,30,44,-3,0.0
74.89,90,22,-76,-50,73,17,4,-2,0.0
74.895,63,53,14,13,-109,1,-5,46,0.0
74.9,-37,-5,-39,-15,89,6,47,97,0.0
74.905,81,92,51,26,-100,-13,2,-59,0.0
74.91,-114,-66,89,11,2,-5,-28,-35,0.0
74.915,62,-6,-71,-46,105,-19,-24,-23,0.0
74.92,61,77,67,63,-70,18,40,45,0.0
74.925,-76,-118,-34,-39,21,5,16,-26,0.0
74.93,-25,-10,-21,8,-18,-2,-23,-14,0.0
74.935,-18,-10,36,-1,9,-1,0,15,0.0
74.94,29,29,41,26,40,8,3,-9,0.0
74.94500000000001,-13,24,-84,-7,-7,6,7,-12,0.0
74.95,23,7,42,27,-34,-8,8,32,0.0
74.955,-54,-48,5,8,3,-3,-16,-15,0.0
74.96000000000001,19,29,2,-21,18,0,-3,-8,0.0
74.965,-18,-2,-19,-5,-13,2,15,18,0.0
74.97,-42,-23,-2,-5,-11,-2,-11,-41,0.0
74.97500000000001,-20,-27,-15,-5,-2,-6,-3,8,0.0
74.98,-10,17,10,12,16,3,-11,-55,0.0
74.985,-14,18,0,-7,0,2,15,4,0.0
74.99,-7,-20,-10,16,-10,4,0,17,0.0
74.995,-13,-11,-25,-26,-9,-11,-20,-17,0.0
75.0,24,28,54,19,9,0,4,6,0.0
75.005,-21,-4,-17,-11,-1,4,9,2,0.0
75.01,3,-4,-7,-26,-6,-5,-2,10,0.0
75.015,-7,-18,-24,-1,-27,-9,1,32,0.0
75.02,-7,12,37,8,14,6,6,-8,0.0
75.025,-6,1,-13,11,24,8,1,2,0.0
75.03,-12,-9,-13,7,-9,-3,-2,-4,0.0
75.035,-1,2,25,8,17,-1,9,13,0.0
75.04,-3,-8,-24,-27,-7,7,-12,-7,0.0
75.045,-5,1,-36,-41,-24,-15,-8,-11,0.0
75.05,4,0,12,35,-9,-3,5,15,0.0
75.055,-9,-11,30,-12,2,3,-4,-16,0.0
75.06,4,0,-21,16,1,-7,-3,0,0.0
75.065,-4,3,-8,-31,-1,-5,-1,-5,0.0
75.07000000000001,-6,-4,0,0,0,3,2,6,0.0
75.075,13,-3,-1,5,5,11,59,27,0.0
75.08,-9,7,26,14,7,-9,-86,-66,0.0
75.08500000000001,-8,-8,2,13,1,15,3,33,0.0
75.09,-1,-7,-23,-18,-13,-9,2,18,0.0
75.095,-5,0,-8,2,-3,-11,-13,-23,0.0
75.10000000000001,16,10,7,3,10,8,66,59,0.0
75.105,12,9,0,-4,4,0,32,49,0.0
75.11,-35,4,4,2,-4,-9,-105,-107,0.0
75.115,3,-25,-13,7,-1,3,-10,4,0.0
75.12,-3,2,18,14,4,-12,18,18,0.0
75.125,-14,-1,-3,-5,-2,-6,-5,-11,0.0
75.13,9,8,28,24,1,5,44,36,0.0
75.135,-7,3,-14,-3,2,1,-12,-10,0.0
75.14,-2,0,-16,3,5,11,-15,-18,0.0
75.145,0,-6,-28,-22,-16,-6,1,-13,0.0
75.15,11,4,26,-1,11,5,15,-2,0.0
75.155,-6,-5,-3,-11,-1,0,-14,2,0.0
75.16,18,24,82,51,11,4,13,21,0.0
75.165,0,10,22,15,7,6,-9,7,0.0
75.17,-13,-36,-77,-91,-21,-13,7,-11,0.0
75.175,-9,2,39,1,-7,-5,-39,15,0.0
75.18,1,-9,-33,-33,-6,-8,78,24,0.0
75.185,43,18,17,4,5,1,-16,-22,0.0
75.19,8,35,19,52,8,19,37,54,0.0
75.19500000000001,-93,-55,-29,-17,-6,-17,10,0,0.0
75.2,-5,2,-27,-56,-6,-2,-13,27,0.0
75.205,8,-13,25,53,2,4,70,42,0.0
75.21000000000001,-10,-6,-31,-22,-12,-17,-33,-45,0.0
75.215,51,31,-6,-27,-2,7,4,-7,0.0
75.22,-26,-15,0,20,2,0,-8,-3,0.0
75.22500000000001,5,3,7,12,5,3,26,83,0.0
75.23,17,12,15,9,8,3,0,-38,0.0
75.235,-15,-2,-19,21,2,5,2,2,0.0
75.24,1,-11,14,-5,-5,-15,-38,-45,0.0
75.245,12,5,-16,-12,-6,-9,-13,-12,0.0
75.25,-15,-21,10,-1,-8,2,19,39,0.0
75.255,-17,-4,-10,15,-6,1,-27,-47,0.0
75.26,9,-3,-8,2,6,3,8,15,0.0
75.265,-10,0,-2,-13,1,-5,-17,-28,0.0
75.27,18,4,5,9,4,-1,-8,12,0.0
75.275,-2,1,1,-14,-7,-10,13,3,0.0
75.28,-9,-17,-12,-11,-4,-2,-11,-20,0.0
75.285,-14,3,9,27,4,-3,-15,-23,0.0
75.29,7,-7,-8,-20,10,1,0,6,0.0
75.295,37,13,5,3,-5,3,8,17,0.0
75.3,-8,5,10,1,-21,-4,-5,-7,0.0
75.305,-27,-13,-5,-5,5,-9,-30,-41,0.0
75.31,5,-4,1,-7,-14,3,15,22,0.0
75.315,-6,0,-3,-11,18,2,5,0,0.0
75.32000000000001,15,8,-3,-2,7,0,-13,-6,0.0
75.325,-34,-11,-8,-3,-3,-1,0,-13,0.0
75.33,-3,2,12,9,6,6,5,15,0.0
75.33500000000001,8,5,26,-6,-6,-9,0,0,0.0
75.34,3,3,-11,-3,1,15,2,-4,0.0
75.345,6,-2,-22,-1,-8,1,-3,-4,0.0
75.35000000000001,-7,-6,-12,-18,-9,-2,0,2,0.0
75.355,-9,-1,6,-2,-3,-2,-12,-13,0.0
75.36,7,6,23,3,8,-1,2,13,0.0
75.365,-15,-12,0,4,2,-5,-1,-2,0.0
75.37,-2,0,13,-15,-13,-8,-6,1,0.0
75.375,16,4,17,43,10,7,4,7,0.0
75.38,-8,8,3,18,3,-3,0,9,0.0
75.385,13,-16,-30,-69,-30,-13,-19,-46,0.0
75.39,1,-6,-19,29,13,1,6,17,0.0
75.395,8,9,23,-4,19,11,6,7,0.0
75.4,-4,-3,-7,37,-6,-6,-8,-47,0.0
75.405,0,13,50,13,4,12,5,31,0.0
75.41,-3,1,-20,0,-8,-7,-6,-38,0.0
75.415,4,-10,8,-14,-8,-6,-6,-17,0.0
75.42,-24,-7,-62,-21,-4,-1,-3,15,0.0
75.425,9,5,17,3,0,-3,2,-3,0.0
75.43,-5,0,15,11,6,8,8,9,0.0
75.435,0,6,-4,1,6,3,2,13,0.0
75.44,2,3,80,-11,-9,-9,-6,-9,0.0
75.44500000000001,-6,-1,-81,1,6,7,2,1,0.0
75.45,-4,-14,37,19,-3,-3,-5,6,0.0
75.455,-3,-1,-1,-9,-19,-10,-5,-10,0.0
75.46000000000001,2,-3,-20,-29,2,1,1,8,0.0
75.465,2,8,26,1,20,4,2,-8,0.0
75.47,2,1,11,12,-7,3,4,8,0.0
75.47500000000001,1,-3,41,24,-30,-8,-4,-7,0.0
75.48,5,-5,-75,-6,4,-4,1,0,0.0
75.485,-8,8,80,22,6,3,1,15,0.0
75.49,-4,-11,-68,6,13,2,-6,0,0.0
75.495,2,-1,-2,-28,-12,-5,-4,-10,0.0
75.5,13,5,9,-12,4,2,5,2,0.0
75.505,4,2,11,36,31,5,1,-1,0.0
75.51,20,18,46,-28,-56,2,15,22,0.0
75.515,-38,0,45,30,10,-4,2,9,0.0
75.52,-85,-72,-87,-53,-26,-24,-40,-89,0.0
75.525,25,-1,57,7,7,-2,-6,-25,0.0
75.53,25,13,37,-34,17,-1,4,15,0.0
75.535,34,15,-25,16,2,9,16,12,0.0
75.54,33,35,43,-26,81,30,68,30,0.0
75.545,-27,-4,-35,28,-92,-19,-70,-43,0.0
75.55,-81,-34,84,-11,3,-6,-9,-1,0.0
75.555,5,-25,-21,-2,1,-8,-5,-21,0.0
75.56,0,13,-70,21,27,-10,-23,-16,0.0
75.565,61,29,-30,-31,27,15,39,40,0.0
75.57000000000001,84,41,98,57,-65,-5,23,17,0.0
75.575,21,19,-15,-15,97,29,1,62,0.0
75.58,-15,-73,44,7,-111,-34,-16,-21,0.0
75.58500000000001,-112,-61,111,34,32,-53,-71,-36,0.0
75.59,-62,-17,-128,-72,43,2,-30,-40,0.0
75.595,23,40,25,-21,90,27,43,-36,0.0
75.60000000000001,75,21,44,-3,-17,4,22,84,0.0
75.605,37,61,-109,56,-99,11,24,21,0.0
75.61,20,-8,117,11,14,-21,7,-29,0.0
75.615,-47,3,73,33,-1,-5,-24,-58,0.0
75.62,11,17,-46,-49,69,29,29,111,0.0
75.625,-34,-7,-3,22,68,-15,9,17,0.0
75.63,26,-26,-99,-7,-81,12,-15,-34,0.0
75.635,-15,1,-37,-14,7,-9,9,-6,0.0
75.64,-17,33,127,110,-18,22,20,15,0.0
75.645,-68,-72,-38,-66,-4,-42,-14,-43,0.0
75.65,8,-5,5,-72,127,-5,-58,-39,0.0
75.655,85,65,9,60,-128,-14,1,88,0.0
75.66,29,-8,102,-16,-74,-14,-11,-80,0.0
75.665,-17,22,11,-42,2,32,35,63,0.0
75.67,-57,-30,-71,86,41,7,7,-18,0.0
75.675,25,-5,40,-53,11,-10,-2,-14,0.0
75.68,58,57,14,-28,69,18,2,31,0.0
75.685,13,-43,-93,-49,14,-3,-5,-34,0.0
75.69,33,20,67,-34,16,5,27,23,0.0
75.69500000000001,-56,-33,-120,-10,-3,-19,-37,-51,0.0
75.7,-2,-10,-26,19,12,8,5,15,0.0
75.705,45,16,52,-25,14,10,-13,-40,0.0
75.71000000000001,-43,20,0,45,-42,-21,5,56,0.0
75.715,-37,-59,-28,-10,10,4,-4,-10,0.0
75.72,-4,-14,-22,-13,-16,-8,-17,-28,0.0
75.72500000000001,-12,15,-15,19,-17,5,8,-18,0.0
75.73,16,-4,32,-4,-3,-2,48,44,0.0
75.735,-2,-12,-8,-28,-22,-2,-55,-39,0.0
75.74,-32,-5,-15,17,27,-8,-13,-17,0.0
75.745,21,3,29,-29,-29,1,8,25,0.0
75.75,10,10,-25,1,9,11,18,2,0.0
75.755,-11,-18,-1,7,3,-2,8,4,0.0
75.76,0,-4,-12,30,-3,-8,-14,-5,0.0
75.765,17,-3,-19,-72,-6,-2,-6,8,0.0
75.77,2,10,6,21,8,11,-2,-7,0.0
75.775,0,-15,-48,-15,-17,-8,4,17,0.0
75.78,-18,-6,27,15,-10,-10,-21,-12,0.0
75.785,7,-1,-23,-49,15,3,15,2,0.0
75.79,-5,0,-10,-9,5,7,-12,-4,0.0
75.795,0,-1,23,8,-1,3,49,36,0.0
75.8,-8,2,-2,18,-2,-12,-84,-59,0.0
75.805,4,3,21,39,5,-3,20,22,0.0
75.81,-1,-9,-4,-22,-24,-9,-18,-14,0.0
75.815,5,-1,14,-15,-1,3,-19,-39,0.0
75.82000000000001,-8,-1,6,20,8,-11,21,9,0.0
75.825,14,7,13,5,11,25,10,20,0.0
75.83,-5,-7,-17,2,-10,-15,-27,-11,0.0
75.83500000000001,-1,-1,12,-11,-11,4,13,19,0.0
75.84,-12,-3,-14,-39,-28,-15,6,4,0.0
75.845,0,-2,17,60,50,13,-8,-12,0.0
75.85000000000001,8,1,-10,14,1,9,20,24,0.0
75.855,-8,-8,-12,-25,-12,-9,-10,8,0.0
75.86,7,-1,-21,-22,2,7,10,1,0.0
75.865,9,9,23,22,-10,-4,3,3,0.0
75.87,-9,-16,-10,1,-7,-7,-23,-16,0.0
75.875,15,1,-2,4,-1,2,15,13,0.0
75.88,-21,-7,2,3,0,2,-1,-2,0.0
75.885,7,-6,3,1,-2,0,-4,-5,0.0
75.89,3,7,-9,2,2,0,13,4,0.0
75.895,-3,0,22,1,1,-2,-11,-6,0.0
75.9,10,-5,-25,-26,-2,0,14,16,0.0
75.905,-13,-8,-3,0,-6,-5,-3,-9,0.0
75.91,9,4,8,4,-1,6,91,60,0.0
75.915,-11,-2,11,17,2,-10,-94,-98,0.0
75.92,-6,2,-15,0,3,-2,10,21,0.0
75.925,5,5,0,6,-7,-2,8,14,0.0
75.93,1,0,-4,25,-1,-10,-14,-12,0.0
75.935,-38,-16,-13,-49,-9,-2,17,16,0.0
75.94,-1,-4,18,10,0,5,7,-5,0.0
75.94500000000001,-5,0,-22,-15,-5,-4,-17,-19,0.0
75.95,15,11,10,21,6,8,-7,7,0.0
75.955,17,12,23,51,8,2,17,15,0.0
75.96000000000001,-5,-8,-30,18,8,1,-11,-3,0.0
75.965,-2,2,45,36,3,1,11,3,0.0
75.97,-8,-15,-71,-108,-35,-11,-24,-25,0.0
75.97500000000001,-15,-5,-5,15,1,-13,-62,-14,0.0
75.98,0,0,1,-2,0,8,21,13,0.0
75.985,11,9,22,25,7,3,0,5,0.0
75.99,1,1,12,22,7,0,21,9,0.0
75.995,-5,-5,10,-19,-3,8,-1,-25,0.0
76.0,7,-5,-18,-8,-2,-9,-26,-17,0.0
76.005,-2,-4,-12,-11,-7,-11,-16,10,0.0
76.01,-17,-7,-7,-28,-7,-9,-22,-6,0.0
76.015,9,9,17,16,3,10,43,34,0.0
76.02,11,5,-6,-1,6,1,9,-10,0.0
76.025,4,-4,-15,-6,-4,7,10,-5,0.0
76.03,-17,-9,6,-1,-5,-6,-18,-13,0.0
76.035,-5,2,17,12,1,3,19,10,0.0
76.04,7,1,-14,1,-2,-15,-15,-17,0.0
76.045,-11,-2,-17,-16,-4,9,1,4,0.0
76.05,2,9,13,25,9,2,0,0,0.0
76.055,12,2,-13,-14,-8,-10,1,14,0.0
76.06,-23,-4,7,-15,0,5,12,8,0.0
76.065,5,0,4,5,-8,-6,0,2,0.0
76.07000000000001,-1,-2,-18,10,1,-5,-19,-12,0.0
76.075,-1,-7,-29,-51,-2,12,18,10,0.0
76.08,1,3,15,-5,5,-2,0,1,0.0
76.08500000000001,5,1,7,0,-5,-2,1,-8,0.0
76.09,2,0,3,7,0,3,-6,9,0.0
76.095,4,-5,-10,8,1,-8,-3,-31,0.0
76.10000000000001,-3,-1,4,-9,-5,1,13,35,0.0
76.105,4,-2,13,-10,11,-5,-10,-40,0.0
76.11,6,5,-16,6,-7,0,-5,1,0.0
76.115,-11,-12,6,-5,-3,-1,8,13,0.0
76.12,-12,-4,-3,-1,3,0,-2,2,0.0
76.125,-9,-7,-15,11,-15,-8,-1,1,0.0
76.13,2,2,13,7,0,-2,-4,-7,0.0
76.135,13,12,8,8,10,9,3,11,0.0
76.14,-15,-9,-5,-20,-4,4,-5,-14,0.0
76.145,34,9,9,9,-12,-3,5,18,0.0
76.15,12,11,33,5,18,9,1,-5,0.0
76.155,-46,-18,-41,-30,-14,-7,-4,-1,0.0
76.16,-10,-7,-34,17,-2,-4,-4,-11,0.0
76.165,-11,-7,-6,-3,-2,7,-1,-1,0.0
76.17,14,-1,11,-12,1,-3,-4,2,0.0
76.175,29,18,41,30,8,-9,12,17,0.0
76.18,4,4,22,12,12,15,6,5,0.0
76.185,2,1,33,1,15,-5,-4,-15,0.0
76.19,-14,-1,-45,-13,-54,-7,-5,-8,0.0
76.19500000000001,5,-26,9,-42,5,-10,-6,6,0.0
76.2,16,14,85,38,-6,1,1,23,0.0
76.205,-7,14,58,44,15,4,-2,2,0.0
76.21000000000001,-32,-40,-44,-91,18,-4,-10,-29,0.0
76.215,24,12,32,49,-50,-6,6,15,0.0
76.22,-18,-1,24,-11,29,-3,-9,0,0.0
76.22500000000001,44,5,-22,-25,-35,-5,17,8,0.0
76.23,-49,-31,-38,-2,3,-10,-75,-12,0.0
76.235,13,6,22,-34,38,22,15,-3,0.0
76.24,28,3,-55,47,24,-1,13,13,0.0
76.245,34,21,-42,-65,25,14,11,4,0.0
76.25,-40,-33,106,96,-41,-25,7,39,0.0
76.255,-59,-95,-112,-105,-18,-38,-48,-91,0.0
76.26,58,77,13,74,24,7,-2,-18,0.0
76.265,-102,-36,37,87,9,-1,-16,17,0.0
76.27,124,104,74,-10,94,39,49,2,0.0
76.275,85,38,-9,-49,-82,-13,12,113,0.0
76.28,-84,-79,21,-93,5,10,63,-70,0.0
76.285,-61,-73,19,-22,-51,-44,-83,56,0.0
76.29,70,25,-44,7,59,7,-10,-91,0.0
76.295,13,79,115,127,-40,10,26,27,0.0
76.3,62,17,51,-5,-4,9,-13,-58,0.0
76.305,54,14,-118,-80,116,-4,18,-6,0.0
76.31,-75,-76,10,4,-100,-10,18,57,0.0
76.315,-21,20,-12,14,88,2,-21,3,0.0
76.32000000000001,-17,-26,-36,56,-45,-16,-21,-45,0.0
76.325,25,27,45,45,-15,21,37,-31,0.0
76.33,89,53,113,-51,107,21,9,-13,0.0
76.33500000000001,-21,-53,-109,-54,-41,-48,-30,62,0.0
76.34,-54,12,-46,-46,-4,4,-23,-50,0.0
76.345,-47,-40,43,-8,5,-2,-8,-27,0.0
76.35000000000001,7,38,34,34,-18,5,26,9,0.0
76.355,-43,8,67,42,9,32,32,-3,0.0
76.36,-7,-50,-100,-39,-3,-11,-20,55,0.0
76.365,4,13,-57,-43,14,-5,-4,-35,0.0
76.37,-25,-5,-36,61,-124,-18,2,33,0.0
76.375,-31,-22,-18,9,46,-1,-17,-52,0.0
76.38,45,30,42,0,-11,-7,-3,29,0.0
76.385,-7,10,8,9,-12,4,14,1,0.0
76.39,-28,-28,-45,6,4,-15,-15,15,0.0
76.395,24,15,8,16,5,5,-2,-29,0.0
76.4,-9,-3,24,-30,3,1,8,6,0.0
76.405,-2,-3,-10,29,-30,0,0,16,0.0
76.41,-11,-6,-4,4,16,-4,-6,13,0.0
76.415,19,2,-13,-26,12,1,0,-41,0.0
76.42,-14,-3,6,11,-7,-1,-1,22,0.0
76.425,10,3,-6,0,7,2,47,18,0.0
76.43,1,-2,-4,35,5,-5,-51,-40,0.0
76.435,-3,-1,10,57,9,16,11,-4,0.0
76.44,-5,-9,1,-46,-16,-13,5,21,0.0
76.44500000000001,6,6,-10,-23,-22,-18,-14,-2,0.0
76.45,-12,-7,-3,-24,7,4,11,-17,0.0
76.455,1,0,13,26,1,1,4,4,0.0
76.46000000000001,4,4,10,22,11,7,-4,8,0.0
76.465,11,11,12,15,14,1,-2,10,0.0
76.47,-7,-17,-30,-55,-7,4,-4,-12,0.0
76.47500000000001,9,3,5,12,8,-3,21,45,0.0
76.48,-1,0,15,36,-9,-9,-63,-88,0.0
76.485,-1,8,31,29,3,14,-1,7,0.0
76.49,-15,-17,-84,-42,-10,-12,-5,6,0.0
76.495,4,1,17,-7,-6,-2,-4,-2,0.0
76.5,-2,-2,-5,-27,-12,-3,20,32,0.0
76.505,1,1,22,26,-8,-4,-7,-7,0.0
76.51,-4,2,25,37,1,-4,-7,-12,0.0
76.515,4,-3,-22,-28,3,-7,5,-4,0.0
76.52,-2,0,-4,21,8,15,12,21,0.0
76.525,-3,-5,-16,-14,-6,-3,-15,-19,0.0
76.53,2,3,3,-5,7,0,16,21,0.0
76.535,-3,-5,-8,-17,-2,0,-6,-14,0.0
76.54,-3,-3,6,17,0,-8,-6,1,0.0
76.545,4,1,2,-6,-6,2,0,2,0.0
76.55,-4,-1,-4,-7,0,3,10,-2,0.0
76.555,-5,-2,3,26,8,4,-2,-10,0.0
76.56,-1,-3,-5,-16,-7,-2,-4,7,0.0
76.565,7,0,-11,-17,-7,4,5,4,0.0
76.57000000000001,2,9,18,19,6,-8,-1,2,0.0
76.575,-25,-9,-23,-14,-3,0,-6,-15,0.0
76.58,-2,-8,4,-4,1,-3,10,19,0.0
76.58500000000001,0,-3,-8,-3,-4,-2,-3,-5,0.0
76.59,-2,-2,2,4,2,0,-2,0,0.0
76.595,14,10,-6,2,5,-1,-2,0,0.0
76.60000000000001,0,-1,4,-11,0,2,8,8,0.0
76.605,-4,-3,12,10,-2,-2,-4,-5,0.0
76.61,4,1,1,1,-2,1,-1,-5,0.0
76.615,2,0,-5,-27,1,3,0,3,0.0
76.62,-1,1,3,10,0,-5,-6,-10,0.0
76.625,5,1,-6,8,-4,6,0,7,0.0
76.63,-13,-6,-30,-39,-2,-12,0,-4,0.0
76.635,-4,-2,-13,-19,-6,2,-2,-9,0.0
76.64,-7,2,20,-14,1,-2,1,8,0.0
76.645,9,3,26,25,-2,3,1,2,0.0
76.65,-4,-6,-26,21,-1,-5,1,19,0.0
76.655,-2,-2,4,0,5,4,-6,-49,0.0
76.66,4,-1,-31,-76,-8,-14,-3,-2,0.0
76.665,-5,-1,-10,-9,-5,11,-4,-3,0.0
76.67,0,1,6,17,-2,2,5,13,0.0
76.675,0,-5,3,6,-2,0,-3,1,0.0
76.68,4,4,4,27,5,2,5,12,0.0
76.685,0,-2,1,-14,-5,-15,-8,-9,0.0
76.69,-13,0,-5,-3,0,6,2,11,0.0
76.69500000000001,4,-1,13,6,0,-1,-2,7,0.0
76.7,-2,-3,-2,17,-1,-3,-3,-3,0.0
76.705,-4,-3,-10,-17,-1,-4,0,3,0.0
76.71000000000001,6,5,20,8,2,5,-2,-4,0.0
76.715,-2,1,-4,-15,-1,-5,-1,-10,0.0
76.72,2,-3,4,20,-3,-3,-4,-5,0.0
76.72500000000001,1,3,-5,-7,2,2,2,3,0.0
76.73,-6,-7,9,2,-2,1,3,-11,0.0
76.735,0,0,18,27,-3,-1,-2,5,0.0
76.74,-2,-6,-22,-46,-2,-1,-4,1,0.0
76.745,1,0,-16,-4,1,-1,-3,-5,0.0
76.75,2,3,-1,1,3,-2,0,-8,0.0
76.755,1,-1,3,8,6,4,2,11,0.0
76.76,5,3,3,16,-7,-5,1,4,0.0
76.765,-5,-3,-8,-1,8,-2,-3,-4,0.0
76.77,5,2,6,-19,-10,-5,-1,-10,0.0
76.775,-12,-4,1,12,-1,-2,-2,5,0.0
76.78,1,0,-7,4,-3,-2,-3,-1,0.0
76.785,-6,-4,-5,-20,-9,-11,-7,-7,0.0
76.79,-5,-4,2,12,4,-2,-3,1,0.0
76.795,4,4,-3,-9,1,-3,1,4,0.0
76.8,1,4,10,22,0,-3,-1,3,0.0
76.805,-4,-1,-1,12,4,1,3,1,0.0
76.81,3,-4,-9,-13,-3,0,-3,-3,0.0
76.815,7,0,0,-9,-1,0,-3,2,0.0
76.82000000000001,13,5,1,3,11,6,4,5,0.0
76.825,19,6,-1,19,-17,-6,1,2,0.0
76.83,-80,-18,-3,-10,5,0,-6,-18,0.0
76.83500000000001,5,-17,-12,-10,-10,-7,-5,-5,0.0
76.84,6,3,5,7,11,2,3,4,0.0
76.845,26,14,16,3,34,2,2,7,0.0
76.85000000000001,70,33,0,12,-35,6,8,16,0.0
76.855,-78,-28,-13,-21,-1,-3,-8,-14,0.0
76.86,-65,-29,10,-13,-14,-3,-4,-15,0.0
76.865,10,3,-14,16,-22,-1,1,7,0.0
76.87,23,5,36,18,32,8,7,12,0.0
76.875,59,18,-21,-3,-2,1,-5,-5,0.0
76.88,8,-1,5,-13,15,4,-3,-8,0.0
76.885,-68,-19,7,-11,38,-5,-9,-17,0.0
76.89,43,13,-1,4,-81,-9,9,19,0.0
76.895,9,10,13,36,22,13,16,3,0.0
76.9,-55,-16,-23,-17,-4,-9,-19,-15,0.0
76.905,-68,-42,0,1,-38,-23,-37,-54,0.0
76.91,-18,-10,18,-52,43,12,5,4,0.0
76.915,76,6,-5,-27,30,23,31,1,0.0
76.92,94,83,69,96,-4,5,23,68,0.0
76.925,-75,-92,-90,-63,-68,-38,-45,14,0.0
76.93,64,24,59,21,28,2,-7,-46,0.0
76.935,-94,-19,-48,11,-43,-16,-12,-20,0.0
76.94,-46,-35,83,-20,20,-2,-5,52,0.0
76.94500000000001,127,78,72,69,119,42,43,23,0.0
76.95,2,-28,-19,21,-87,-22,-5,12,0.0
76.955,127,24,-38,2,-52,-15,-19,-29,0.0
76.96000000000001,111,71,6,36,13,16,24,73,0.0
76.965,-111,-96,56,-40,-11,-18,-33,-59,0.0
76.97,102,-33,-33,29,93,22,49,10,0.0
76.97500000000001,19,73,10,-1,11,23,-31,3,0.0
76.98,-92,-79,-128,-94,-97,-59,-67,-59,0.0
76.985,91,74,93,29,-13,27,50,46,0.0
76.99,36,76,-11,17,92,40,10,-11,0.0
76.995,-87,-52,-91,-42,-47,-15,26,80,0.0
77.0,-4,-3,71,-18,-23,-29,-53,-109,0.0
77.005,13,-39,-123,-92,61,2,-26,-7,0.0
77.01,-38,25,6,40,-34,-20,31,82,0.0
77.015,-3,3,-5,29,30,-12,-11,20,0.0
77.02,-23,-4,24,-51,38,12,-55,-5,0.0
77.025,8,-12,18,36,6,5,42,-6,0.0
77.03,32,44,114,-26,92,26,-13,2,0.0
77.035,-75,-26,-20,-3,-89,0,22,-8,0.0
77.04,-65,-40,-3,2,29,-10,10,-21,0.0
77.045,26,21,-8,10,-36,-1,4,14,0.0
77.05,-29,-1,21,-32,13,2,-9,-3,0.0
77.055,-70,-53,43,-9,47,-14,-17,-31,0.0
77.06,87,16,17,20,-13,21,26,11,0.0
77.065,-42,39,5,6,-15,6,14,30,0.0
77.07000000000001,12,-7,-80,-34,-62,-43,-34,-14,0.0
77.075,-71,-13,50,6,43,-13,-31,-47,0.0
77.08,7,-17,-28,16,-33,16,35,-21,0.0
77.08500000000001,50,18,-22,-8,6,10,0,17,0.0
77.09,-23,-30,-24,-1,-33,-10,-15,-4,0.0
77.095,44,27,42,35,6,9,50,26,0.0
77.10000000000001,6,12,-15,-3,18,1,-52,-29,0.0
77.105,-2,5,-4,14,-34,-5,5,-10,0.0
77.11,-52,-24,-19,-11,-13,-10,-20,-27,0.0
77.115,41,22,25,-3,9,13,9,4,0.0
77.12,0,1,-2,60,9,8,36,17,0.0
77.125,-4,-8,-82,-105,-11,-18,-18,-9,0.0
77.13,-31,-11,2,-36,-19,-2,9,-11,0.0
77.135,25,-7,-18,21,10,-3,-48,5,0.0
77.14,12,9,38,10,10,8,27,12,0.0
77.145,-12,7,8,37,-2,-1,-6,-9,0.0
77.15,-22,-8,12,8,3,-2,-3,-9,0.0
77.155,22,-5,-45,-41,-12,-2,10,2,0.0
77.16,-1,2,-1,36,5,3,39,20,0.0
77.165,0,13,-12,10,-8,1,-15,-14,0.0
77.17,-23,-16,28,56,-11,-4,0,-3,0.0
77.175,17,-1,8,-53,5,0,-10,-6,0.0
77.18,1,8,-24,8,5,-1,22,12,0.0
77.185,3,3,22,-17,4,0,7,5,0.0
77.19,-12,-4,19,49,3,2,-12,-9,0.0
77.19500000000001,6,2,15,9,-3,-9,2,-1,0.0
77.2,-3,-5,-33,-27,-2,-3,0,-5,0.0
77.205,-3,0,34,37,-8,3,0,-1,0.0
77.21000000000001,-12,-15,-59,-47,-6,-6,-13,-9,0.0
77.215,6,1,26,9,-1,-1,-5,-20,0.0
77.22,2,-3,-35,-37,-2,0,2,3,0.0
77.22500000000001,2,3,20,41,-3,-8,-12,-2,0.0
77.23,-9,-7,-35,-24,-12,-5,-1,-5,0.0
77.235,10,3,5,-11,9,3,8,12,0.0
77.24,2,2,10,19,3,-3,-1,-2,0.0
77.245,-4,0,2,1,-2,1,5,-4,0.0
77.25,-6,-8,-21,-10,-5,-8,-8,-4,0.0
77.255,3,0,7,1,1,0,2,2,0.0
77.26,-1,-1,-8,6,-2,1,-6,-6,0.0
77.265,1,-1,0,-9,-6,-3,-3,-1,0.0
77.27,-5,-8,-29,-21,-14,-1,0,-5,0.0
77.275,7,4,26,22,5,-4,0,5,0.0
77.28,-2,0,-12,-14,-4,2,-1,-1,0.0
77.285,3,-1,-2,-5,1,0,1,0,0.0
77.29,-6,-2,5,6,0,-1,-4,-4,0.0
77.295,6,-2,3,8,-2,0,-1,-3,0.0
77.3,-4,-5,-12,-12,-4,-5,-4,-1,0.0
77.305,0,0,3,1,-4,0,44,19,0.0
77.31,-4,-5,2,3,1,-2,-66,-40,0.0
77.315,15,7,0,2,3,2,73,94,0.0
77.32000000000001,-12,-4,-8,-13,-6,-11,-51,-71,0.0
77.325,-3,-4,-13,-12,0,13,13,-42,0.0
77.33,-2,-3,12,3,-4,7,12,14,0.0
77.33500000000001,-2,6,21,4,0,-18,18,-57,0.0
77.34,-11,-4,-18,6,3,1,-82,-28,0.0
77.345,8,3,-6,-8,0,3,37,63,0.0
77.35000000000001,-2,3,9,26,5,1,33,21,0.0
77.355,-2,3,36,42,6,9,-18,-7,0.0
77.36,3,-13,-66,-98,-17,-9,61,46,0.0
77.365,-4,1,13,34,-6,-4,-48,-38,0.0
77.37,7,-2,-7,-15,3,0,-4,13,0.0
77.375,5,9,22,21,8,7,1,19,0.0
77.38,6,8,30,48,-2,0,-2,-5,0.0
77.385,-2,-7,-13,-15,-2,-21,-12,9,0.0
77.39,6,4,24,7,9,23,18,0,0.0
77.395,-5,-9,-33,-22,-9,-8,-17,-12,0.0
77.4,-14,-6,16,23,13,6,12,2,0.0
77.405,3,3,22,-6,-3,-2,-18,-12,0.0
77.41,-1,5,-24,-44,-16,-16,10,5,0.0
77.415,2,15,-7,14,-3,-1,-26,-16,0.0
77.42,-9,-6,10,-8,-5,4,12,22,0.0
77.425,-3,-2,-3,11,-1,-5,4,14,0.0
77.43,-3,-9,-4,14,7,2,-4,-7,0.0
77.435,6,2,21,15,1,6,-5,10,0.0
77.44,3,2,-22,-59,-7,-5,12,7,0.0
77.44500000000001,-8,-5,-2,39,1,0,-1,0,0.0
77.45,4,-2,-3,-20,-4,-5,-4,-4,0.0
77.455,-11,-8,-18,-1,3,2,-6,-5,0.0
77.46000000000001,7,8,30,26,13,3,16,14,0.0
77.465,1,-2,-15,-13,-6,3,-7,-6,0.0
77.47,-1,-4,-5,2,-8,-12,-3,5,0.0
77.47500000000001,-28,-9,18,1,0,-3,-6,-2,0.0
77.48,19,7,1,7,16,11,8,5,0.0
77.485,-13,12,-22,10,-32,-5,-1,11,0.0
77.49,32,1,4,16,4,-3,14,34,0.0
77.495,-47,-19,-5,-14,-1,0,-10,-55,0.0
77.5,-17,-10,-10,-10,10,-6,-14,-36,0.0
77.505,13,7,6,22,15,-3,-4,0,0.0
77.51,-10,3,-7,4,-26,-1,7,10,0.0
77.515,35,7,12,-23,33,8,6,41,0.0
77.52,-3,10,2,-7,-17,-3,41,0,0.0
77.525,29,4,14,22,-20,3,-57,-28,0.0
77.53,-41,-4,-8,21,-28,-5,-2,30,0.0
77.535,-29,-15,-21,-33,20,4,-15,-31,0.0
77.54,-16,6,25,32,58,-3,4,28,0.0
77.545,-15,-4,-16,-24,-41,-12,11,12,0.0
77.55,33,10,4,16,-53,-13,6,18,0.0
77.555,-25,-11,-17,-25,-8,-5,-12,-5,0.0
77.56,-33,-8,29,12,13,10,1,15,0.0
77.565,25,14,-18,10,35,8,17,63,0.0
77.57000000000001,13,-17,-12,-4,26,5,-19,-104,0.0
77.575,-14,2,-3,30,-84,-10,29,4,0.0
77.58,-40,-25,19,-5,-12,-29,-70,-94,0.0
77.58500000000001,-86,-45,-36,-72,36,3,-9,-34,0.0
77.59,3,6,12,0,-11,0,12,27,0.0
77.595,36,12,-8,-27,16,5,8,34,0.0
77.60000000000001,59,17,52,101,-15,8,23,40,0.0
77.605,10,-9,-39,-65,-6,-1,-2,-8,0.0
77.61,-13,-9,-20,-21,63,-5,-13,-15,0.0
77.615,20,5,3,-9,-26,2,3,6,0.0
77.62,20,0,-24,26,-79,-4,4,30,0.0
77.625,0,4,39,44,1,-7,1,-12,0.0
77.63,-13,-6,1,-8,25,1,2,-1,0.0
77.635,14,-1,-3,1,20,-4,-6,5,0.0
77.64,-1,2,-18,-10,11,7,4,6,0.0
77.645,0,-5,7,42,-2,-5,3,-15,0.0
77.65,-9,-5,-22,-67,-14,-2,-5,-7,0.0
77.655,2,-6,-3,-3,1,-3,-14,-5,0.0
77.66,7,-4,-17,-2,0,2,4,4,0.0
77.665,6,6,15,-26,29,9,7,4,0.0
77.67,1,2,11,63,-40,-8,-4,8,0.0
77.675,3,-5,-9,-3,7,-6,2,-3,0.0
77.68,12,5,-9,-69,-31,-2,11,23,0.0
77.685,-19,-6,22,8,-2,-4,-5,-5,0.0
77.69,9,-4,-9,-2,18,3,-9,-15,0.0
77.69500000000001,-13,-1,-17,7,0,-3,-4,-3,0.0
77.7,4,-5,-3,3,39,4,2,11,0.0
77.705,64,31,26,-31,57,30,27,32,0.0
77.71000000000001,43,38,62,-33,5,14,30,25,0.0
77.715,-58,-40,-40,24,-100,-43,-34,-11,0.0
77.72,-73,-50,-91,-52,-25,-18,-25,-56,0.0
77.72500000000001,-14,-47,24,-3,38,5,41,-9,0.0
77.73,41,37,34,-16,87,17,-20,30,0.0
77.735,127,13,22,86,64,20,31,3,0.0
77.74,-5,27,44,-54,-61,-11,34,101,0.0
77.745,-74,-56,-83,-20,-17,-33,-6,-7,0.0
77.75,-47,38,50,67,41,22,-5,-48,0.0
77.755,-110,-78,-75,-37,2,7,4,3,0.0
77.76,9,-38,47,25,-65,-38,-48,-20,0.0
77.765,76,43,-24,-18,-23,11,20,-8,0.0
77.77,79,25,75,32,46,17,31,43,0.0
77.775,55,80,50,-44,60,56,42,50,0.0
77.78,87,-55,-62,23,-49,-36,-2,20,0.0
77.785,-35,-28,98,17,27,-15,-56,-19,0.0
77.79,-95,-42,-53,1,-25,-1,-3,-82,0.0
77.795,-73,-5,64,34,-16,-36,-40,-21,0.0
77.8,72,49,-44,-23,127,47,23,26,0.0
77.805,52,21,81,63,-71,-3,14,42,0.0
77.81,43,-8,4,25,-31,0,19,33,0.0
77.815,26,1,38,-22,-11,-2,19,25,0.0
77.82000000000001,-103,12,80,5,19,3,-26,-51,0.0
77.825,-41,27,5,44,25,14,10,15,0.0
77.83,46,18,-122,-31,-13,9,21,42,0.0
77.83500000000001,-9,-26,21,-59,47,-26,-61,-59,0.0
77.84,-62,-41,-32,11,-87,-24,-34,-49,0.0
77.845,44,25,-19,7,43,10,-2,-39,0.0
77.85000000000001,19,-6,31,19,-17,0,16,46,0.0
77.855,14,14,-16,-39,21,1,5,31,0.0
77.86,29,15,-11,38,59,24,14,-17,0.0
77.865,-12,-20,-18,-44,-63,-11,-5,27,0.0
77.87,-53,-38,-8,-63,-26,-22,-24,-8,0.0
77.875,12,14,-28,57,-11,2,-3,-8,0.0
77.88,43,26,29,-6,25,18,67,26,0.0
77.885,-36,1,-21,-15,-33,-14,-65,-31,0.0
77.89,-17,-10,-7,-16,-4,-12,-9,-1,0.0
77.895,29,4,12,15,-7,4,-8,-31,0.0
77.9,-32,10,14,-14,2,5,6,-1,0.0
77.905,15,-2,-19,-25,1,-4,10,12,0.0
77.91,-75,-20,-22,-28,-1,-16,-8,9,0.0
77.915,6,-6,23,45,-19,-5,-21,-44,0.0
77.92,12,15,10,16,20,8,10,29,0.0
77.925,20,1,8,40,6,-3,62,7,0.0
77.93,-36,-24,-34,-35,-18,-15,-72,-52,0.0
77.935,2,5,-33,-77,-18,5,34,34,0.0
77.94,18,14,35,79,11,2,23,23,0.0
77.94500000000001,-3,1,-62,-103,7,-4,-37,-35,0.0
77.95,26,2,47,101,1,-2,32,24,0.0
77.955,-2,0,32,23,-17,-2,-4,22,0.0
77.96000000000001,4,-3,-55,-61,16,8,-63,-80,0.0
77.965,-35,-5,11,28,-9,-2,48,74,0.0
77.97,40,0,-2,-2,-4,-10,-26,97,0.0
77.97500000000001,-7,-4,4,1,-2,-26,-123,-119,0.0
77.98,8,9,19,-7,6,11,41,80,0.0
77.985,12,7,22,18,-7,4,76,85,0.0
77.99,25,-9,-16,-9,-3,-2,-76,-51,0.0
77.995,-23,-3,2,18,1,9,64,34,0.0
78.0,-3,7,48,21,-9,-16,-29,-13,0.0
78.005,0,-11,-51,-51,12,-2,6,-9,0.0
78.01,2,4,68,-31,-18,4,86,99,0.0
78.015,1,-1,-16,0,-31,-17,-36,-10,0.0
78.02,3,-4,-17,-16,37,1,-17,-20,0.0
78.025,2,11,18,44,-36,2,-23,-8,0.0
78.03,-2,-8,-36,21,-3,-4,57,42,0.0
78.035,-28,-17,6,-31,-22,-3,-49,-50,0.0
78.04,18,17,92,2,13,-3,41,35,0.0
78.045,-5,-22,-86,-7,26,-8,-18,-41,0.0
78.05,-13,9,61,-23,10,7,-18,-53,0.0
78.055,22,12,-23,6,-17,5,58,39,0.0
78.06,-4,-4,-32,-12,-7,-6,-5,-17,0.0
78.065,3,7,75,17,7,7,-41,-27,0.0
78.07000000000001,12,-14,-89,-21,16,-4,1,-37,0.0
78.075,-19,-11,-27,7,20,10,34,38,0.0
78.08,11,-5,-2,2,-19,-5,-13,0,0.0
78.08500000000001,-23,-9,13,-3,-7,-3,-12,-2,0.0
78.09,-28,-5,-46,-10,-7,-5,-7,-52,0.0
78.095,7,25,12,17,10,1,36,54,0.0
78.10000000000001,10,-19,-33,-22,-19,-10,-31,-38,0.0
78.105,4,2,15,-21,0,6,-23,-4,0.0
78.11,4,2,40,38,0,1,10,10,0.0
78.115,7,-6,5,-36,24,-6,-8,-23,0.0
78.12,-10,-10,-44,-17,-27,6,4,24,0.0
78.125,24,19,85,30,3,6,45,36,0.0
78.13,10,-12,-22,-15,-6,-9,-5,-6,0.0
78.135,-35,-13,-104,-10,12,1,-13,-19,0.0
78.14,-1,-4,23,18,-1,1,25,82,0.0
78.145,-39,-12,-20,-70,-11,-10,-11,-63,0.0
78.15,28,10,29,60,13,2,-10,-53,0.0
78.155,19,1,27,-40,-16,-1,12,1,0.0
78.16,-84,-10,-26,-9,18,-5,-10,-23,0.0
78.165,-9,8,-40,38,-28,5,57,125,0.0
78.17,26,-13,13,-9,13,-5,-42,-83,0.0
78.175,14,2,-2,6,11,0,-27,-17,0.0
78.18,75,-14,-9,-8,9,-8,-34,-73,0.0
78.185,72,11,29,-15,-20,-8,-9,-3,0.0
78.19,-62,-22,-42,-26,-22,-1,13,-3,0.0
78.19500000000001,29,21,38,30,10,18,49,81,0.0
78.2,-26,-1,2,-22,-10,0,-3,-48,0.0
78.205,-43,-2,-10,48,52,-13,-26,-41,0.0
78.21000000000001,27,13,-5,-81,-36,-2,9,34,0.0
78.215,-10,-5,12,52,-54,2,0,5,0.0
78.22,-1,7,-2,13,18,3,13,28,0.0
78.22500000000001,19,-5,-18,7,12,-2,-22,-26,0.0
78.23,-37,4,21,20,37,0,-7,1,0.0
78.235,8,-10,-21,-54,-32,-7,2,0,0.0
78.24,-8,-2,-4,-5,-6,-6,5,-11,0.0
78.245,1,-3,-7,-1,-16,1,-5,-10,0.0
78.25,-2,7,1,11,21,4,75,64,0.0
78.255,-17,2,21,6,20,-2,-77,-79,0.0
78.26,46,8,-1,21,-11,2,16,38,0.0
78.265,-7,-10,-37,-59,0,-1,-14,-70,0.0
78.27,-1,-1,-14,-7,-16,-5,4,10,0.0
78.275,-38,-25,-13,-8,8,-1,21,31,0.0
78.28,-7,9,14,16,-2,3,5,4,0.0
78.285,-1,-7,-1,27,-2,0,-36,1,0.0
78.29,-4,4,26,3,2,0,-23,-26,0.0
78.295,16,12,-13,6,-2,-1,17,4,0.0
78.3,0,-2,15,-18,-1,3,-11,45,0.0
78.305,-8,-23,-52,5,-45,-10,10,-2,0.0
78.31,2,3,5,13,-4,-6,-11,-4,0.0
78.315,29,14,7,9,41,4,6,10,0.0
78.32000000000001,5,19,11,-28,-8,-1,19,13,0.0
78.325,5,-9,-7,29,-25,-1,-6,5,0.0
78.33,-24,-20,-5,-17,-7,-5,-18,-19,0.0
78.33500000000001,-5,10,59,20,18,5,15,18,0.0
78.34,18,19,-19,17,24,14,13,4,0.0
78.345,-15,-22,-74,-64,-29,-4,-2,-20,0.0
78.35000000000001,55,9,-17,32,-3,-8,12,16,0.0
78.355,60,7,38,-20,20,15,-49,-13,0.0
78.36,-106,-24,20,44,5,-12,-12,-52,0.0
78.365,103,18,121,4,21,-9,-19,22,0.0
78.37,12,-30,-118,-23,35,23,16,15,0.0
78.375,27,-7,-40,0,-61,-13,33,12,0.0
78.38,20,46,102,19,53,-6,-10,35,0.0
78.385,43,53,45,10,-45,27,35,68,0.0
78.39,-2,-21,-66,-46,-30,-31,-55,-88,0.0
78.395,-51,-8,127,99,65,-2,9,32,0.0
78.4,35,-11,31,-72,-108,4,4,-23,0.0
78.405,42,41,-30,44,127,36,38,24,0.0
78.41,-66,42,-19,26,-69,9,48,52,0.0
78.415,-94,-47,-94,-107,-94,-83,-83,-85,0.0
78.42,45,-45,35,-3,26,-38,-46,-90,0.0
78.425,48,74,59,26,37,21,30,53,0.0
78.43,10,62,57,6,49,29,14,-3,0.0
78.435,72,-31,-15,74,35,38,58,48,0.0
78.44,43,19,-32,-33,-35,1,22,40,0.0
78.44500000000001,-74,-54,-34,-5,-25,-32,-53,-70,0.0
78.45,62,19,0,-64,-6,-18,-17,-50,0.0
78.455,20,36,-22,6,-15,7,-7,6,0.0
78.46000000000001,56,16,-76,-66,-5,3,-35,-18,0.0
78.465,-4,24,-68,21,13,13,22,30,0.0
78.47,27,4,118,34,-3,-3,-5,44,0.0
78.47500000000001,-109,-31,-78,5,-2,-2,3,-78,0.0
78.48,41,2,19,59,93,21,26,19,0.0
78.485,-99,-40,32,-80,-75,-22,-31,-14,0.0
78.49,-32,-46,-29,9,-6,-13,-29,-26,0.0
78.495,60,51,33,-21,12,9,32,51,0.0
78.5,-11,24,14,46,35,13,17,11,0.0
78.505,-35,-48,-63,-24,-8,-18,-10,-20,0.0
78.51,-5,-18,68,9,-11,5,-4,18,0.0
78.515,48,22,27,-27,15,9,17,13,0.0
78.52,-79,-29,-124,-22,-36,-8,-52,-14,0.0
78.525,10,-10,127,33,5,-13,-5,-30,0.0
78.53,5,8,-32,-12,-1,0,5,23,0.0
78.535,-6,-9,-25,-9,7,-4,-11,-21,0.0
78.54,-19,-24,13,21,-26,-5,24,9,0.0
78.545,7,15,15,-5,1,3,0,-3,0.0
78.55,-13,-1,9,37,20,-2,-14,-6,0.0
78.555,9,-6,44,11,-4,-8,12,16,0.0
78.56,-2,-7,-28,23,-16,9,20,15,0.0
78.565,17,5,-16,-13,8,0,1,5,0.0
78.57000000000001,-37,-19,-5,-2,-10,-14,-10,-48,0.0
78.575,19,-9,-12,-44,-1,7,26,19,0.0
78.58,0,15,30,11,-8,-9,-69,-38,0.0
78.58500000000001,-11,-12,-25,42,3,-4,-5,15,0.0
78.59,-2,-6,6,33,6,13,16,2,0.0
78.595,14,9,14,11,9,4,-18,34,0.0
78.60000000000001,-23,-6,-30,-21,-3,-7,8,-11,0.0
78.605,-13,-14,41,20,-6,-9,-3,-3,0.0
78.61,5,3,15,-16,-12,-6,-20,10,0.0
78.615,6,9,16,18,-2,7,11,10,0.0
78.62,-16,-15,-43,-67,-14,0,19,18,0.0
78.625,6,0,1,18,7,-8,-8,-18,0.0
78.63,3,2,0,-11,6,0,17,18,0.0
78.635,-3,3,-8,10,10,3,-10,-21,0.0
78.64,4,-7,13,1,-20,-3,5,1,0.0
78.645,4,1,1,-13,-7,2,5,-15,0.0
78.65,2,-5,11,6,3,3,-7,-6,0.0
78.655,-6,-2,3,-6,-3,-7,-3,6,0.0
78.66,-9,-15,34,11,1,-5,4,-1,0.0
78.665,6,11,26,-16,4,1,-2,-6,0.0
78.67,-1,-5,-35,-23,-2,-5,-3,5,0.0
78.675,-19,-14,0,2,-17,-4,-9,-14,0.0
78.68,-1,12,25,35,8,8,21,19,0.0
78.685,5,-3,-29,-31,-3,3,-5,-16,0.0
78.69,-10,-3,52,13,2,1,-5,-5,0.0
78.69500000000001,11,3,-57,6,1,-4,-4,-5,0.0
78.7,-12,-7,11,13,4,1,4,-1,0.0
78.705,7,12,-7,-10,2,1,5,24,0.0
78.71000000000001,-9,-7,-30,-2,-3,0,-9,-19,0.0
78.715,6,-2,9,10,-1,-7,-3,-2,0.0
78.72,-9,-2,-11,7,8,-3,4,2,0.0
78.72500000000001,-7,-16,-30,-33,-25,-2,-1,-6,0.0
78.73,16,23,77,14,8,4,10,25,0.0
78.735,-15,-21,-68,-12,-4,-4,-8,-40,0.0
78.74,24,5,32,15,11,5,2,13,0.0
78.745,3,-8,-71,-35,-3,-4,50,24,0.0
78.75,-20,16,33,-3,-5,-5,-75,-62,0.0
78.755,40,17,127,61,15,7,3,12,0.0
78.76,27,-15,-109,-56,-23,-9,-2,-7,0.0
78.765,-1,1,13,-20,3,1,-2,-5,0.0
78.77,-42,-28,-83,-13,5,2,26,26,0.0
78.775,13,-11,8,20,1,3,8,41,0.0
78.78,62,65,54,1,-23,-4,-11,-9,0.0
78.785,28,42,-32,14,-1,-1,1,17,0.0
78.79,-43,-60,26,-29,5,-3,-5,-30,0.0
78.795,-75,-26,-63,-48,-4,-16,-21,-10,0.0
78.8,44,17,94,86,-15,9,30,46,0.0
78.805,65,96,127,10,75,37,20,34,0.0
78.81,-64,-21,95,84,-87,-43,-30,-50,0.0
78.815,44,-61,-98,-85,-10,-4,-21,-26,0.0
78.82000000000001,41,16,0,19,-37,8,31,87,0.0
78.825,55,-9,79,-17,21,-18,-28,-89,0.0
78.83,127,88,-18,92,54,32,38,51,0.0
78.83500000000001,-29,9,22,-68,56,13,21,45,0.0
78.84,-112,-102,-101,38,-65,-62,-83,-112,0.0
78.845,58,-12,31,-35,8,16,10,-12,0.0
78.85000000000001,106,29,91,-24,70,4,7,36,0.0
78.855,111,49,-11,9,-111,-23,-2,-11,0.0
78.86,28,7,-82,-80,55,18,9,24,0.0
78.865,19,14,6,26,39,20,23,7,0.0
78.87,-66,-29,-34,-36,55,-3,8,-9,0.0
78.875,-80,-60,1,-27,-46,-36,-63,-77,0.0
78.88,-82,6,95,39,-29,-23,-33,-77,0.0
78.885,34,5,22,44,-5,3,4,6,0.0
78.89,89,30,23,-19,28,32,57,85,0.0
78.895,33,10,43,11,28,30,32,-27,0.0
78.9,-43,-7,40,-8,4,2,-4,7,0.0
78.905,-65,-54,-43,87,-93,-52,-62,-35,0.0
78.91,12,28,-30,-84,-22,5,16,17,0.0
78.915,-28,23,50,6,29,9,13,14,0.0
78.92,35,-6,12,-16,57,24,16,-31,0.0
78.925,-12,-2,-2,36,2,3,0,27,0.0
78.93,42,-2,-60,16,-29,7,5,14,0.0
78.935,-64,-15,7,-7,-8,-35,-39,-53,0.0
78.94,90,17,-14,-30,75,19,24,64,0.0
78.94500000000001,-63,6,-66,19,-86,-1,-4,2,0.0
78.95,-91,-112,-128,-34,-74,-33,-38,-45,0.0
78.955,86,63,47,9,50,24,25,37,0.0
78.96000000000001,-1,40,93,29,20,11,21,7,0.0
78.965,-32,-14,-61,-54,-2,-26,-36,-7,0.0
78.97,1,4,61,-14,2,-2,4,-18,0.0
78.97500000000001,5,13,29,57,-4,10,13,17,0.0
78.98,-8,5,18,3,-4,0,3,-3,0.0
78.985,-6,-11,-14,-28,14,5,1,5,0.0
78.99,-1,10,13,7,-7,-6,-10,-2,0.0
78.995,0,0,-41,1,7,0,10,23,0.0
79.0,-14,2,18,1,-13,-1,-11,-13,0.0
79.005,-6,-19,6,-26,17,0,6,3,0.0
79.01,-7,9,-9,16,-9,-4,-1,20,0.0
79.015,-10,4,6,-10,-15,-6,-6,-40,0.0
79.02,7,-7,-46,-21,-3,9,4,-1,0.0
79.025,-7,-14,10,15,7,2,1,2,0.0
79.03,-2,6,5,45,0,-7,-5,-6,0.0
79.035,5,5,-23,0,2,3,3,18,0.0
79.04,-1,-7,-26,-12,-6,-1,30,19,0.0
79.045,-5,-10,-2,-17,-1,-5,-19,-14,0.0
79.05,-3,7,-19,-28,-7,2,-2,-12,0.0
79.055,-5,3,38,47,1,5,-4,8,0.0
79.06,3,-9,-39,-45,-9,-8,5,2,0.0
79.065,-8,-1,35,66,14,0,6,4,0.0
79.07000000000001,6,4,-8,-33,6,7,0,3,0.0
79.075,-1,-3,-43,-16,0,-3,8,-5,0.0
79.08,-5,-1,-15,-2,-13,-4,-14,-5,0.0
79.08500000000001,-4,-1,32,0,-4,-9,-2,-3,0.0
79.09,1,3,1,28,1,-8,-8,-3,0.0
79.095,2,2,2,-1,4,7,11,20,0.0
79.10000000000001,-8,-4,3,9,-2,-6,-16,-23,0.0
79.105,-2,-8,-25,-18,-5,-2,-4,-3,0.0
79.11,-3,-1,4,-3,-3,5,9,-1,0.0
79.115,6,3,25,-12,1,-1,3,25,0.0
79.12,2,-10,-26,9,-3,0,33,4,0.0
79.125,-15,-5,-10,3,-4,1,-25,-34,0.0
79.13,7,-1,-2,-8,-6,-4,-4,1,0.0
79.135,-7,2,9,-1,-1,-4,-12,-9,0.0
79.14,2,-7,-42,4,-1,0,7,24,0.0
79.145,11,4,21,-6,3,-2,14,17,0.0
79.15,-15,2,44,35,6,1,-3,-7,0.0
79.155,3,-17,-62,-63,-13,-9,0,18,0.0
79.16,-11,6,15,11,-1,-1,1,-33,0.0
79.165,8,1,11,-17,-4,-1,-14,-31,0.0
79.17,6,1,-28,4,-2,-7,-10,-8,0.0
79.175,8,3,7,26,13,13,10,18,0.0
79.18,-4,-4,2,19,3,2,-4,19,0.0
79.185,3,-4,-36,-99,-4,-2,1,-1,0.0
79.19,6,0,48,50,-10,-11,-6,-9,0.0
79.19500000000001,-11,-12,-48,-44,-13,-4,0,-11,0.0
79.2,14,14,76,52,9,3,23,19,0.0
79.205,-10,-11,-40,-29,-4,-3,-77,-46,0.0
79.21000000000001,8,11,-6,4,4,3,2,3,0.0
79.215,13,12,60,97,5,-1,6,29,0.0
79.22,-20,-14,-38,-115,-13,-6,-21,-9,0.0
79.22500000000001,-10,-3,-4,12,-3,3,32,30,0.0
79.23,26,-5,-12,-34,-6,-11,-9,-59,0.0
79.235,-4,4,19,28,5,3,-12,-8,0.0
79.24,36,13,33,45,10,7,7,17,0.0
79.245,-30,-8,-3,17,2,1,-2,-18,0.0
79.25,-19,-9,-15,-43,-5,1,-1,22,0.0
79.255,7,4,18,6,-5,-4,4,-11,0.0
79.26,-2,-2,-16,6,-12,-16,-24,-25,0.0
79.265,12,-2,-21,-8,4,-1,19,23,0.0
79.27,-10,-7,-19,-11,2,4,2,8,0.0
79.275,1,-2,-14,-47,-5,1,-5,-10,0.0
79.28,-3,0,28,2,-1,-3,-6,21,0.0
79.285,20,-3,-64,-27,-7,-1,10,14,0.0
79.29,-8,7,20,8,1,-1,5,16,0.0
79.295,-18,-11,-15,-13,-3,1,-6,-12,0.0
79.3,-3,-3,-7,-7,8,3,-12,3,0.0
79.305,17,18,44,29,-10,-1,16,16,0.0
79.31,-2,-19,-17,2,6,-1,-2,-8,0.0
79.315,4,-1,-23,-13,-9,0,4,4,0.0
79.32000000000001,-36,-19,-16,1,-3,-4,-15,-22,0.0
79.325,11,4,28,22,4,4,8,16,0.0
79.33,-1,5,-3,-18,-5,2,5,7,0.0
79.33500000000001,7,5,8,11,1,-7,-6,-18,0.0
79.34,0,5,0,2,4,-1,-6,-14,0.0
79.345,-31,-20,-5,12,-13,-12,-9,-17,0.0
79.35000000000001,2,2,0,-9,-14,-5,-4,8,0.0
79.355,-4,-2,-8,17,11,8,13,9,0.0
79.36,9,6,-6,-10,2,-6,3,3,0.0
79.365,12,4,6,10,7,8,8,13,0.0
79.37,-21,-8,2,7,-3,-3,-8,-14,0.0
79.375,-10,-4,-1,-4,-2,-6,-4,-5,0.0
79.38,4,-1,-6,-11,-3,-1,-6,-5,0.0
79.385,6,4,4,22,2,-1,0,6,0.0
79.39,5,2,1,-12,-5,-3,-3,1,0.0
79.395,-1,-1,6,-27,-5,10,79,22,0.0
79.4,-13,-10,-24,23,2,-7,-63,-40,0.0
79.405,10,4,14,-8,9,2,17,14,0.0
79.41,-23,-2,13,11,-1,-2,-13,-26,0.0
79.415,14,-5,-2,-14,-10,-5,-3,4,0.0
79.42,-3,-3,-11,-19,-7,1,12,8,0.0
79.425,-5,-4,-5,-6,3,1,2,-5,0.0
79.43,1,3,1,7,5,2,4,11,0.0
79.435,-8,-2,26,39,0,-5,-33,-29,0.0
79.44,4,-1,-9,0,-6,0,8,4,0.0
79.44500000000001,-5,1,12,-9,2,-2,-12,9,0.0
79.45,2,0,-4,-9,1,3,4,-25,0.0
79.455,-10,-2,-7,-11,-4,-5,-14,-1,0.0
79.46000000000001,2,-2,-3,-7,1,2,4,4,0.0
79.465,-6,1,14,7,1,1,9,-3,0.0
79.47,3,-2,-11,10,4,3,9,17,0.0
79.47500000000001,4,3,-12,-6,-2,2,-12,-4,0.0
79.48,-5,-4,12,-11,-10,-5,0,-6,0.0
79.485,-4,-8,-21,-18,-2,-1,3,10,0.0
79.49,2,1,3,10,4,-1,-8,-5,0.0
79.495,-3,-3,-7,-8,-5,-6,-13,10,0.0
79.5,1,0,1,-44,-11,0,7,52,0.0
79.505,2,7,28,18,4,0,7,16,0.0
79.51,0,-4,-13,38,1,2,0,24,0.0
79.515,-2,3,19,22,7,1,-2,-11,0.0
79.52,1,-2,-5,16,-1,-2,2,12,0.0
79.525,0,-2,2,0,-1,-3,-5,-4,0.0
79.53,-2,-1,12,-1,-2,0,-2,-14,0.0
79.535,-2,-2,-8,-18,-6,-2,-3,18,0.0
79.54,1,1,-9,-3,-2,-1,4,-17,0.0
79.545,-2,-4,9,22,4,3,-3,-14,0.0
79.55,-1,-3,-2,-19,1,-5,1,-4,0.0
79.555,-5,-9,-25,-11,-7,-8,-11,-12,0.0
79.56,-2,0,3,2,0,4,3,-8,0.0
79.565,-1,-1,2,1,-7,-3,-5,-9,0.0
79.57000000000001,3,6,4,-12,10,-6,1,9,0.0
79.575,-10,-2,19,25,-19,5,3,-1,0.0
79.58,-10,-5,-3,-4,7,-2,-4,-16,0.0
79.58500000000001,-4,-7,-9,3,0,5,4,10,0.0
79.59,4,1,2,-6,-6,-4,-7,0,0.0
79.595,8,2,-15,-17,12,-10,-4,-7,0.0
79.60000000000001,1,3,0,-4,13,10,7,-5,0.0
79.605,-8,-5,-19,-2,-36,-10,-4,1,0.0
79.61,-1,-4,-6,-16,-4,-4,0,-6,0.0
79.615,10,17,59,63,14,4,2,0,0.0
79.62,13,-2,-56,-55,3,0,-2,0,0.0
79.625,-36,-24,-47,-59,-11,-17,-15,-19,0.0
79.63,-8,-9,11,13,-9,1,0,-4,0.0
79.635,3,-1,-4,-5,-2,5,0,6,0.0
79.64,24,11,40,46,5,-4,3,1,0.0
79.645,6,13,16,20,11,6,3,8,0.0
79.65,-16,-12,-35,-38,-10,-6,-2,0,0.0
79.655,2,-4,5,10,2,5,3,6,0.0
79.66,10,0,6,26,-8,-2,2,-12,0.0
79.665,17,13,35,-8,7,3,6,6,0.0
79.67,-8,-9,-42,-6,-40,-18,-24,-19,0.0
79.675,-86,-31,-17,-53,3,-4,-15,-19,0.0
79.68,5,-1,-31,11,-1,-6,1,2,0.0
79.685,19,11,63,12,13,6,8,-4,0.0
79.69,13,0,-75,25,18,10,10,7,0.0
79.69500000000001,9,0,17,-46,14,6,3,8,0.0
79.7,-4,0,0,8,-25,0,-2,-2,0.0
79.705,-22,-4,32,26,-3,-11,-12,-19,0.0
79.71000000000001,11,17,13,35,5,8,7,15,0.0
79.715,14,-5,-41,-75,-16,-7,54,54,0.0
79.72,-15,-13,-2,-4,4,-6,-9,-78,0.0
79.72500000000001,8,5,-18,-7,5,3,-22,-34,0.0
79.73,-4,5,45,6,-1,1,82,32,0.0
79.735,20,10,20,80,13,5,-49,39,0.0
79.74,20,16,61,17,17,24,119,127,0.0
79.745,-35,-29,-81,-82,-35,-39,-105,-104,0.0
79.75,-20,-26,-61,-85,-15,-16,-29,-10,0.0
79.755,12,4,-7,12,-2,-1,32,66,0.0
79.76,-7,12,33,33,-1,2,14,18,0.0
79.765,15,20,46,127,27,17,50,65,0.0
79.77,-4,-13,-6,-96,-6,-2,-13,8,0.0
79.775,1,-15,-21,-47,-19,-11,-21,-33,0.0
79.78,-9,-1,-21,6,1,-5,-42,-21,0.0
79.785,6,-2,0,0,10,10,25,2,0.0
79.79,2,8,35,80,-5,3,-22,-24,0.0
79.795,0,1,-2,12,-5,-4,-1,-33,0.0
79.8,-11,-5,18,-12,4,-5,-20,-27,0.0
79.805,0,-4,-48,-23,-3,-2,4,18,0.0
79.81,9,9,38,30,17,11,8,14,0.0
79.815,4,8,9,25,17,2,49,-6,0.0
79.82000000000001,-1,5,50,-26,-12,-4,-57,-16,0.0
79.825,-7,-18,-90,-3,-6,0,10,18,0.0
79.83,7,-6,88,-9,-8,-6,-12,-4,0.0
79.83500000000001,29,-2,-60,-41,1,-3,-4,-83,0.0
79.84,58,27,0,-5,20,13,16,32,0.0
79.845,-79,5,76,-7,27,9,6,-9,0.0
79.85000000000001,-41,-50,-76,23,-52,-23,-22,-67,0.0
79.855,-23,-14,65,13,27,-11,-37,-7,0.0
79.86,26,9,75,21,-10,9,10,32,0.0
79.865,-1,0,-66,0,59,7,-5,-42,0.0
79.87,70,50,73,-19,-58,1,35,77,0.0
79.875,47,22,-16,15,53,3,-19,-4,0.0
79.88,-126,-52,37,50,-36,-2,-15,-50,0.0
79.885,17,17,85,11,-46,1,15,22,0.0
79.89,-34,-44,-64,-80,95,9,12,85,0.0
79.895,47,72,51,71,1,37,94,-77,0.0
79.9,29,-29,-114,-24,-23,-29,-19,-2,0.0
79.905,60,32,89,43,-5,-3,-5,64,0.0
79.91,23,22,93,61,112,45,2,22,0.0
79.915,-79,-85,-70,-118,-56,-46,-14,62,0.0
79.92,52,32,19,-8,34,-4,-27,-69,0.0
79.925,-66,-32,-38,-31,51,-2,7,-48,0.0
79.93,-27,-17,-3,19,-74,-21,-9,47,0.0
79.935,12,41,70,78,-24,35,17,66,0.0
79.94,52,-14,94,22,88,38,15,-13,0.0
79.94500000000001,57,-56,-128,-125,-65,-63,-36,-16,0.0
79.95,0,40,40,21,40,1,-16,-57,0.0
79.955,8,13,68,-14,94,26,-2,-40,0.0
79.96000000000001,-128,-58,-128,-32,-86,-35,-15,94,0.0
79.965,40,22,127,27,25,37,30,-4,0.0
79.97,-1,2,-17,8,-4,-8,0,-45,0.0
79.97500000000001,8,-18,5,18,-71,-23,-34,-15,0.0
79.98,30,32,18,-26,32,14,27,32,0.0
79.985,-12,1,-36,6,-10,4,12,14,0.0
79.99,-16,-18,-31,-13,-52,-20,-16,-26,0.0
79.995,7,6,2,-10,12,-3,0,25,0.0
80.0,-7,10,-7,11,-4,-1,-21,-57,0.0
80.005,-29,-16,-39,26,-43,-9,-13,-7,0.0
80.01,19,10,27,-16,28,3,9,-8,0.0
80.015,-3,-1,-39,20,-11,-3,-11,6,0.0
80.02,-13,-9,-33,-31,-21,-14,11,2,0.0
80.025,14,8,4,10,15,4,68,24,0.0
80.03,11,12,1,7,10,5,-71,-90,0.0
80.035,-17,-8,-1,63,-6,-11,-15,1,0.0
80.04,-4,-5,-21,-9,-17,-11,1,-9,0.0
80.045,7,4,4,-48,9,7,3,23,0.0
80.05,18,9,13,30,10,10,31,24,0.0
80.055,-23,-27,-55,-85,-42,-12,-17,-12,0.0
80.06,17,12,40,54,20,0,-22,-13,0.0
80.065,8,2,16,11,-9,-3,-11,3,0.0
80.07000000000001,-11,-3,-6,-7,-7,3,42,-2,0.0
80.075,-1,1,18,5,8,-3,-54,-5,0.0
80.08,6,4,-21,-36,4,-7,9,-23,0.0
80.08500000000001,-2,2,1,16,0,-1,-13,7,0.0
80.09,-9,-9,-13,28,-10,-4,-2,0,0.0
80.095,8,4,2,-1,17,10,31,17,0.0
80.10000000000001,-4,3,-2,4,6,3,9,44,0.0
80.105,-8,0,16,55,2,1,-8,10,0.0
80.11,-2,-8,-44,-72,-10,-7,-12,-37,0.0
80.115,-1,2,1,-32,-14,-9,2,14,0.0
80.12,-9,-5,-6,-9,-11,-6,-16,-15,0.0
80.125,4,-2,-10,-11,-4,-1,0,0,0.0
80.13,4,6,10,15,5,8,13,28,0.0
80.135,2,-5,-12,12,0,-4,-7,-11,0.0
80.14,-1,-1,-1,-2,0,-1,-2,-13,0.0
80.145,-1,-1,-8,-14,-3,0,-5,-7,0.0
80.15,-6,-1,-6,0,1,-1,-4,1,0.0
80.155,-7,-6,-10,5,-6,-4,-11,-16,0.0
80.16,0,2,5,-3,5,-2,9,3,0.0
80.165,2,2,8,-11,-3,-1,3,6,0.0
80.17,0,-2,-6,-2,-6,-4,-6,7,0.0
80.175,-4,-2,0,-3,-2,-11,-6,-14,0.0
80.18,0,-5,-8,4,18,5,4,2,0.0
80.185,0,0,-1,-2,-17,0,-4,0,0.0
80.19,-1,-4,-13,0,-4,-6,-3,-1,0.0
80.19500000000001,-3,-1,13,7,0,3,2,-7,0.0
80.2,-4,-1,-25,-9,-8,-3,0,-4,0.0
80.205,0,-3,-4,-2,7,-1,-8,-4,0.0
80.21000000000001,-1,-3,0,4,-3,-3,2,3,0.0
80.215,-2,-1,-12,-5,-4,-2,-2,-4,0.0
80.22,-2,-1,3,-14,-4,1,1,2,0.0
80.22500000000001,0,-1,-1,15,1,0,-1,3,0.0
80.23,-2,0,-8,-3,-3,-5,-1,-4,0.0
80.235,-3,0,-8,-2,-2,-1,-2,-1,0.0
80.24,-4,-1,2,7,-3,1,2,-1,0.0
80.245,-7,-1,1,-10,2,-6,-6,-1,0.0
80.25,3,0,5,-2,-4,-8,-3,1,0.0
80.255,-4,-3,2,13,4,3,3,-2,0.0
80.26,1,-4,3,-4,-5,3,0,-2,0.0
80.265,-1,2,-1,-20,-3,-2,1,11,0.0
80.27,-4,2,14,26,3,-6,-9,-15,0.0
80.275,-3,-5,-32,-18,-2,0,-6,-36,0.0
80.28,2,0,5,21,-12,2,3,11,0.0
80.285,-8,-3,24,15,9,3,1,11,0.0
80.29,-5,-7,-43,-40,-8,-3,-5,1,0.0
80.295,2,2,9,-7,3,-1,7,16,0.0
80.3,-2,0,15,1,5,-6,-4,-1,0.0
80.305,4,-1,-15,-3,-10,0,6,12,0.0
80.31,4,3,14,13,0,1,-9,3,0.0
80.315,-6,-3,4,13,-1,-1,-9,-66,0.0
80.32000000000001,-9,-6,-9,-15,0,-3,1,11,0.0
80.325,2,-2,-14,-3,4,-3,0,-7,0.0
80.33,-4,-4,-7,-4,0,-1,4,0,0.0
80.33500000000001,3,-1,-3,-9,-2,-4,-3,16,0.0
80.34,4,3,8,16,-6,-5,2,19,0.0
80.345,-5,-1,-3,-5,-1,-5,-16,-84,0.0
80.35000000000001,0,-2,4,3,-1,4,4,5,0.0
80.355,1,5,7,0,0,3,1,17,0.0
80.36,-5,-7,-18,-15,-8,-6,-5,1,0.0
80.365,-3,-3,-7,-11,-2,3,-1,16,0.0
80.37,-1,2,6,5,5,3,5,8,0.0
80.375,3,0,-13,0,0,-1,0,6,0.0
80.38,-1,-1,7,9,3,-4,-5,-15,0.0
80.385,0,-3,-7,2,-1,-2,-3,2,0.0
80.39,3,7,11,2,3,8,5,-5,0.0
80.395,-5,-6,8,-2,-8,-2,0,13,0.0
80.4,1,-1,-6,-11,-2,-6,-4,-12,0.0
80.405,1,0,-1,-12,-2,-2,-3,3,0.0
80.41,-1,-1,3,1,-2,-8,-3,5,0.0
80.415,-1,-2,-1,6,0,6,7,5,0.0
80.42,0,-2,-8,-1,3,-1,1,-4,0.0
80.425,1,-1,3,6,0,-3,0,0,0.0
80.43,-2,-3,2,-6,2,-2,-3,-3,0.0
80.435,-2,-3,-9,0,-6,1,-2,1,0.0
80.44,-2,-5,-5,-18,-13,-1,-1,-10,0.0
80.44500000000001,1,4,-2,-5,6,-2,6,11,0.0
80.45,-2,-2,4,2,-3,-2,-2,-2,0.0
80.455,-4,-5,-1,3,0,-4,-5,0,0.0
80.46000000000001,1,-1,-13,-16,0,2,0,0,0.0
80.465,0,-1,4,9,-3,5,-2,0,0.0
80.47,-1,-3,-7,-6,1,-2,1,2,0.0
80.47500000000001,-2,-4,3,5,1,-3,-3,0,0.0
80.48,-1,-2,-3,1,-1,0,-4,-5,0.0
80.485,-1,-3,-4,-3,-1,-3,0,0,0.0
80.49,1,-1,0,4,-3,0,-3,-1,0.0
80.495,0,1,-4,-5,2,-1,0,1,0.0
80.5,-1,1,4,14,-9,-9,-2,-4,0.0
80.505,-1,1,-5,3,-1,-1,-5,0,0.0
80.51,-1,-4,-2,2,-4,-5,3,-1,0.0
80.515,0,0,-6,-7,11,17,1,1,0.0
80.52,-2,1,6,5,-10,-1,-2,-2,0.0
80.525,-1,-1,-2,4,0,-4,-2,-1,0.0
80.53,-1,-1,8,-16,-1,-2,-3,-1,0.0
80.535,1,1,-1,9,-8,-7,3,0,0.0
80.54,0,2,3,-1,5,-1,-2,-4,0.0
80.545,0,-2,-9,-9,-6,8,3,23,0.0
80.55,-6,-7,-12,-2,1,-4,-5,-31,0.0
80.555,0,3,18,3,4,-4,1,4,0.0
80.56,2,-3,-2,-8,11,4,-1,0,0.0
80.565,5,1,10,-5,-8,-2,0,5,0.0
80.57000000000001,6,4,8,22,-6,-3,-6,6,0.0
80.575,-11,-12,-5,-16,10,-3,1,-4,0.0
80.58,-17,-12,-25,-8,-23,-2,0,-4,0.0
80.58500000000001,6,0,11,11,6,0,-1,-7,0.0
80.59,-2,1,-4,-14,-1,-1,3,5,0.0
80.595,-10,-9,-4,-18,-1,-1,-7,-9,0.0
80.60000000000001,19,10,15,22,17,5,4,9,0.0
80.605,21,6,-5,-32,14,0,2,3,0.0
80.61,9,7,21,36,-15,7,8,3,0.0
80.615,-14,4,-20,37,-13,-11,-4,-1,0.0
80.62,-87,-41,-24,-36,-1,-14,-19,-28,0.0
80.625,22,7,14,-10,-6,3,-3,-24,0.0
80.63,3,1,-1,-23,-10,-3,-3,49,0.0
80.635,6,19,82,23,35,19,10,25,0.0
80.64,38,3,-24,51,-44,-23,-6,-19,0.0
80.645,7,3,-67,-57,23,5,-1,2,0.0
80.65,18,20,68,63,12,12,6,-24,0.0
80.655,-76,-42,-88,-113,-16,-10,0,-4,0.0
80.66,-11,-10,-82,-6,18,10,4,3,0.0
80.665,23,16,69,98,12,-12,-15,25,0.0
80.67,-17,-23,-66,-86,-58,-6,7,34,0.0
80.675,56,39,113,73,39,-4,-20,-67,0.0
80.68,29,24,35,-19,36,26,19,-30,0.0
80.685,-24,-40,-74,-51,-34,-20,2,79,0.0
80.69,-102,-43,-51,-72,-29,-28,-25,-69,0.0
80.69500000000001,37,-2,36,113,-28,-13,-5,3,0.0
80.7,53,39,-18,69,87,22,13,64,0.0
80.705,93,51,126,62,7,14,17,-27,0.0
80.71000000000001,70,-6,-58,30,-23,2,14,23,0.0
80.715,-95,-82,-1,0,-13,-6,-7,-32,0.0
80.72,21,-40,-11,-57,-51,-22,-15,-43,0.0
80.72500000000001,7,-3,-51,47,20,8,27,71,0.0
80.73,-10,24,111,121,26,9,-25,-63,0.0
80.735,81,59,49,-77,25,24,29,75,0.0
80.74,26,1,-80,-2,-6,15,30,6,0.0
80.745,-10,-26,-13,-65,12,-6,21,12,0.0
80.75,49,-8,-45,45,-29,-23,-38,-54,0.0
80.755,-103,-7,2,113,-63,-44,-80,-53,0.0
80.76,48,5,-30,-27,-16,-13,-29,32,0.0
80.765,26,-9,74,-25,25,23,20,-54,0.0
80.77,59,26,118,46,127,65,62,75,0.0
80.775,127,70,-30,-40,-74,-10,12,-16,0.0
80.78,-113,-87,-52,-51,1,-41,-45,-40,0.0
80.785,61,90,89,-21,11,31,-8,-31,0.0
80.79,-55,-28,-115,45,67,-5,-1,9,0.0
80.795,30,-9,74,-54,75,-1,-18,1,0.0
80.8,14,35,-5,13,37,14,33,36,0.0
80.805,-48,-73,-7,-39,12,-26,-51,-22,0.0
80.81,14,19,79,-35,-18,2,6,8,0.0
80.815,-24,18,-34,35,-13,11,26,16,0.0
80.82000000000001,-20,29,76,22,-12,7,17,2,0.0
80.825,-103,-40,-76,25,-46,-6,-17,-44,0.0
80.83,-2,22,-31,-38,-49,-2,5,34,0.0
80.83500000000001,-13,-26,-47,-80,-4,-7,-2,-11,0.0
80.84,100,39,104,83,24,14,0,24,0.0
80.845,-98,-23,-42,17,-27,-15,-4,-17,0.0
80.85000000000001,-13,-19,-12,-25,-23,-20,-13,-6,0.0
80.855,12,-10,-45,-47,16,7,8,1,0.0
80.86,12,6,33,-17,-7,4,-1,-3,0.0
80.865,19,9,-19,36,-21,-2,4,3,0.0
80.87,-8,-4,-5,-38,6,-8,-8,-13,0.0
80.875,-5,-17,-44,-24,3,-6,2,2,0.0
80.88,-2,6,24,1,-29,-1,3,12,0.0
80.885,-7,0,-2,0,0,-10,22,19,0.0
80.89,-8,4,38,43,8,7,-14,-21,0.0
80.895,21,-5,-32,-35,-12,0,1,22,0.0
80.9,-35,-15,-18,-52,-22,-9,3,-9,0.0
80.905,3,3,-20,2,9,2,2,34,0.0
80.91,9,-1,-8,-18,4,-10,-8,-35,0.0
80.915,1,3,28,60,3,9,7,5,0.0
80.92,-27,-13,-12,7,-9,-10,-3,-7,0.0
80.925,17,1,-1,14,-11,-6,-16,-9,0.0
80.93,11,1,-21,-28,-15,-6,46,37,0.0
80.935,-2,-17,-23,3,4,0,-58,-48,0.0
80.94,-11,0,19,-25,4,5,-2,-3,0.0
80.94500000000001,18,7,0,30,0,-13,-4,-10,0.0
80.95,-14,-2,8,39,-1,7,-8,1,0.0
80.955,-2,3,-6,-21,2,1,32,17,0.0
80.96000000000001,-6,-7,6,-13,-8,-3,-10,-3,0.0
80.965,-4,-5,-18,0,-12,-7,-21,-5,0.0
80.97,6,3,-2,-30,1,0,6,39,0.0
80.97500000000001,-2,5,27,47,9,8,6,-35,0.0
80.98,0,-6,-8,5,-1,3,-6,-5,0.0
80.985,-2,1,4,-15,1,0,2,-2,0.0
80.99,-2,-3,13,31,2,-4,-10,-14,0.0
80.995,4,-2,-2,1,-7,3,9,27,0.0
81.0,-4,-2,3,-3,-8,-7,-5,-8,0.0
81.005,-3,0,-11,-18,2,-8,5,-15,0.0
81.01,0,0,-10,-22,1,12,-6,3,0.0
81.015,-5,-8,-22,-17,-9,-6,2,2,0.0
81.02,-3,7,16,26,5,1,2,-11,0.0
81.025,-3,1,20,14,2,3,1,5,0.0
81.03,-1,-5,-22,-28,-7,-7,-11,-10,0.0
81.035,12,0,0,4,-1,0,3,12,0.0
81.04,10,10,11,21,9,-3,2,7,0.0
81.045,-47,-23,-24,-2,-6,1,-7,-20,0.0
81.05,0,-2,-7,-34,-6,-3,-2,-8,0.0
81.055,-4,1,8,19,3,1,8,8,0.0
81.06,6,-4,-2,-7,0,-3,-5,2,0.0
81.065,16,10,5,14,-5,0,-5,-8,0.0
81.07000000000001,-5,-5,-7,-20,-5,-3,-3,-5,0.0
81.075,2,-1,11,16,0,-1,1,15,0.0
81.08,-4,11,4,-16,-1,-4,0,-2,0.0
81.08500000000001,2,0,3,-3,6,5,1,-4,0.0
81.09,-4,-5,-12,3,-2,-3,-3,-1,0.0
81.095,13,3,-7,1,1,1,2,4,0.0
81.10000000000001,1,7,20,-4,-3,1,-6,-2,0.0
81.105,-24,-15,-5,14,-7,-3,-7,-7,0.0
81.11,8,1,1,3,-6,-5,0,-4,0.0
81.115,-7,-3,-13,-4,4,4,3,15,0.0
81.12,2,-4,0,2,-4,0,1,4,0.0
81.125,-1,6,-4,-24,1,2,-5,-24,0.0
81.13,3,5,12,15,-1,-10,-4,1,0.0
81.135,-8,-2,-9,0,-3,-3,4,1,0.0
81.14,0,0,7,4,0,7,4,2,0.0
81.145,11,1,2,7,3,-1,0,10,0.0
81.15,-6,-2,5,13,2,1,0,-4,0.0
81.155,9,-2,-5,3,-1,-2,-3,-5,0.0
81.16,-13,-15,-45,-64,-10,-6,-6,5,0.0
81.165,1,7,0,-8,-3,2,1,-4,0.0
81.17,-4,-10,6,22,3,-1,-2,-5,0.0
81.175,3,3,21,-12,0,0,0,5,0.0
81.18,-5,-7,6,17,0,0,-2,-7,0.0
81.185,1,3,-27,4,-2,-5,-3,6,0.0
81.19,12,8,10,-12,0,1,1,7,0.0
81.19500000000001,-26,-3,4,11,2,1,0,-14,0.0
81.2,-19,-11,-11,-7,-9,-1,-4,-10,0.0
81.205,4,8,18,-8,-2,-3,6,7,0.0
81.21000000000001,24,1,-4,0,1,7,5,10,0.0
81.215,-27,1,-4,-9,-2,-3,-4,-22,0.0
81.22,-7,-11,-14,23,-2,-9,-8,-9,0.0
81.22500000000001,3,-8,-30,-42,9,9,2,-1,0.0
81.23,-8,0,12,-4,-4,-21,1,1,0.0
81.235,7,-8,-21,-33,-17,9,-4,-3,0.0
81.24,2,4,21,29,3,0,0,1,0.0
81.245,-1,0,11,6,2,-4,-2,12,0.0
81.25,-18,-4,-19,-18,4,9,1,-15,0.0
81.255,2,1,-7,-6,-1,-9,-3,1,0.0
81.26,-7,-1,6,9,0,-9,0,13,0.0
81.265,3,-3,13,9,3,8,6,4,0.0
81.27,16,0,-18,-1,3,-6,-6,-1,0.0
81.275,-4,-4,0,-3,-3,-1,0,4,0.0
81.28,19,9,3,2,-8,3,-1,0,0.0
81.285,8,2,19,-2,-1,-9,-3,-4,0.0
81.29,-25,-11,-32,0,-5,3,-5,-7,0.0
81.295,13,5,8,1,11,3,7,8,0.0
81.3,0,-6,6,0,-4,-3,-4,-9,0.0
81.305,5,1,7,-2,-9,-5,-5,-3,0.0
81.31,5,8,11,-3,4,6,2,-1,0.0
81.315,0,-8,0,5,-2,-8,0,9,0.0
81.32000000000001,3,3,11,4,-1,-3,2,-5,0.0
81.325,-6,-3,1,20,-3,-1,-7,-6,0.0
81.33,-3,-4,-20,-38,-10,-9,-5,-1,0.0
81.33500000000001,4,2,-4,0,7,4,3,3,0.0
81.34,-4,1,4,1,7,1,-1,-1,0.0
81.345,7,1,4,1,3,-3,-4,-5,0.0
81.35000000000001,-6,-7,-5,14,-21,2,1,0,0.0
81.355,2,5,29,2,0,-3,3,3,0.0
81.36,6,7,-48,3,2,4,4,2,0.0
81.365,-5,-3,49,9,-1,-4,-5,-5,0.0
81.37,-30,-25,-76,-4,-6,-8,-16,-13,0.0
81.375,6,1,18,-15,-6,-2,-2,-2,0.0
81.38,0,2,-9,-2,-2,5,3,-1,0.0
81.385,6,5,9,1,7,12,14,10,0.0
81.39,6,6,32,18,4,-1,2,6,0.0
81.395,-5,-5,-1,9,-4,-4,-4,-5,0.0
81.4,-1,0,1,-4,1,4,-2,3,0.0
81.405,-2,-6,-31,-4,-10,-7,-6,-7,0.0
81.41,1,-1,20,-8,0,3,-2,-1,0.0
81.415,0,-3,-21,5,-5,-5,-1,1,0.0
81.42,0,0,28,7,11,7,0,-2,0.0
81.425,-5,-2,0,20,-6,-5,3,0,0.0
81.43,3,3,4,-42,8,3,-1,-1,0.0
81.435,21,17,51,44,8,0,0,14,0.0
81.44,1,-12,-23,-1,-17,-9,-2,-25,0.0
81.44500000000001,-65,-39,-86,-105,-26,-15,-17,-15,0.0
81.45,-4,4,17,-10,6,6,3,6,0.0
81.455,7,8,14,15,8,6,6,-7,0.0
81.46000000000001,9,12,25,-2,9,-8,-10,-1,0.0
81.465,26,5,7,99,8,8,2,-4,0.0
81.47,22,3,-17,-38,15,0,4,-7,0.0
81.47500000000001,52,18,37,-10,34,18,24,48,0.0
81.48,27,39,-39,7,-74,-9,12,13,0.0
81.485,-84,-69,-10,-7,-42,-35,-55,-78,0.0
81.49,18,-5,51,34,34,2,0,20,0.0
81.495,70,43,51,-4,15,22,7,-17,0.0
81.5,12,40,-45,13,-9,4,67,30,0.0
81.505,-47,-20,100,-89,72,-11,-78,-45,0.0
81.51,48,50,95,89,-63,9,6,-13,0.0
81.515,-12,-65,-71,-122,64,-9,-9,-1,0.0
81.52,39,14,-8,10,-59,0,19,59,0.0
81.525,-65,-49,-8,60,-16,-3,-16,-40,0.0
81.53,65,20,21,29,113,15,18,29,0.0
81.535,71,45,100,45,43,13,-2,16,0.0
81.54,63,38,-94,10,-84,-17,-4,-73,0.0
81.545,16,-1,-45,-10,51,1,7,32,0.0
81.55,-81,-118,95,-35,-123,-64,-77,2,0.0
81.555,3,-22,-128,-54,-3,-38,-39,-53,0.0
81.56,79,60,127,54,99,44,25,14,0.0
81.565,-31,58,3,-43,82,25,33,29,0.0
81.57000000000001,29,29,-7,35,-54,8,38,31,0.0
81.575,24,29,-66,25,-100,-14,39,48,0.0
81.58,-128,-90,106,-18,31,-33,-93,-85,0.0
81.58500000000001,127,68,75,8,9,28,52,40,0.0
81.59,-22,-6,-91,-23,30,3,9,-10,0.0
81.595,-61,-27,8,23,-35,-10,-13,-13,0.0
81.60000000000001,-18,-4,-9,-35,13,10,-8,11,0.0
81.605,10,-8,-35,-6,-39,-12,10,5,0.0
81.61,-18,4,-19,-20,-2,1,5,-24,0.0
81.615,-35,-4,10,21,-18,-5,-14,-13,0.0
81.62,-16,-28,-21,-24,31,-1,-11,-1,0.0
81.625,19,4,-8,12,-33,-1,0,12,0.0
81.63,1,9,-20,-5,5,7,-2,-4,0.0
81.635,-26,0,-13,-7,5,1,0,-6,0.0
81.64,-25,-39,35,0,13,-4,-8,7,0.0
81.645,28,4,-9,6,-23,1,16,16,0.0
81.65,-4,18,-4,17,14,5,-3,0,0.0
81.655,-36,-25,-4,-39,-7,-2,-4,-14,0.0
81.66,7,-13,-14,-1,5,-3,-2,12,0.0
81.665,23,21,31,29,-14,12,9,-5,0.0
81.67,4,-9,-49,-1,11,-12,-5,-19,0.0
81.675,-23,-15,-13,-62,-10,-8,-8,-7,0.0
81.68,3,-4,18,36,11,11,2,7,0.0
81.685,18,9,-41,-25,-7,-3,9,14,0.0
81.69,-6,-1,28,-13,3,0,-2,0,0.0
81.69500000000001,-14,-5,-21,1,-10,-3,-1,-4,0.0
81.7,2,-4,-15,-13,11,3,39,28,0.0
81.705,0,-7,-14,-75,-23,-13,-16,39,0.0
81.71000000000001,16,-9,-29,3,-1,-1,0,-32,0.0
81.715,3,4,28,52,2,-1,-23,-9,0.0
81.72,-2,-4,-7,-32,6,0,-3,-2,0.0
81.72500000000001,7,-2,23,82,1,3,12,20,0.0
81.73,-8,-2,-9,-34,-1,-4,-3,6,0.0
81.735,-2,2,-5,34,4,6,12,4,0.0
81.74,-13,-16,-13,-26,-3,-7,-11,0,0.0
81.745,3,-2,-12,-9,-9,0,-1,-14,0.0
81.75,-2,11,15,-5,3,4,-6,-1,0.0
81.755,-7,-6,16,39,3,-5,6,-7,0.0
81.76,-8,-5,-1,-4,-6,5,-15,-9,0.0
81.765,7,1,-3,-30,-6,-7,-4,-13,0.0
81.77,-2,3,14,15,11,-9,15,4,0.0
81.775,-6,-3,2,10,3,16,2,9,0.0
81.78,-2,-5,-10,-20,-6,-10,-8,-6,0.0
81.785,4,1,-9,14,-14,0,1,-9,0.0
81.79,-5,2,15,6,1,7,1,5,0.0
81.795,-6,-4,-12,-35,1,-8,-5,-2,0.0
81.8,-1,-2,-3,4,3,-1,-14,-7,0.0
81.805,3,1,10,24,-2,7,10,-4,0.0
81.81,-7,-1,-6,1,6,9,-1,-1,0.0
81.815,-3,-4,1,-1,-11,-12,-5,-2,0.0
81.82000000000001,1,2,16,14,12,1,1,-3,0.0
81.825,2,-1,0,-11,-7,-2,-4,0,0.0
81.83,-1,-1,-7,-8,-13,-16,-1,0,0.0
81.83500000000001,-4,-1,0,-2,9,19,4,-2,0.0
81.84,-3,-4,0,0,1,-8,0,0,0.0
81.845,2,-1,-6,18,9,-4,-2,-2,0.0
81.85000000000001,-2,-3,-18,-12,-8,-5,-12,-7,0.0
81.855,-3,1,8,5,2,3,6,-2,0.0
81.86,-6,-2,3,8,-7,-4,-5,-4,0.0
81.865,4,1,2,4,5,11,4,6,0.0
81.87,-8,-1,2,-10,0,-7,2,2,0.0
81.875,-2,-3,-4,1,-6,-1,-2,-3,0.0
81.88,-2,-3,17,36,4,3,-3,-3,0.0
81.885,-3,-4,-27,-53,-6,-5,-1,-5,0.0
81.89,1,1,11,11,-1,2,-4,5,0.0
81.895,1,5,7,6,2,0,5,1,0.0
81.9,-1,-2,-17,0,-5,-1,1,2,0.0
81.905,1,0,11,11,1,-4,-1,15,0.0
81.91,-3,-1,-3,-5,0,4,-4,-9,0.0
81.915,-1,-1,4,-7,-2,-3,-5,-1,0.0
81.92,0,4,32,13,-3,-2,0,-2,0.0
81.925,1,-3,-25,-3,5,-4,2,-1,0.0
81.93,-3,-3,-1,-9,4,10,-1,-1,0.0
81.935,-5,-2,-8,1,6,-2,-3,-5,0.0
81.94,2,2,-9,-24,-19,-5,0,6,0.0
81.94500000000001,-2,1,17,19,-4,3,3,-6,0.0
81.95,-2,-4,-16,3,2,-4,-1,-2,0.0
81.955,0,-3,10,16,3,-1,-4,-3,0.0
81.96000000000001,-2,1,-12,-12,12,3,0,-3,0.0
81.965,-2,0,-8,11,3,-5,-3,-6,0.0
81.97,1,0,1,15,-9,0,-1,-2,0.0
81.97500000000001,-5,-8,-15,-6,-8,-9,-9,0,0.0
81.98,-2,-3,-20,-3,1,2,1,-3,0.0
81.985,1,10,40,-1,-1,-3,-4,-4,0.0
81.99,1,-5,-1,-4,6,5,3,3,0.0
81.995,-3,2,0,18,-8,-8,-5,-1,0.0
82.0,-2,-3,-24,-38,-12,-4,-2,-4,0.0
82.005,1,-2,8,12,8,7,5,-2,0.0
82.01,-2,2,4,-3,3,2,-2,-1,0.0
82.015,1,-3,-7,-30,-7,-2,0,-1,0.0
82.02,-1,-4,-1,-7,-5,-6,-4,-1,0.0
82.025,2,0,0,13,-1,-2,-2,1,0.0
82.03,-2,0,6,-8,-5,-4,-3,-2,0.0
82.035,3,1,4,23,2,2,8,17,0.0
82.04,4,3,-5,1,8,1,2,-3,0.0
82.045,-3,-4,5,-6,-4,-3,-2,0,0.0
82.05,-13,-7,-23,-38,-4,-3,-7,-16,0.0
82.055,3,0,7,11,-7,-9,-2,4,0.0
82.06,-7,-3,-5,-8,1,5,-2,1,0.0
82.065,2,3,16,18,0,-1,4,3,0.0
82.07000000000001,4,4,44,35,1,4,2,5,0.0
82.075,-10,-17,-92,-38,-16,-5,-6,-12,0.0
82.08,-5,0,17,10,-1,-6,-4,-1,0.0
82.08500000000001,11,-4,-11,-1,3,2,-1,-6,0.0
82.09,0,6,12,-4,4,3,1,5,0.0
82.095,1,3,26,27,7,1,0,-4,0.0
82.10000000000001,0,-8,-11,-9,-8,7,-8,-4,0.0
82.105,-6,0,-6,-15,2,-1,1,3,0.0
82.11,3,1,2,6,3,0,3,1,0.0
82.115,1,1,26,-15,-8,0,-2,-3,0.0
82.12,-3,-1,-20,-13,2,-1,-2,-2,0.0
82.125,0,4,-1,7,2,1,3,-1,0.0
82.13,14,2,32,3,2,0,3,6,0.0
82.135,21,10,-22,-13,-2,-5,1,5,0.0
82.14,113,50,47,7,76,14,13,25,0.0
82.145,-24,-25,-12,59,-82,-7,-2,-9,0.0
82.15,-70,-68,-1,-51,86,7,-16,-36,0.0
82.155,91,18,-2,44,-106,-11,19,36,0.0
82.16,-41,41,39,15,78,9,-4,-22,0.0
82.165,-38,-63,-39,-14,85,4,-22,-45,0.0
82.17,94,26,-41,-26,-105,-28,-17,-8,0.0
82.175,-128,-75,-8,57,-20,-10,-6,-31,0.0
82.18,-50,-69,51,13,-84,-17,-24,7,0.0
82.185,84,54,61,29,85,26,25,31,0.0
82.19,-16,58,35,53,-11,-7,-7,-18,0.0
82.19500000000001,100,2,-48,-123,40,-1,38,34,0.0
82.2,2,-5,16,91,36,4,-42,12,0.0
82.205,20,28,88,-65,-56,3,36,25,0.0
82.21000000000001,97,26,89,127,-84,1,19,12,0.0
82.215,74,79,104,112,46,10,-6,-9,0.0
82.22,-113,-114,-123,-113,0,-37,-22,-55,0.0
82.22500000000001,114,41,63,82,39,8,2,18,0.0
82.23,-44,50,102,-83,81,29,44,37,0.0
82.235,-68,-79,-12,126,-92,-16,-29,-37,0.0
82.24,76,-40,-97,-16,-34,-34,-4,74,0.0
82.245,4,11,35,-112,37,-13,-42,-120,0.0
82.25,55,27,-17,6,11,2,33,55,0.0
82.255,-11,50,50,0,75,21,-7,38,0.0
82.26,0,-6,-14,-71,-13,21,27,-20,0.0
82.265,-25,-13,-68,-8,-48,-14,14,32,0.0
82.27,-41,-20,-45,4,26,5,-12,-19,0.0
82.275,-24,-20,17,-50,9,10,4,-18,0.0
82.28,15,26,34,19,-31,-3,5,7,0.0
82.285,-26,-5,-25,-10,-15,-13,-2,16,0.0
82.29,-28,-28,-60,3,-8,-2,-12,-26,0.0
82.295,-7,-7,-4,-39,13,-7,7,15,0.0
82.3,18,27,19,16,-17,5,-43,-29,0.0
82.305,-32,-8,-38,18,1,1,-10,2,0.0
82.31,-11,-38,-24,-25,-3,-12,-17,-1,0.0
82.315,13,10,-7,-62,-1,-1,-7,-16,0.0
82.32000000000001,3,20,3,39,-2,9,25,0,0.0
82.325,-18,-19,-8,-35,-26,-13,-3,-2,0.0
82.33,1,-18,-27,22,7,-18,-11,2,0.0
82.33500000000001,8,12,22,5,22,15,2,1,0.0
82.34,1,13,16,12,-10,11,14,-22,0.0
82.345,-7,-4,31,72,18,5,9,51,0.0
82.35000000000001,7,-12,-52,-64,-7,-5,0,-87,0.0
82.355,-30,-20,-88,-69,-18,-19,-38,-52,0.0
82.36,14,14,65,15,-18,-3,81,68,0.0
82.365,-13,-11,-39,-1,-9,-14,-103,-20,0.0
82.37,-18,-2,24,19,19,17,-36,-2,0.0
82.375,-3,5,24,21,21,-2,18,43,0.0
82.38,37,11,0,-7,3,6,20,34,0.0
82.385,-9,-1,-8,-4,-12,4,124,54,0.0
82.39,-9,-5,3,6,-12,-14,-75,-68,0.0
82.395,11,0,3,-8,-3,-1,-31,-8,0.0
82.4,-11,3,-23,-23,-1,-5,16,9,0.0
82.405,-12,-3,10,-5,-6,-1,6,-20,0.0
82.41,-11,-10,-12,7,-6,0,9,26,0.0
82.415,17,1,2,-15,0,8,22,-2,0.0
82.42,1,5,-4,24,7,-5,-21,-26,0.0
82.425,2,-9,-25,-13,-5,-7,-20,15,0.0
82.43,5,-2,7,6,-8,6,3,9,0.0
82.435,6,1,9,6,16,0,5,21,0.0
82.44,-4,5,5,0,6,6,-2,-6,0.0
82.44500000000001,-24,-16,0,-20,-18,-9,-33,-23,0.0
82.45,11,1,-21,-4,-5,0,25,37,0.0
82.455,-2,4,15,4,8,5,17,1,0.0
82.46000000000001,-9,-9,-8,-6,-1,-1,-19,-17,0.0
82.465,-1,2,-2,3,1,4,0,-10,0.0
82.47,8,-1,-2,-4,1,-7,16,28,0.0
82.47500000000001,-4,-3,-2,-12,-3,2,-6,-14,0.0
82.48,-9,2,17,21,-2,-7,-16,-24,0.0
82.485,10,-1,-22,-26,-11,-6,-9,2,0.0
82.49,8,2,-1,11,-1,-2,17,19,0.0
82.495,2,6,-5,-2,11,10,-5,-4,0.0
82.5,-15,-6,0,8,-4,-6,-3,-4,0.0
82.505,-13,-10,-24,-28,-7,-7,-2,-12,0.0
82.51,7,-3,-4,-6,-9,1,0,9,0.0
82.515,-20,0,6,2,-10,-8,-2,8,0.0
82.52,16,10,-5,-13,6,7,40,75,0.0
82.525,28,7,13,15,1,4,-40,-54,0.0
82.53,-15,-17,-35,-12,-8,-9,13,41,0.0
82.535,-6,-2,24,5,-3,-1,14,1,0.0
82.54,-6,-9,-42,-21,-4,-12,-89,-91,0.0
82.545,-2,4,17,-2,1,6,18,71,0.0
82.55,19,5,4,14,5,0,17,27,0.0
82.555,-6,-2,5,5,0,10,3,10,0.0
82.56,-5,-5,-16,-21,-6,-11,3,-14,0.0
82.565,7,3,-2,6,1,1,18,32,0.0
82.57000000000001,-3,5,9,-2,7,1,-19,-40,0.0
82.575,-1,-10,-17,-5,-3,-5,0,-2,0.0
82.58,5,4,12,-6,-5,4,9,13,0.0
82.58500000000001,-9,-5,-7,4,0,4,-7,-1,0.0
82.59,-5,-5,2,-8,7,3,19,5,0.0
82.595,0,0,-7,17,0,-12,-13,-25,0.0
82.60000000000001,4,-6,-69,-53,-3,-1,5,4,0.0
82.605,5,3,7,0,-9,0,4,-8,0.0
82.61,-4,4,-8,-19,2,3,0,6,0.0
82.615,2,0,-3,0,3,1,4,5,0.0
82.62,2,6,37,36,-4,0,-12,-10,0.0
82.625,6,-11,-9,-1,0,-8,-6,-36,0.0
82.63,-2,-2,4,-14,-7,-1,44,26,0.0
82.635,1,3,-13,-7,-2,-10,-74,-25,0.0
82.64,-1,2,9,14,12,10,19,18,0.0
82.645,-8,2,10,2,4,0,2,7,0.0
82.65,7,2,16,18,-4,0,5,27,0.0
82.655,0,-7,-11,-5,-10,-10,0,-77,0.0
82.66,-12,-4,15,-13,0,3,-1,-13,0.0
82.665,-2,-1,-7,3,1,-3,-11,-8,0.0
82.67,-4,-2,4,-2,-6,-5,-14,-12,0.0
82.675,-2,2,-1,-3,3,8,18,24,0.0
82.68,-1,0,14,4,-1,-17,-9,1,0.0
82.685,-2,4,2,12,1,23,11,-3,0.0
82.69,-1,-3,-21,-16,-11,-9,-16,1,0.0
82.69500000000001,-2,-3,7,4,3,-8,1,6,0.0
82.7,5,4,41,43,8,1,9,-3,0.0
82.705,0,-6,-32,-28,-8,-6,-1,11,0.0
82.71000000000001,-8,0,2,-23,6,2,-16,-30,0.0
82.715,3,-3,-7,43,-25,-3,2,8,0.0
82.72,-3,-1,22,12,1,7,5,15,0.0
82.72500000000001,-1,2,-9,-2,-2,-4,3,-9,0.0
82.73,5,-2,-11,-3,7,3,-8,-5,0.0
82.735,8,2,1,-14,5,1,9,6,0.0
82.74,3,-1,1,-1,-2,-5,0,-1,0.0
82.745,-26,0,47,52,-3,-12,-4,2,0.0
82.75,-17,-21,-70,-17,-6,16,-7,-16,0.0
82.755,9,4,11,-7,13,-4,11,20,0.0
82.76,-4,-19,-62,-81,-22,-10,-11,-12,0.0
82.765,5,1,3,-19,0,1,-1,4,0.0
82.77,7,14,33,25,0,0,-3,-10,0.0
82.775,-14,6,68,68,10,8,9,31,0.0
82.78,-21,-22,-93,-82,-19,-9,-18,-46,0.0
82.785,9,6,51,15,1,-8,8,40,0.0
82.79,-13,-12,-19,-32,-10,-12,-24,-103,0.0
82.795,14,11,31,9,3,11,15,34,0.0
82.8,0,11,30,40,18,11,65,47,0.0
82.805,4,0,-20,14,6,-3,-23,-18,0.0
82.81,-11,-5,18,25,-1,-3,3,35,0.0
82.815,15,-2,-15,-14,-4,1,-13,-20,0.0
82.82000000000001,8,11,4,7,-4,1,3,-2,0.0
82.825,-25,-4,-20,-17,-10,0,-1,-16,0.0
82.83,7,-8,14,13,1,0,0,17,0.0
82.83500000000001,-10,-7,-29,-22,0,-9,14,-8,0.0
82.84,6,3,31,6,3,5,-7,8,0.0
82.845,12,5,10,13,0,-5,-1,-1,0.0
82.85000000000001,5,8,10,13,2,5,-6,11,0.0
82.855,-11,-9,-17,-36,-9,-16,-8,-8,0.0
82.86,13,9,22,18,8,20,-4,2,0.0
82.865,-3,-3,-8,-7,-7,-5,-10,-11,0.0
82.87,-4,-2,-2,-17,1,-8,7,3,0.0
82.875,2,-3,-24,-11,7,6,0,2,0.0
82.88,-8,0,13,34,3,-3,-14,-5,0.0
82.885,2,-2,-14,-18,4,4,11,-2,0.0
82.89,5,-3,-5,20,-24,-11,3,12,0.0
82.895,-1,2,-11,-14,-10,-2,-7,-1,0.0
82.9,-1,0,13,7,-2,-1,-4,3,0.0
82.905,50,5,-8,8,21,10,5,6,0.0
82.91,-20,10,4,-32,-24,-5,8,17,0.0
82.915,30,16,28,-5,18,-3,-21,-21,0.0
82.92,-45,-12,-15,2,37,5,3,3,0.0
82.925,-11,19,-2,-43,7,20,44,59,0.0
82.93,39,8,47,78,-89,-27,-28,-52,0.0
82.935,-105,-37,-30,-59,74,-6,-33,-71,0.0
82.94,16,-57,-59,40,-126,-63,-36,-33,0.0
82.94500000000001,-101,-77,-109,-73,67,-12,-37,-68,0.0
82.95,58,19,35,23,34,36,32,14,0.0
82.955,33,40,-96,-31,-21,8,34,70,0.0
82.96000000000001,38,32,127,6,78,34,33,55,0.0
82.965,26,-2,-31,-23,-40,-8,25,0,0.0
82.97,-1,8,79,28,0,-2,-18,-40,0.0
82.97500000000001,23,12,118,-42,99,31,25,54,0.0
82.98,-21,-5,-95,15,-99,-32,-7,-8,0.0
82.985,46,51,127,111,66,12,5,-28,0.0
82.99,-35,-33,-69,28,42,17,-6,-12,0.0
82.995,28,20,93,102,-103,-62,-15,51,0.0
83.0,-50,-4,-5,21,44,6,6,-48,0.0
83.005,24,13,70,93,-44,-19,-10,24,0.0
83.01,-78,-87,-104,-113,20,-31,-49,-55,0.0
83.015,34,-12,16,-63,-11,10,-14,-41,0.0
83.02,84,33,59,24,4,25,32,40,0.0
83.025,56,28,13,-3,13,14,10,10,0.0
83.03,38,61,35,20,8,8,1,23,0.0
83.035,-5,-31,-72,47,-36,-1,14,-2,0.0
83.04,22,5,19,-60,91,3,-30,-33,0.0
83.045,5,-17,-38,-35,-82,-30,-28,26,0.0
83.05,-57,-22,-81,-48,5,-21,-2,-3,0.0
83.055,24,-18,22,19,-4,12,24,20,0.0
83.06,21,12,-57,-26,6,1,-29,-68,0.0
83.065,13,-35,-62,-23,-7,9,1,7,0.0
83.07000000000001,44,14,29,26,-10,3,31,39,0.0
83.075,-9,9,19,-11,30,1,-5,-15,0.0
83.08,2,14,47,6,7,19,21,27,0.0
83.08500000000001,-21,-15,-26,29,-15,-15,-18,-25,0.0
83.09,-11,-1,3,-18,1,-2,-8,8,0.0
83.095,-6,10,-12,-11,14,16,6,-14,0.0
83.10000000000001,-14,-16,-18,-10,-13,-8,-4,16,0.0
83.105,-31,-9,6,-9,-19,-4,-6,-12,0.0
83.11,16,11,32,0,29,4,7,18,0.0
83.115,-4,-10,-27,14,-18,-3,-13,-24,0.0
83.12,-9,-10,-10,9,-25,-9,16,16,0.0
83.125,-11,6,20,-8,36,-2,-10,-14,0.0
83.13,21,12,24,0,13,9,36,43,0.0
83.135,-9,-12,-29,-3,-21,-8,-27,10,0.0
83.14,-4,-8,-10,-20,-12,-14,-16,-14,0.0
83.145,-6,10,18,-18,14,19,48,25,0.0
83.15,-5,-4,14,11,-14,-16,-87,-49,0.0
83.155,16,-14,-56,-19,-25,-11,11,3,0.0
83.16,-8,2,2,22,31,15,0,7,0.0
83.165,2,1,16,16,9,8,5,-13,0.0
83.17,1,-5,-4,-13,-1,-6,19,22,0.0
83.175,-5,6,11,-8,0,4,10,18,0.0
83.18,-10,0,47,51,-16,-18,-60,-62,0.0
83.185,1,-3,-48,-95,-13,-4,-10,-3,0.0
83.19,-6,-8,17,56,6,3,5,7,0.0
83.19500000000001,-4,4,7,3,11,7,17,25,0.0
83.2,10,-3,-6,41,1,1,10,-54,0.0
83.205,-18,-4,22,19,-8,-7,-15,8,0.0
83.21000000000001,4,0,-42,-56,-6,7,16,8,0.0
83.215,-10,-10,-15,2,2,9,-4,-32,0.0
83.22,0,9,7,-13,0,-3,0,41,0.0
83.22500000000001,-1,1,14,19,0,-4,-6,-7,0.0
83.23,7,1,-8,-12,-2,-1,3,2,0.0
83.235,-8,-7,-2,11,-3,-3,-10,-11,0.0
83.24,-5,-2,-10,-11,1,0,9,26,0.0
83.245,2,-2,7,2,0,-1,-1,-6,0.0
83.25,3,2,-1,-3,4,5,11,11,0.0
83.255,-5,1,13,15,-6,-2,-10,-11,0.0
83.26,-13,-1,5,-25,-4,0,2,8,0.0
83.265,2,-8,-16,-5,-4,-7,-7,-10,0.0
83.27,2,-2,-2,1,-1,1,5,-1,0.0
83.275,-4,0,-8,25,5,-5,-8,-14,0.0
83.28,-1,-8,-30,-33,-4,-2,2,12,0.0
83.285,-1,2,1,-6,-8,1,-4,1,0.0
83.29,1,0,-6,5,1,-5,-2,-6,0.0
83.295,-1,1,6,0,10,2,0,-5,0.0
83.3,0,0,-18,-1,10,5,5,17,0.0
83.305,4,3,19,37,-1,-1,-3,2,0.0
83.31,-6,0,28,-30,-10,-7,-4,-7,0.0
83.315,-31,-8,-19,4,-10,-1,1,7,0.0
83.32000000000001,38,-2,-10,-12,-5,-5,-5,-5,0.0
83.325,2,2,-10,-7,6,6,3,-6,0.0
83.33,-8,7,-1,13,0,-1,2,21,0.0
83.33500000000001,9,-1,27,7,0,0,-1,33,0.0
83.34,-8,5,9,-8,-9,0,65,45,0.0
83.345,16,-2,-17,-1,7,0,-57,-7,0.0
83.35000000000001,-17,0,24,10,9,6,5,-12,0.0
83.355,-5,-4,-4,-13,-4,-6,-11,-9,0.0
83.36,-4,-2,8,-6,-2,0,2,2,0.0
83.365,4,1,-11,-6,-19,-2,18,-3,0.0
83.37,6,0,9,-2,-2,7,5,16,0.0
83.375,3,-3,-36,-12,6,-3,-6,-18,0.0
83.38,-8,-2,14,-14,4,6,-11,-8,0.0
83.385,-9,6,12,23,3,-4,2,-7,0.0
83.39,3,-7,2,20,-1,-4,-14,-5,0.0
83.395,1,3,-1,-28,-12,-8,2,-13,0.0
83.4,-6,-9,-57,-29,4,7,-8,-12,0.0
83.405,-9,-5,10,3,-10,-1,5,13,0.0
83.41,4,0,8,8,0,-5,7,-2,0.0
83.415,13,2,-12,3,8,-8,1,-7,0.0
83.42,-3,3,27,13,0,0,-10,18,0.0
83.425,-6,-7,-2,-14,9,-3,3,-12,0.0
83.43,4,-5,-9,0,-6,-2,-2,-5,0.0
83.435,-10,-1,2,13,-9,2,-4,-9,0.0
83.44,-12,-9,7,-23,-11,-1,-16,-7,0.0
83.44500000000001,4,2,-2,14,-9,-1,14,6,0.0
83.45,4,1,-11,-18,9,-2,4,-3,0.0
83.455,10,2,-5,14,3,0,-3,4,0.0
83.46000000000001,-2,-1,-7,0,-1,-4,-4,-6,0.0
83.465,-8,-3,-5,-19,5,6,1,-4,0.0
83.47,4,-1,2,9,-1,-4,-4,1,0.0
83.47500000000001,-2,1,28,-4,-4,-1,0,-4,0.0
83.48,-11,-7,1,8,3,-8,-5,-6,0.0
83.485,-5,-4,-33,-41,-5,-4,-3,-4,0.0
83.49,-3,-6,-16,-23,-8,1,-2,0,0.0
83.495,-2,-1,10,-14,-8,1,-1,-5,0.0
83.5,-1,1,14,9,-2,-8,-4,-6,0.0
83.505,1,2,9,18,11,7,2,6,0.0
83.51,5,3,-3,3,12,11,5,-1,0.0
83.515,13,4,-4,-32,-9,-7,-6,-5,0.0
83.52,-16,-4,-5,14,-2,-6,2,-2,0.0
83.525,-7,-2,4,-5,2,2,1,-1,0.0
83.53,-15,-14,-5,6,2,-7,-6,-5,0.0
83.535,-3,-1,4,9,-1,17,-1,-4,0.0
83.54,11,7,5,4,-5,-3,-4,0,0.0
83.545,4,5,11,-8,-3,-6,2,1,0.0
83.55,-2,-1,-27,-20,3,6,1,-3,0.0
83.555,4,1,15,9,0,-10,0,1,0.0
83.56,3,-1,5,8,-5,-3,0,-3,0.0
83.565,-7,-3,2,0,0,2,-2,-6,0.0
83.57000000000001,2,-2,-18,-15,-4,-6,-4,-5,0.0
83.575,-3,-2,2,0,7,8,7,4,0.0
83.58,0,-2,3,-1,0,2,-6,-4,0.0
83.58500000000001,-5,-3,-5,-2,0,-4,3,-1,0.0
83.59,1,2,5,19,-6,-6,-5,-1,0.0
83.595,-5,-2,-9,-16,-10,-18,-7,-6,0.0
83.60000000000001,-1,1,4,7,9,11,10,5,0.0
83.605,0,-4,-7,11,3,-4,-2,0,0.0
83.61,-3,-6,-7,-18,-14,-5,-8,-3,0.0
83.615,-1,2,16,17,14,-5,3,0,0.0
83.62,1,-5,-21,-2,-2,4,0,-2,0.0
83.625,-2,-1,6,0,-9,-4,-3,1,0.0
83.63,2,3,12,22,6,6,4,2,0.0
83.635,-6,-9,-19,-3,-5,-9,-6,-4,0.0
83.64,2,3,8,1,1,0,-6,-3,0.0
83.645,-2,-6,7,-14,-8,-5,-8,-4,0.0
83.65,-2,-2,-14,-13,-4,-11,2,7,0.0
83.655,1,0,2,10,6,10,3,-3,0.0
83.66,-3,-5,-4,0,-6,-7,-2,-1,0.0
83.665,-2,5,25,-2,1,1,0,4,0.0
83.67,6,-2,-6,3,-1,6,-2,-4,0.0
83.675,-3,-3,8,2,-4,-3,-3,-1,0.0
83.68,0,-6,-19,-7,11,6,8,1,0.0
83.685,-3,1,-8,-50,-6,-4,-6,-4,0.0
83.69,-1,2,14,29,-16,-8,2,0,0.0
83.69500000000001,3,3,-3,7,-11,5,3,3,0.0
83.7,6,4,12,11,0,-7,-10,-5,0.0
83.705,-16,-5,13,-13,-2,0,3,2,0.0
83.71000000000001,-10,0,10,-9,11,1,1,-5,0.0
83.715,-4,-6,-55,-43,-5,-3,-8,-8,0.0
83.72,1,1,5,1,-3,-4,1,2,0.0
83.72500000000001,8,2,-16,7,13,5,-1,0,0.0
83.73,3,5,14,-13,15,2,3,1,0.0
83.735,-3,-2,9,55,-35,0,-4,0,0.0
83.74,0,0,-14,-23,-9,-1,3,-1,0.0
83.745,11,3,-21,18,8,1,-1,-2,0.0
83.75,-9,-8,-11,-17,-9,0,-2,-4,0.0
83.755,-8,-12,-21,-11,33,3,-2,-3,0.0
83.76,0,3,3,4,-29,-13,-5,-1,0.0
83.765,5,3,13,23,5,3,0,1,0.0
83.77,14,8,16,2,4,7,3,2,0.0
83.775,9,-7,-56,-25,26,-2,-1,0,0.0
83.78,15,19,36,10,-14,3,6,25,0.0
83.785,15,-14,-65,-44,-39,-23,-9,-21,0.0
83.79,-50,-13,6,55,10,24,-4,-8,0.0
83.795,-15,-11,25,-45,4,-13,-10,-8,0.0
83.8,41,21,21,27,-1,8,11,4,0.0
83.805,117,62,31,-26,55,38,32,42,0.0
83.81,64,41,104,32,-56,-16,19,57,0.0
83.815,-90,-44,-87,64,-23,-21,-27,-46,0.0
83.82000000000001,-79,-121,59,34,23,-34,-68,-96,0.0
83.825,51,-7,-82,-91,-96,-14,36,-8,0.0
83.83,50,45,85,-7,93,-8,-85,-51,0.0
83.83500000000001,44,31,-42,-18,66,46,32,61,0.0
83.84,100,81,11,57,-77,6,53,0,0.0
83.845,-15,33,110,51,9,7,11,-6,0.0
83.85000000000001,-79,-105,-128,-102,-51,-48,-15,61,0.0
83.855,-99,-45,127,59,-34,-30,-63,-99,0.0
83.86,62,-30,18,-115,120,-5,-43,-11,0.0
83.865,83,68,-16,41,21,76,69,39,0.0
83.87,-39,-14,-116,31,-71,3,67,91,0.0
83.875,-52,1,95,-12,51,-5,-38,-19,0.0
83.88,-63,-55,-12,6,22,-11,-5,6,0.0
83.885,55,40,93,-8,86,2,8,1,0.0
83.89,79,100,-1,1,-42,20,55,-10,0.0
83.895,-30,-55,-25,-55,-30,-51,-51,59,0.0
83.9,-37,-37,75,13,24,1,-22,-75,0.0
83.905,-45,-23,85,-4,34,-27,-21,-9,0.0
83.91,48,4,-60,8,35,4,-21,-13,0.0
83.915,127,106,43,-35,29,29,59,43,0.0
83.92,-52,21,-35,60,-120,25,32,43,0.0
83.925,-8,-101,-90,-14,3,-30,-52,-65,0.0
83.93,35,0,48,10,-28,-3,0,-15,0.0
83.935,-12,6,-16,-24,-37,7,8,-3,0.0
83.94,68,62,-15,-9,68,24,27,63,0.0
83.94500000000001,-128,-35,-24,59,-74,-26,-8,-6,0.0
83.95,43,-7,20,-9,81,23,-12,-24,0.0
83.955,-9,44,10,-3,30,-13,20,-4,0.0
83.96000000000001,-42,-33,-18,-5,-34,-25,2,-2,0.0
83.965,-32,-4,-23,-18,-3,-8,-37,20,0.0
83.97,-14,-15,-9,-16,21,-15,-11,-34,0.0
83.97500000000001,32,13,32,15,32,41,13,-20,0.0
83.98,19,24,-7,-10,13,-11,9,34,0.0
83.985,-58,-35,4,22,-56,-6,-7,-22,0.0
83.99,7,10,42,-8,25,7,-5,-2,0.0
83.995,17,-13,-40,9,-34,-5,13,-3,0.0
84.0,-26,-9,-22,1,-21,-6,-4,-3,0.0
84.005,15,-2,-14,4,7,-13,-6,10,0.0
84.01,-13,0,2,8,-3,23,-2,-17,0.0
84.015,2,-6,11,31,-17,7,16,8,0.0
84.02,3,9,-22,-14,-13,-12,-11,-9,0.0
84.025,4,12,-10,-15,27,5,-9,11,0.0
84.03,-23,-13,6,3,-28,-13,-4,-14,0.0
84.035,5,-16,-20,-21,-18,-19,-5,3,0.0
84.04,14,14,-14,-49,18,21,2,-2,0.0
84.045,0,-3,-22,8,-5,2,-1,-2,0.0
84.05,-27,-10,30,27,2,-8,1,-7,0.0
84.055,17,-7,-16,-23,-31,6,1,6,0.0
84.06,5,11,-4,7,1,-9,-1,3,0.0
84.065,-9,-4,13,15,0,15,-6,0,0.0
84.07000000000001,-11,-7,-3,-39,-12,-15,-7,-15,0.0
84.075,13,5,20,35,15,10,9,6,0.0
84.08,0,-2,-41,-45,-17,-5,-2,0,0.0
84.08500000000001,-5,-3,8,1,-9,8,1,-2,0.0
84.09,-5,-7,-3,34,13,-2,-2,0,0.0
84.095,8,-5,-9,-42,-2,-3,2,0,0.0
84.10000000000001,-6,2,9,13,-13,7,-6,0,0.0
84.105,3,-2,-4,-2,4,-9,-6,0,0.0
84.11,-4,2,16,0,-4,-7,0,-5,0.0
84.115,-3,-5,-25,9,-17,1,-2,-3,0.0
84.12,2,0,-10,-10,11,-1,7,2,0.0
84.125,0,1,24,19,1,0,0,9,0.0
84.13,-7,-2,4,-6,4,4,1,-11,0.0
84.135,0,-10,-25,-6,-16,-11,3,3,0.0
84.14,5,7,-10,-13,10,0,-5,-6,0.0
84.145,-3,-8,1,-32,-7,-8,-8,-2,0.0
84.15,-5,4,-7,30,2,2,3,3,0.0
84.155,4,1,15,16,2,11,2,1,0.0
84.16,1,0,16,17,-4,1,-7,-2,0.0
84.165,-1,2,3,6,2,-16,31,7,0.0
84.17,-7,-6,-9,-19,-14,11,-72,-28,0.0
84.175,5,3,6,6,2,1,5,2,0.0
84.18,-2,-1,6,10,8,8,5,6,0.0
84.185,-3,-3,-6,3,-1,-4,-11,-8,0.0
84.19,0,-7,-10,-11,-5,-5,20,10,0.0
84.19500000000001,3,4,6,11,-4,-3,1,2,0.0
84.2,-6,-2,21,24,-5,-1,-10,0,0.0
84.205,-2,-5,-42,-34,-2,-5,-2,-3,0.0
84.21000000000001,-1,1,9,-25,1,3,11,-4,0.0
84.215,14,1,-1,-2,-8,-1,-6,0,0.0
84.22,2,5,6,7,-2,-5,12,11,0.0
84.22500000000001,-19,-9,1,18,7,23,47,96,0.0
84.23,-10,-1,-21,5,-2,-20,1,15,0.0
84.235,-2,-3,40,-7,2,-1,26,32,0.0
84.24,32,-1,-17,-9,0,6,-11,3,0.0
84.245,16,13,31,12,4,-1,5,12,0.0
84.25,-12,-18,-24,-25,-15,-3,19,10,0.0
84.255,-3,13,35,53,5,7,1,38,0.0
84.26,-19,0,31,-9,8,-6,-30,-66,0.0
84.265,17,20,93,99,-5,-1,59,76,0.0
84.27,-31,-43,-87,-86,-12,-22,-57,-69,0.0
84.275,42,11,19,25,2,5,91,42,0.0
84.28,-5,2,36,36,-6,0,-92,-21,0.0
84.285,-13,4,-48,-4,16,5,48,81,0.0
84.29,-32,3,-8,28,-6,4,18,0,0.0
84.295,-11,-23,-34,-16,7,-3,-49,-34,0.0
84.3,21,8,32,39,25,11,73,87,0.0
84.305,31,-1,-63,-104,-40,-15,-120,-73,0.0
84.31,9,13,31,9,5,-7,22,42,0.0
84.315,-32,-12,-96,-53,11,7,2,-23,0.0
84.32000000000001,-65,-12,55,90,-67,-15,32,-1,0.0
84.325,-5,-13,-89,-96,0,-10,-20,-20,0.0
84.33,-4,-11,6,88,14,6,-60,-25,0.0
84.33500000000001,19,29,78,67,-25,-10,-1,6,0.0
84.34,40,1,32,-3,32,2,-23,-10,0.0
84.345,-29,-28,7,35,-8,-13,-1,21,0.0
84.35000000000001,11,5,2,-34,3,19,20,-28,0.0
84.355,37,34,23,11,2,0,-6,-18,0.0
84.36,-56,8,-57,-16,12,2,25,14,0.0
84.365,-13,-40,36,10,-19,-24,-73,-70,0.0
84.37,-21,7,2,-24,51,3,-2,-25,0.0
84.375,85,3,-6,48,-84,-15,-8,46,0.0
84.38,54,55,-32,-54,17,11,32,5,0.0
84.385,-23,-8,-19,19,4,-7,-16,-85,0.0
84.39,-74,-9,5,60,21,-1,-9,21,0.0
84.395,-44,-89,-47,-100,3,-8,-14,-43,0.0
84.4,44,12,20,-56,64,-2,16,29,0.0
84.405,104,76,85,87,-44,46,47,39,0.0
84.41,73,38,-66,9,-3,0,20,41,0.0
84.415,-116,-57,60,98,27,-17,-40,-80,0.0
84.42,-10,-53,-17,-96,-54,-28,44,28,0.0
84.425,-31,-13,-23,-95,37,-4,-61,-20,0.0
84.43,36,26,79,13,-9,16,47,5,0.0
84.435,6,36,22,37,22,10,7,29,0.0
84.44,25,13,4,45,42,31,13,21,0.0
84.44500000000001,40,63,89,31,10,12,41,4,0.0
84.45,45,-30,18,-15,-78,3,0,-2,0.0
84.455,-76,-54,-38,-58,-7,-33,-51,0,0.0
84.46000000000001,-71,-45,-106,-8,-5,-23,-43,-66,0.0
84.465,-10,5,59,-8,55,0,27,26,0.0
84.47,102,21,-30,-60,79,-4,-30,12,0.0
84.47500000000001,73,58,51,28,10,58,86,112,0.0
84.48,-60,-36,-98,5,-128,-23,-49,-97,0.0
84.485,-26,-28,119,-40,77,-2,2,39,0.0
84.49,-77,-66,-102,68,-49,-19,-22,-39,0.0
84.495,87,70,98,12,80,-3,-18,-37,0.0
84.5,32,79,-49,-40,81,60,67,83,0.0
84.505,63,3,36,120,-109,14,38,-10,0.0
84.51,-122,-92,-19,-24,50,-73,-49,54,0.0
84.515,-10,-26,2,13,69,-24,-60,-92,0.0
84.52,120,71,51,-43,7,16,9,45,0.0
84.525,-128,-65,-115,-4,17,3,6,-12,0.0
84.53,56,-38,40,-60,37,38,43,-23,0.0
84.535,9,20,27,55,-128,-18,-12,-11,0.0
84.54,47,-15,30,13,32,-22,-45,-21,0.0
84.545,127,80,-74,5,67,14,47,63,0.0
84.55,-38,32,40,43,-84,-9,8,87,0.0
84.555,-49,-48,-96,-125,30,-27,-47,-90,0.0
84.56,-36,-15,19,45,-109,13,44,4,0.0
84.565,31,-9,52,-32,-25,-22,-23,-82,0.0
84.57000000000001,-59,18,-52,4,5,17,-31,-15,0.0
84.575,25,-7,-25,-72,78,7,7,37,0.0
84.58,-27,-9,79,44,1,-24,-7,-23,0.0
84.58500000000001,-53,-8,-35,10,-3,2,-23,-1,0.0
84.59,90,47,23,-4,29,9,35,31,0.0
84.595,-25,11,-89,-50,-44,4,23,29,0.0
84.60000000000001,34,-10,27,25,-79,13,3,35,0.0
84.605,-69,-49,-20,-63,39,-22,-39,-13,0.0
84.61,-3,25,88,-13,-16,-16,-9,-32,0.0
84.615,-9,8,11,63,-40,12,16,13,0.0
84.62,14,-2,0,-19,99,-21,-17,23,0.0
84.625,20,28,6,15,-45,3,0,-6,0.0
84.63,-12,-11,-30,49,-31,21,27,-5,0.0
84.635,19,0,17,31,-10,-20,-30,7,0.0
84.64,-27,23,-3,-29,2,20,12,12,0.0
84.645,-43,-74,-46,-31,-36,-43,-78,-81,0.0
84.65,-9,-8,-1,-30,22,-5,4,13,0.0
84.655,-10,5,-5,-43,10,15,27,9,0.0
84.66,22,6,35,71,-8,-8,-6,0,0.0
84.665,14,9,-61,-33,-6,2,11,28,0.0
84.67,5,12,50,-20,-2,8,1,-3,0.0
84.675,10,-4,-1,65,17,10,15,4,0.0
84.68,-27,-24,-34,-84,0,-8,-16,1,0.0
84.685,-17,-4,12,59,-5,1,9,-9,0.0
84.69,30,11,47,25,2,-4,2,-8,0.0
84.69500000000001,-6,12,-69,-19,10,7,11,22,0.0
84.7,-36,-38,-41,-66,0,-8,7,-13,0.0
84.705,-6,8,49,24,14,3,1,7,0.0
84.71000000000001,24,23,14,-22,-1,3,5,-18,0.0
84.715,-6,7,56,56,11,7,-8,23,0.0
84.72,-32,-37,-93,-48,1,4,6,-31,0.0
84.72500000000001,18,11,29,23,-1,-1,-1,6,0.0
84.73,7,12,21,18,6,6,50,121,0.0
84.735,-24,-22,-14,-80,-16,-11,-53,-57,0.0
84.74,-9,-22,-15,56,-2,-18,-19,6,0.0
84.745,13,26,14,22,4,13,4,14,0.0
84.75,2,-4,-18,-24,-7,-1,52,18,0.0
84.755,-9,-2,23,10,4,-2,-19,-13,0.0
84.76,1,6,16,-5,19,-2,-14,-9,0.0
84.765,3,-4,-51,-18,-2,6,32,2,0.0
84.77,-9,-1,1,11,-5,-7,-42,-61,0.0
84.775,1,-6,-21,-40,-11,-1,20,18,0.0
84.78,-2,2,23,20,2,-8,-14,27,0.0
84.785,-9,-4,19,15,-9,-5,-8,-45,0.0
84.79,7,-1,-6,-6,11,4,-8,-2,0.0
84.795,0,5,6,-13,-23,56,12,15,0.0
84.8,34,5,13,-19,14,-37,-19,4,0.0
84.805,-5,8,-8,31,25,12,5,29,0.0
84.81,47,-19,-8,-27,8,11,-23,-32,0.0
84.815,-48,-31,-26,-36,-13,-104,18,10,0.0
84.82000000000001,-43,-21,12,37,39,82,10,-8,0.0
84.825,-58,-12,-10,12,-23,-9,-9,-5,0.0
84.83,-7,15,34,60,14,18,-12,-20,0.0
84.83500000000001,32,23,-20,-32,44,15,25,17,0.0
84.84,37,10,25,14,10,-49,-12,-2,0.0
84.845,17,0,-2,-33,-20,-7,1,1,0.0
84.85000000000001,-25,-9,-10,-26,-16,-6,-21,-8,0.0
84.855,-11,0,12,24,-19,18,7,9,0.0
84.86,-17,-7,7,-6,-1,2,-1,-4,0.0
84.865,37,11,10,-5,25,20,55,32,0.0
84.87,-56,-14,-4,27,-42,-18,-58,-69,0.0
84.875,11,-3,-37,-48,1,-13,-8,1,0.0
84.88,-8,0,-6,-2,-19,34,-7,-22,0.0
84.885,5,1,7,10,-12,-32,20,76,0.0
84.89,20,6,3,13,26,2,45,30,0.0
84.895,5,4,13,20,-4,-22,-9,42,0.0
84.9,-17,-3,6,15,-6,24,-40,-26,0.0
84.905,-1,-10,-15,-10,4,-2,-8,19,0.0
84.91,1,3,-32,-40,-17,-22,-2,2,0.0
84.915,1,1,12,26,22,30,20,22,0.0
84.92,0,3,-13,-12,-5,-7,21,31,0.0
84.925,5,4,-8,7,25,2,-6,-18,0.0
84.93,3,-3,-13,-18,-82,-17,-18,-4,0.0
84.935,1,1,20,9,59,16,28,1,0.0
84.94,-3,-4,-4,16,-5,-1,-5,-11,0.0
84.94500000000001,-6,-6,-13,6,-10,-25,-31,-33,0.0
84.95,1,6,19,21,38,13,29,9,0.0
84.955,-2,-4,-4,-5,-42,-8,-15,-11,0.0
84.96000000000001,1,-1,-9,-23,-21,-2,-5,-6,0.0
84.965,-1,-3,-8,8,11,6,-16,-21,0.0
84.97,5,4,-4,-19,0,-5,12,18,0.0
84.97500000000001,5,1,17,5,-4,6,-10,-14,0.0
84.98,1,-3,-8,23,12,-5,-2,-10,0.0
84.985,-5,-5,-6,-16,-15,-13,0,-7,0.0
84.99,3,1,6,-4,3,10,-6,0,0.0
84.995,-1,-1,1,7,-4,-5,-7,-13,0.0
85.0,-4,3,6,1,2,-4,9,0,0.0
85.005,-1,-1,-10,-9,-9,11,-7,-5,0.0
85.01,0,2,10,-2,11,-6,0,4,0.0
85.015,-2,-4,-8,19,-5,2,-9,-4,0.0
85.02,6,7,3,0,-5,4,11,35,0.0
85.025,-9,-1,-13,-12,-5,-7,-8,-8,0.0
85.03,1,-1,-6,-1,10,-1,-5,-2,0.0
85.035,-4,2,9,2,-10,2,9,2,0.0
85.04,3,-4,2,3,-1,-10,5,9,0.0
85.045,-2,-4,-20,-28,-10,3,-13,-11,0.0
85.05,-1,0,-18,-14,4,-4,5,-1,0.0
85.055,-2,-4,7,3,-18,9,-10,1,0.0
85.06,0,6,36,13,4,-13,7,-3,0.0
85.065,6,2,2,15,10,13,-1,7,0.0
85.07000000000001,-6,-8,5,-2,-1,3,0,-40,0.0
85.075,7,-4,-21,-5,-3,-16,-12,-9,0.0
85.08,-2,-1,-5,-4,-2,-12,-3,-11,0.0
85.08500000000001,2,0,12,1,-1,8,10,18,0.0
85.09,2,0,19,4,-4,-9,54,10,0.0
85.095,-10,-6,-29,-7,2,1,-49,-47,0.0
85.10000000000001,0,0,-1,4,-4,-3,1,-4,0.0
85.105,13,4,6,-7,-3,-2,-6,1,0.0
85.11,-31,-8,-13,10,-2,-1,3,11,0.0
85.115,-1,-11,12,3,2,9,20,-2,0.0
85.12,-4,-4,13,1,-11,-6,-8,-6,0.0
85.125,5,1,3,-1,3,-1,2,-5,0.0
85.13,10,0,-43,-24,-2,1,-25,-7,0.0
85.135,-3,7,16,34,0,-15,9,-7,0.0
85.14,-1,1,5,-18,-5,1,-20,-20,0.0
85.145,1,-10,-59,6,-7,-9,-4,0,0.0
85.15,1,3,9,9,-1,8,-10,-12,0.0
85.155,-3,-7,1,-11,0,-19,-9,9,0.0
85.16,-4,0,-2,7,1,14,41,11,0.0
85.165,-4,0,20,2,9,25,-3,-12,0.0
85.17,5,3,21,14,-13,-36,-14,10,0.0
85.175,1,-5,-10,34,5,19,3,21,0.0
85.18,-1,-6,-28,-28,-2,-40,-17,-32,0.0
85.185,-1,-1,15,-12,-4,14,-3,-1,0.0
85.19,-6,6,5,2,2,9,-10,6,0.0
85.19500000000001,3,5,32,13,-2,3,12,8,0.0
85.2,-3,-5,2,10,-5,-5,-4,10,0.0
85.205,-6,-2,-11,-8,-2,-11,7,12,0.0
85.21000000000001,13,5,23,4,4,12,11,8,0.0
85.215,18,4,4,1,-4,-8,-6,-2,0.0
85.22,-6,-8,-46,-36,3,-2,9,20,0.0
85.22500000000001,0,0,8,7,7,8,10,-22,0.0
85.23,-1,-6,-9,-8,1,-3,-34,7,0.0
85.235,-7,1,-8,-16,-10,-1,4,-5,0.0
85.24,2,0,12,7,-7,-19,-10,8,0.0
85.245,5,6,18,15,5,-4,7,2,0.0
85.25,2,-5,-17,-5,14,3,15,25,0.0
85.255,-10,-4,-11,7,-5,-7,-16,-43,0.0
85.26,4,1,5,-34,-16,8,-8,-9,0.0
85.265,-9,1,4,2,9,-12,-5,-3,0.0
85.27,-2,-4,-5,-17,-26,6,-4,-3,0.0
85.275,-2,1,-7,-6,8,2,2,20,0.0
85.28,-5,-2,-5,12,3,4,5,-10,0.0
85.285,-3,-7,-6,-19,-6,-2,-6,-10,0.0
85.29,3,0,1,-5,4,2,-4,-2,0.0
85.295,1,1,0,-11,-5,-6,9,6,0.0
85.3,2,0,-7,6,-2,4,-1,4,0.0
85.305,-4,-3,28,0,-4,-7,-10,-3,0.0
85.31,-2,-4,-12,2,2,-1,-3,-12,0.0
85.315,-2,2,5,-8,-9,-4,4,3,0.0
85.32000000000001,-3,1,1,8,12,11,-6,-1,0.0
85.325,-3,-1,-15,3,-5,6,-3,-3,0.0
85.33,-2,-1,7,-2,-5,-8,6,0,0.0
85.33500000000001,-2,-1,-4,-5,8,3,0,2,0.0
85.34,1,-3,-2,-2,3,-2,-1,-1,0.0
85.345,-6,-2,5,3,-23,-4,-4,-3,0.0
85.35000000000001,0,-3,-12,-7,13,-4,4,2,0.0
85.355,-5,-1,-9,-16,-4,2,1,0,0.0
85.36,-2,-1,7,14,-2,-11,-7,4,0.0
85.365,1,0,-8,-16,-1,-6,-5,-6,0.0
85.37,2,1,-1,18,2,9,4,1,0.0
85.375,-8,-4,-3,10,2,-2,0,1,0.0
85.38,2,1,1,-1,0,8,6,4,0.0
85.385,-3,-5,-1,15,-8,-7,-5,-1,0.0
85.39,-3,-5,-8,-7,-2,-3,-8,-7,0.0
85.395,27,8,-2,-8,12,6,7,9,0.0
85.4,3,11,-1,4,-1,4,1,3,0.0
85.405,-30,-11,-12,-18,-4,-3,-4,-13,0.0
85.41,0,-6,34,44,3,-4,-9,-9,0.0
85.415,13,2,-5,-21,-6,5,9,6,0.0
85.42,-46,-20,-24,16,24,9,8,-5,0.0
85.425,47,3,25,-39,17,-1,-1,12,0.0
85.43,35,28,-17,61,-24,3,5,21,0.0
85.435,-82,-33,-10,-32,-40,-19,-27,-43,0.0
85.44,30,6,59,55,-29,-5,41,-14,0.0
85.44500000000001,37,29,-37,-10,40,8,-66,-16,0.0
85.45,-83,-21,-10,-5,-9,1,-4,-21,0.0
85.455,44,-33,-57,-59,72,12,17,11,0.0
85.46000000000001,10,13,59,-20,-79,-11,1,82,0.0
85.465,100,80,-73,20,65,2,18,2,0.0
85.47,-77,-46,-26,-44,-43,-6,2,-68,0.0
85.47500000000001,8,2,90,18,2,-9,-19,20,0.0
85.48,-6,3,-49,-85,33,2,-56,-16,0.0
85.485,-80,33,-11,2,-11,-1,17,-28,0.0
85.49,-30,-54,9,-7,70,-16,-1,26,0.0
85.495,56,1,-45,74,-10,24,16,-74,0.0
85.5,102,36,75,93,-61,34,75,68,0.0
85.505,44,16,-7,43,9,-43,-71,17,0.0
85.51,66,-7,23,75,-66,-15,-24,-37,0.0
85.515,57,38,20,-45,34,10,30,41,0.0
85.52,-101,-93,-10,64,-22,-13,-22,-30,0.0
85.525,20,-68,-85,-36,-36,-15,2,22,0.0
85.53,77,76,127,38,22,11,78,-11,0.0
85.535,111,74,40,66,50,9,23,122,0.0
85.54,39,59,6,-105,7,12,-29,-101,0.0
85.545,-128,-84,-14,-1,-30,-7,-78,-104,0.0
85.55,-25,-73,-127,-94,8,-10,-2,60,0.0
85.555,9,42,127,65,-3,1,69,42,0.0
85.56,44,24,-128,13,19,11,46,127,0.0
85.565,-32,-5,65,5,-32,-15,-24,-8,0.0
85.57000000000001,34,39,31,27,35,9,-59,-55,0.0
85.575,-110,-28,-43,-98,-60,-9,4,-2,0.0
85.58,78,19,34,7,28,-14,40,48,0.0
85.58500000000001,-52,-44,-2,-46,44,13,16,6,0.0
85.59,41,28,53,69,-78,16,10,29,0.0
85.595,-67,-45,-96,-37,-7,-24,-46,-47,0.0
85.60000000000001,-9,-16,41,-47,11,-8,12,-16,0.0
85.605,53,31,-15,-65,-1,13,38,49,0.0
85.61,-3,32,15,-1,46,5,11,57,0.0
85.615,-21,-22,-11,32,-15,-5,-45,20,0.0
85.62,-34,-15,-22,-53,10,-16,-51,-60,0.0
85.625,39,20,45,47,-23,-2,41,27,0.0
85.63,-13,-8,-21,-5,4,12,-9,14,0.0
85.635,7,-6,-40,-34,-8,-6,82,4,0.0
85.64,-13,5,3,51,21,1,-56,-43,0.0
85.645,3,-13,-27,-26,-22,1,34,42,0.0
85.65,-7,-6,-33,-34,-9,-14,31,-68,0.0
85.655,-4,0,5,15,0,0,-27,-14,0.0
85.66,-25,-3,19,51,19,-5,-23,-14,0.0
85.665,11,-2,46,93,-4,11,30,-29,0.0
85.67,-3,-2,-40,-104,2,-6,3,47,0.0
85.675,4,7,8,42,-4,1,-63,-72,0.0
85.68,-19,-16,-39,-19,-12,-21,-11,4,0.0
85.685,10,2,22,3,0,2,14,24,0.0
85.69,18,17,-10,-5,20,16,31,29,0.0
85.69500000000001,-17,-8,2,8,-14,-6,-16,-3,0.0
85.7,-11,-5,-1,-1,9,-6,11,-5,0.0
85.705,3,2,3,24,5,25,4,-8,0.0
85.71000000000001,3,4,-4,-43,12,-7,-1,9,0.0
85.715,-7,-1,-5,3,-2,-3,0,5,0.0
85.72,-6,-6,-2,12,3,-2,-8,-33,0.0
85.72500000000001,10,5,16,1,-9,-5,18,19,0.0
85.73,-4,-2,2,25,3,1,-18,0,0.0
85.735,3,-7,-23,-11,-14,-4,-7,2,0.0
85.74,-6,3,-5,-10,7,6,-1,-14,0.0
85.745,4,-4,1,-16,-12,-4,2,38,0.0
85.75,-13,-7,3,9,0,-2,-26,-99,0.0
85.755,-3,-4,4,-5,8,4,7,8,0.0
85.76,1,-1,-6,-8,8,-4,13,22,0.0
85.765,-9,-9,4,-7,-9,-1,-7,-10,0.0
85.77,3,0,-6,-3,-4,-12,-20,15,0.0
85.775,5,4,-2,-14,-10,-7,2,1,0.0
85.78,-5,-5,-7,-4,8,9,2,-8,0.0
85.785,3,1,11,5,-1,2,3,-2,0.0
85.79,1,-1,-7,-10,4,-3,-5,12,0.0
85.795,-3,-2,-7,-7,-14,-9,-12,-13,0.0
85.8,-2,-6,-12,-1,-5,-3,-3,12,0.0
85.805,2,1,-1,-7,4,5,4,-8,0.0
85.81,0,-2,-10,1,-1,-5,6,19,0.0
85.815,-1,-1,14,-4,-1,2,-3,-14,0.0
85.82000000000001,-1,-4,-6,-9,-13,-6,-7,-4,0.0
85.825,1,-2,-15,15,13,4,11,1,0.0
85.83,-1,-2,-1,-4,-3,18,-2,6,0.0
85.83500000000001,3,2,7,11,7,-5,1,20,0.0
85.84,-2,-1,4,-5,0,-3,-2,-17,0.0
85.845,-3,-4,2,-9,-8,-4,-7,-1,0.0
85.85000000000001,-4,1,13,-2,-5,-3,-2,7,0.0
85.855,1,-1,-2,-2,-5,6,-3,2,0.0
85.86,-1,0,-4,2,-2,-3,0,4,0.0
85.865,0,7,8,0,9,0,2,-4,0.0
85.87,4,-1,-10,-7,2,4,27,25,0.0
85.875,-7,0,13,8,-1,3,2,41,0.0
85.88,0,-2,-6,-4,-4,-4,-6,-11,0.0
85.885,1,0,4,-3,-4,1,-3,9,0.0
85.89,2,-1,0,0,0,-6,-1,2,0.0
85.895,1,-1,-17,-17,-2,5,10,5,0.0
85.9,-1,-3,4,10,0,13,-2,8,0.0
85.905,-4,-1,3,-15,-4,-8,9,-7,0.0
85.91,-1,-4,-9,-6,-5,-7,-11,2,0.0
85.915,0,1,-7,-4,-1,3,0,-10,0.0
85.92,-4,-1,10,-1,-2,-10,-12,-24,0.0
85.925,-1,-3,-8,1,-4,1,-3,-9,0.0
85.93,0,-1,2,-11,-3,-3,-11,-6,0.0
85.935,-2,-6,-6,6,5,3,-6,-13,0.0
85.94,-1,2,2,-4,-5,-3,11,6,0.0
85.94500000000001,-1,1,7,12,5,-3,2,7,0.0
85.95,-4,0,-1,2,-5,-9,-10,-3,0.0
85.955,-1,-2,-4,-7,1,3,2,-11,0.0
85.96000000000001,0,-4,-14,-6,-8,6,2,11,0.0
85.965,-2,-1,15,-6,-5,-4,-8,-7,0.0
85.97,0,3,-7,-5,2,-5,-4,-1,0.0
85.97500000000001,1,2,-3,17,5,3,1,-11,0.0
85.98,-1,2,5,-15,1,-6,1,3,0.0
85.985,-1,0,-2,-24,-3,0,-3,3,0.0
85.99,-2,-6,-5,6,-2,0,-7,-16,0.0
85.995,-3,-4,-11,-19,-5,-19,-2,1,0.0
86.0,0,3,8,11,7,16,6,6,0.0
86.005,-2,-3,-27,5,-4,-4,0,-6,0.0
86.01,8,5,24,27,6,-1,7,49,0.0
86.015,-8,-5,-20,-7,-6,-6,-11,-32,0.0
86.02,-4,-1,-6,-3,-2,1,1,5,0.0
86.025,10,3,17,14,4,3,2,2,0.0
86.03,-2,-7,-16,-19,-7,-6,-6,2,0.0
86.035,4,4,4,24,0,-3,-2,7,0.0
86.04,-1,-1,11,17,2,3,5,1,0.0
86.045,-7,-11,-17,-49,-14,-7,-10,-8,0.0
86.05,-3,-2,-13,7,1,5,-1,-8,0.0
86.055,-2,1,10,-14,-2,2,2,-2,0.0
86.06,0,-1,4,10,6,-5,-6,-5,0.0
86.065,2,2,8,14,4,2,3,4,0.0
86.07000000000001,-5,-3,-5,-8,3,1,0,-13,0.0
86.075,-4,-6,-7,-9,-6,-1,-3,-4,0.0
86.08,1,0,5,4,-1,-5,-2,3,0.0
86.08500000000001,-4,1,-8,4,-3,-3,-2,-2,0.0
86.09,-2,-3,-4,-7,-3,1,-4,-7,0.0
86.095,1,1,6,6,1,2,0,1,0.0
86.10000000000001,1,-1,-11,-5,0,-1,0,2,0.0
86.105,-2,-4,2,-3,-5,-2,-2,-6,0.0
86.11,-2,2,7,6,-2,-6,1,-8,0.0
86.115,0,2,6,3,9,5,10,5,0.0
86.12,-2,-3,-10,-13,-4,-2,-6,-4,0.0
86.125,-3,-1,-10,6,1,-3,-7,-3,0.0
86.13,-1,-2,6,1,-16,-3,-7,-3,0.0
86.135,0,-2,-4,-6,3,4,4,1,0.0
86.14,-1,-1,-2,-3,13,6,5,1,0.0
86.145,-2,-1,2,-4,-7,2,1,0,0.0
86.15,-4,-2,-11,1,-4,-6,-3,-5,0.0
86.155,1,0,0,-10,-11,4,-3,-3,0.0
86.16,0,-1,-2,18,29,-6,-1,-1,0.0
86.165,-3,0,-2,7,-20,-8,-1,-2,0.0
86.17,2,0,-2,-26,-3,0,-1,-2,0.0
86.175,-2,1,2,9,-2,-2,-1,0,0.0
86.18,-4,0,0,0,-3,-5,-3,-1,0.0
86.185,-4,-1,3,24,17,5,-2,-2,0.0
86.19,-3,-5,-5,-6,-3,-4,2,-2,0.0
86.19500000000001,-6,-6,2,0,1,-1,-2,-2,0.0
86.2,5,1,-6,-1,-5,-3,-3,2,0.0
86.205,6,1,3,4,1,-3,-2,1,0.0
86.21000000000001,-7,-1,-9,3,-2,1,-2,-5,0.0
86.215,3,2,2,-6,-1,-4,0,-2,0.0
86.22,-3,-6,-4,-10,-13,1,-3,-4,0.0
86.22500000000001,-15,-12,-1,-11,-1,-4,1,-3,0.0
86.23,5,2,-1,8,-3,0,-2,-1,0.0
86.235,3,4,3,0,8,0,0,3,0.0
86.24,-1,-1,-3,-4,-17,-8,-4,-1,0.0
86.245,4,5,1,-6,2,5,3,3,0.0
86.25,-3,0,11,7,13,4,2,2,0.0
86.255,-5,-7,-12,-2,-18,-6,-9,2,0.0
86.26,-1,2,4,-12,-8,0,2,-1,0.0
86.265,2,0,-11,5,9,-5,4,3,0.0
86.27,-10,-7,-8,-10,3,0,-3,-7,0.0
86.275,1,0,2,3,7,0,-1,2,0.0
86.28,2,0,-6,-16,-11,0,-2,-1,0.0
86.285,-1,-2,0,-5,-9,0,-2,3,0.0
86.29,-12,-9,-1,-8,-3,-4,-3,-24,0.0
86.295,-2,1,3,4,-3,-1,-4,8,0.0
86.3,15,6,1,2,5,5,4,2,0.0
86.305,18,16,36,16,10,5,2,0,0.0
86.31,-51,-20,-31,-37,-8,-8,1,8,0.0
86.315,3,-10,-27,-31,-4,-5,-29,-15,0.0
86.32000000000001,-11,4,4,15,10,3,11,0,0.0
86.325,2,-2,1,-25,-5,-2,-4,1,0.0
86.33,18,13,37,30,1,3,-6,5,0.0
86.33500000000001,-6,0,-5,4,5,7,54,21,0.0
86.34,3,-5,-3,5,3,-8,-30,-15,0.0
86.345,106,41,24,20,-4,5,1,30,0.0
86.35000000000001,-28,8,0,21,2,3,8,-6,0.0
86.355,-85,-72,-58,-66,-18,-20,-16,-21,0.0
86.36,15,0,25,42,0,11,10,-7,0.0
86.365,46,12,-28,-81,-10,-3,-9,7,0.0
86.37,55,-3,28,48,21,-14,2,11,0.0
86.375,127,86,90,66,34,36,31,33,0.0
86.38,-92,-3,10,12,-74,-7,-5,39,0.0
86.385,-107,-100,-106,3,-20,-33,-48,-90,0.0
86.39,82,-12,55,-17,-3,-18,-21,-16,0.0
86.395,71,56,7,-40,38,5,-6,7,0.0
86.4,127,69,77,-2,49,24,59,91,0.0
86.405,-92,5,-68,95,-70,3,0,-20,0.0
86.41,-96,-64,33,-5,0,-23,-52,-62,0.0
86.415,28,-5,-6,57,23,-8,1,27,0.0
86.42,127,52,14,-17,33,20,31,0,0.0
86.425,-98,11,90,-42,127,23,50,84,0.0
86.43,8,-17,-82,83,-99,-17,-59,-17,0.0
86.435,-39,-34,50,-21,-33,-23,-33,-76,0.0
86.44,48,7,5,17,75,28,20,15,0.0
86.44500000000001,-68,-18,74,-30,-81,-44,-33,-30,0.0
86.45,-3,15,-24,28,64,19,31,7,0.0
86.455,-82,-38,-48,-113,-49,0,11,-5,0.0
86.46000000000001,-67,-11,-46,39,-41,-28,-42,-37,0.0
86.465,95,12,9,-53,88,20,31,17,0.0
86.47,28,61,98,32,-51,35,51,51,0.0
86.47500000000001,6,1,-96,10,74,22,7,8,0.0
86.48,-69,-59,28,-50,-97,-43,-27,-21,0.0
86.485,22,8,-18,20,-41,-10,-18,-29,0.0
86.49,25,24,17,-33,49,1,16,31,0.0
86.495,16,21,127,8,4,3,-8,-3,0.0
86.5,-19,-47,-110,-28,30,-14,-5,-33,0.0
86.505,-35,-35,64,3,-39,-16,-47,-31,0.0
86.51,14,2,-36,-32,11,13,11,4,0.0
86.515,21,6,31,61,-13,8,23,26,0.0
86.52,-7,1,-33,-69,5,2,2,-12,0.0
86.525,31,3,-36,7,-7,6,9,14,0.0
86.53,-3,1,-13,-18,17,7,10,2,0.0
86.535,-5,-7,-52,-2,-23,-10,-4,-4,0.0
86.54,-22,-11,-21,-49,-4,-15,-22,-14,0.0
86.545,26,12,-5,-15,25,19,14,2,0.0
86.55,-14,-14,-29,-16,-24,-12,-12,5,0.0
86.555,-6,3,27,34,-9,-11,-14,-6,0.0
86.56,-15,-5,-1,10,3,-1,-3,-7,0.0
86.565,21,10,33,57,11,10,65,29,0.0
86.57000000000001,-3,1,-42,-25,7,1,-46,-40,0.0
86.575,-11,-4,4,42,-15,-7,-27,-9,0.0
86.58,-25,-18,-23,16,-10,-7,-6,-7,0.0
86.58500000000001,19,9,5,31,1,1,24,11,0.0
86.59,16,1,-20,-22,12,1,-1,2,0.0
86.595,-5,0,14,-21,2,6,4,32,0.0
86.60000000000001,-6,2,46,45,4,1,34,-28,0.0
86.605,13,3,7,66,8,3,-26,13,0.0
86.61,-16,-12,-26,-94,-18,-11,-36,-58,0.0
86.615,-3,-1,-7,24,4,-7,-22,12,0.0
86.62,-6,-3,0,-20,0,5,6,22,0.0
86.625,7,0,-9,28,-6,-7,8,16,0.0
86.63,2,7,15,5,6,5,30,13,0.0
86.635,-2,-10,-43,-28,-13,-2,4,11,0.0
86.64,-8,0,40,37,-4,-7,-14,-7,0.0
86.645,6,5,-9,-33,8,-2,-15,-20,0.0
86.65,11,5,23,22,3,10,54,86,0.0
86.655,-15,-9,-15,-21,-12,-12,-8,-44,0.0
86.66,3,5,-1,13,0,12,0,16,0.0
86.665,1,-2,-14,-33,6,-4,-22,-23,0.0
86.67,2,1,-13,5,-3,-3,25,19,0.0
86.675,-3,-5,-8,0,1,-5,6,-1,0.0
86.68,-2,0,-7,-27,6,8,-18,-16,0.0
86.685,2,-14,-34,-69,-16,2,11,15,0.0
86.69,-1,7,10,4,0,-5,-6,-11,0.0
86.69500000000001,2,4,8,33,8,1,1,-9,0.0
86.7,-11,-5,-6,-23,-1,-4,-9,2,0.0
86.705,7,3,-9,-10,-3,-1,-6,-2,0.0
86.71000000000001,-17,-6,7,-7,6,4,-2,-1,0.0
86.715,3,-1,-3,27,-8,-3,-11,-10,0.0
86.72,2,-5,-9,-35,0,-3,3,8,0.0
86.72500000000001,11,6,2,9,-15,2,4,6,0.0
86.73,-6,9,-4,3,1,0,-10,-14,0.0
86.735,-6,-7,10,27,5,5,13,13,0.0
86.74,-6,-4,-5,14,2,-10,-9,-13,0.0
86.745,5,3,0,-13,8,8,5,-1,0.0
86.75,2,4,1,6,-2,-4,-58,-17,0.0
86.755,28,0,-51,-36,-7,-6,2,24,0.0
86.76,-11,-2,30,-8,-3,0,-7,-50,0.0
86.765,-4,-9,-1,9,-7,-4,7,-2,0.0
86.77,6,7,-10,2,0,-1,19,43,0.0
86.775,-9,-1,21,16,5,0,-6,-51,0.0
86.78,13,-2,-55,-1,-2,-1,-14,26,0.0
86.785,-6,-1,7,-18,7,8,18,38,0.0
86.79,13,10,36,11,-4,-5,13,-1,0.0
86.795,-21,-18,-17,-10,-11,-11,-4,8,0.0
86.8,-8,-17,48,71,-1,-1,22,13,0.0
86.805,-9,9,38,30,7,-1,-9,-13,0.0
86.81,-11,-21,-64,-43,-11,-7,8,6,0.0
86.815,-16,14,17,-14,5,6,-17,-18,0.0
86.82000000000001,2,6,-24,-26,-9,-8,15,28,0.0
86.825,0,2,3,19,3,-2,-11,-1,0.0
86.83,38,6,5,-5,3,6,-1,-1,0.0
86.83500000000001,-10,-15,-9,-15,-4,1,21,6,0.0
86.84,-3,2,12,16,-2,-4,5,16,0.0
86.845,2,-4,-68,-40,-2,-4,-36,-35,0.0
86.85000000000001,-5,7,65,55,15,9,-1,-29,0.0
86.855,-2,-1,16,8,-9,-4,1,16,0.0
86.86,14,-2,-7,-22,11,0,-7,13,0.0
86.865,0,1,-1,8,-7,-1,-8,-11,0.0
86.87,-10,-7,-16,10,-9,0,15,1,0.0
86.875,-6,-5,0,-4,2,0,-2,0,0.0
86.88,-3,0,-8,-8,0,-3,-15,-21,0.0
86.885,3,3,7,5,-1,-1,13,10,0.0
86.89,-4,-7,-11,-18,2,-1,-1,0,0.0
86.895,6,6,1,-7,13,-7,-1,-8,0.0
86.9,3,4,-2,8,-28,2,2,-2,0.0
86.905,-14,-9,-5,9,-12,-9,-12,-16,0.0
86.91,-13,-11,-2,10,-4,-3,-5,1,0.0
86.915,8,5,7,-10,4,1,-5,-2,0.0
86.92,2,1,-2,-2,11,4,5,4,0.0
86.925,4,-2,2,-8,0,-2,1,4,0.0
86.93,-3,-2,8,12,-1,1,-3,-9,0.0
86.935,-2,-3,-19,-3,-3,-8,3,1,0.0
86.94,-3,-3,-4,-12,-7,1,-6,-6,0.0
86.94500000000001,2,-2,8,3,2,-5,4,5,0.0
86.95,0,2,-18,-9,1,-1,3,0,0.0
86.955,-5,-4,-6,-14,-5,-7,-1,-4,0.0
86.96000000000001,-5,-1,12,16,3,-7,-8,3,0.0
86.965,1,0,2,3,10,5,1,-2,0.0
86.97,-1,1,17,-1,-1,-2,2,0,0.0
86.97500000000001,3,-1,-38,-9,-10,12,4,7,0.0
86.98,-2,-5,-7,-5,-10,-5,-7,-19,0.0
86.985,-14,-1,0,-4,5,11,18,39,0.0
86.99,10,-1,36,-5,-5,-7,-13,-40,0.0
86.995,-2,7,3,-1,-1,-3,6,14,0.0
87.0,4,0,-13,2,11,6,-3,-5,0.0
87.005,-1,-8,-15,17,-1,-2,-3,8,0.0
87.01,-8,-4,8,11,1,-2,4,7,0.0
87.015,-3,2,36,-41,-9,-1,-6,-11,0.0
87.02,7,13,-18,2,1,2,10,34,0.0
87.025,-1,-11,-9,17,1,-6,-1,-1,0.0
87.03,-1,6,42,18,4,1,-1,11,0.0
87.035,-2,-9,-8,5,-4,-5,-8,-6,0.0
87.04,-1,5,35,-5,-1,-3,-4,-12,0.0
87.045,5,5,-28,14,2,-1,-2,3,0.0
87.05,-15,-24,-31,-33,-8,-10,1,9,0.0
87.055,0,8,57,24,-1,4,2,6,0.0
87.06,-6,-14,-85,-22,-6,2,-1,0,0.0
87.065,7,12,93,4,-1,1,62,7,0.0
87.07000000000001,-7,-9,-87,-15,3,-7,-23,-32,0.0
87.075,1,-4,-2,15,4,5,10,-5,0.0
87.08,-2,1,34,19,-3,-9,-9,-5,0.0
87.08500000000001,3,0,-2,3,-1,2,4,-6,0.0
87.09,7,4,21,22,9,7,7,10,0.0
87.095,2,-2,-41,-60,-23,-7,-3,-1,0.0
87.10000000000001,5,-1,57,7,-1,3,9,5,0.0
87.105,-29,-14,-56,6,11,-10,-29,-18,0.0
87.11,-46,-12,-10,-30,-27,-1,-6,-13,0.0
87.115,5,1,-10,22,1,-3,-15,-4,0.0
87.12,8,5,22,5,10,1,4,-2,0.0
87.125,43,16,18,2,21,3,-4,4,0.0
87.13,50,27,78,81,2,10,13,20,0.0
87.135,-64,-38,-96,-85,-27,-10,-3,-17,0.0
87.14,-31,-7,0,-47,3,-9,-14,-20,0.0
87.145,-54,-6,95,6,-18,4,-15,-25,0.0
87.15,-6,-27,-113,-20,-29,-9,9,12,0.0
87.155,42,24,82,37,19,6,1,38,0.0
87.16,57,8,-8,2,32,7,5,4,0.0
87.165,14,33,22,8,76,16,-5,-9,0.0
87.17,-73,-17,24,-19,-76,-5,4,-27,0.0
87.175,22,-61,-23,27,18,-15,-23,-23,0.0
87.18,37,7,86,27,18,-4,-7,-27,0.0
87.185,56,6,-40,-77,32,5,11,27,0.0
87.19,10,2,-106,43,-78,-21,1,42,0.0
87.19500000000001,-33,3,36,-21,57,0,-16,-52,0.0
87.2,-17,18,76,31,27,5,3,-2,0.0
87.205,21,3,59,43,-68,2,13,24,0.0
87.21000000000001,34,15,-48,-70,66,8,9,-28,0.0
87.215,-48,6,8,8,-61,-8,-2,-2,0.0
87.22,-5,-18,-78,-9,29,-2,-16,-25,0.0
87.22500000000001,-40,-25,-93,-37,93,3,-7,-7,0.0
87.23,31,1,116,21,-69,-8,-17,-4,0.0
87.235,114,79,4,-53,-33,38,58,67,0.0
87.24,-107,-19,-5,84,-113,-43,-8,7,0.0
87.245,-43,-66,51,-26,-31,-47,-58,-71,0.0
87.25,14,12,-9,-22,52,30,6,2,0.0
87.255,-45,-43,-34,48,-40,-8,-10,-27,0.0
87.26,35,25,31,-125,89,28,11,17,0.0
87.265,16,6,-40,-45,-128,9,26,36,0.0
87.27,-8,-8,95,-62,62,-17,-14,-29,0.0
87.275,25,19,31,-55,117,17,21,10,0.0
87.28,2,-14,-127,23,10,-7,-6,23,0.0
87.285,-5,19,106,25,121,1,-6,-12,0.0
87.29,5,5,-103,17,-22,-3,-3,-7,0.0
87.295,-9,2,44,2,-71,-21,-16,-21,0.0
87.3,-17,-25,-66,14,-21,0,-8,-8,0.0
87.305,12,0,-77,-27,1,2,-3,-19,0.0
87.31,4,10,56,23,-8,3,17,21,0.0
87.315,-26,0,40,55,5,5,-4,11,0.0
87.32000000000001,-7,-13,-21,-8,-22,-2,-4,-9,0.0
87.325,5,16,-12,-2,-47,8,6,4,0.0
87.33,-9,-20,-18,-16,46,-2,-6,6,0.0
87.33500000000001,6,3,20,65,26,-11,-12,-3,0.0
87.34,17,9,36,-24,-3,10,6,-4,0.0
87.345,-3,-8,-33,-1,-18,-9,3,7,0.0
87.35000000000001,-9,1,27,13,25,0,-2,3,0.0
87.355,6,-3,-17,-22,13,1,-3,-7,0.0
87.36,-3,-2,6,-7,-40,1,4,6,0.0
87.365,-9,-7,-3,10,-9,-16,-11,-6,0.0
87.37,0,3,14,-4,18,3,-2,0,0.0
87.375,5,7,25,69,-6,5,4,7,0.0
87.38,-4,-15,-65,-102,-17,-8,-4,-1,0.0
87.385,-5,-3,5,21,0,-10,-5,-4,0.0
87.39,4,2,6,-5,19,8,0,-2,0.0
87.395,2,-6,-18,1,-4,-5,4,6,0.0
87.4,2,5,42,37,9,7,-3,-16,0.0
87.405,-1,-4,-8,-12,3,-3,-9,-5,0.0
87.41,-4,0,0,3,-9,5,8,7,0.0
87.415,-1,0,2,-25,-2,-7,-1,-1,0.0
87.42,1,0,-4,45,-7,-5,-2,1,0.0
87.425,-1,-2,-5,-10,-9,-1,38,18,0.0
87.43,-7,-9,-5,-49,-8,-10,-40,-27,0.0
87.435,1,1,-4,-5,9,6,2,1,0.0
87.44,6,6,25,10,13,14,9,3,0.0
87.44500000000001,0,2,9,31,1,7,7,6,0.0
87.45,-4,-3,2,18,1,-7,11,12,0.0
87.455,2,0,5,-14,1,-3,-8,11,0.0
87.46000000000001,-3,-1,19,16,0,0,1,-6,0.0
87.465,-9,-16,-72,-48,-17,-9,-19,-12,0.0
87.47,-4,-1,10,2,2,-3,-6,-4,0.0
87.47500000000001,-1,-1,-7,-4,-13,1,2,5,0.0
87.48,1,2,20,6,4,1,6,9,0.0
87.485,1,5,23,21,8,6,-10,14,0.0
87.49,-5,-3,-8,-3,-2,-6,-3,-49,0.0
87.495,0,-1,-7,-4,-2,-3,5,0,0.0
87.5,2,1,8,-6,-3,1,0,2,0.0
87.505,-1,2,3,-8,0,1,32,25,0.0
87.51,-7,-8,-13,14,-4,-5,-9,-2,0.0
87.515,2,-1,-4,-8,2,-1,-2,-7,0.0
87.52,-4,-2,-1,-2,-3,-6,-11,-7,0.0
87.525,4,4,1,0,2,4,5,2,0.0
87.53,3,0,15,13,6,0,7,18,0.0
87.535,-3,-3,-15,3,-4,-2,-6,-11,0.0
87.54,3,-2,-8,-14,-2,-6,10,12,0.0
87.545,-4,0,18,4,-9,0,-17,-15,0.0
87.55,3,-3,-11,0,-7,1,3,10,0.0
87.555,-4,0,-9,-5,5,-5,-2,-4,0.0
87.56,0,0,3,-2,-4,1,1,2,0.0
87.565,2,0,17,18,1,-3,-10,3,0.0
87.57000000000001,-9,-1,-9,-9,1,0,-14,-36,0.0
87.575,-3,-2,-1,-12,-3,-1,-6,-4,0.0
87.58,-1,-1,0,-4,-6,-1,17,3,0.0
87.58500000000001,5,3,-7,1,2,1,-14,36,0.0
87.59,5,-5,5,-7,-1,0,0,-60,0.0
87.595,-1,0,-2,11,4,3,6,28,0.0
87.60000000000001,-10,-1,-3,10,-1,2,-6,10,0.0
87.605,7,-5,3,-2,-3,-4,-20,-37,0.0
87.61,-3,2,11,-3,1,-3,10,30,0.0
87.615,2,-4,-28,-3,-3,-4,-8,-13,0.0
87.62,0,-2,-7,-4,-4,0,13,0,0.0
87.625,0,-2,-27,-8,3,2,-7,-5,0.0
87.63,0,3,35,0,3,-2,-1,19,0.0
87.635,-2,-3,-8,15,-7,-6,-5,-10,0.0
87.64,4,4,13,1,6,1,3,26,0.0
87.645,-11,-4,-19,-6,-2,-1,1,-14,0.0
87.65,3,1,4,-6,-1,0,2,15,0.0
87.655,-4,-6,0,0,-2,2,2,9,0.0
87.66,-4,-3,1,-9,-7,-7,-11,-15,0.0
87.665,-1,0,9,-11,5,0,-5,-10,0.0
87.67,1,-1,-11,30,-7,2,4,7,0.0
87.675,3,0,-14,-32,-2,4,8,21,0.0
87.68,-4,-3,30,16,-8,-9,-14,-12,0.0
87.685,-2,-2,5,7,4,-2,-5,-14,0.0
87.69,2,3,-1,6,-1,-4,8,30,0.0
87.69500000000001,0,2,8,-3,-7,0,2,-11,0.0
87.7,1,-4,-17,-11,3,-2,-9,-11,0.0
87.705,-6,-2,-14,7,-12,-1,1,-6,0.0
87.71000000000001,0,-2,-9,-7,5,-1,-1,10,0.0
87.715,0,0,8,4,-10,-3,-3,-10,0.0
87.72,-2,0,1,-3,6,-3,-4,-10,0.0
87.72500000000001,0,0,6,1,-1,-2,1,11,0.0
87.73,1,0,-7,-4,1,-1,2,7,0.0
87.735,3,1,4,-3,9,2,1,-6,0.0
87.74,15,4,2,13,3,-5,-4,9,0.0
87.745,36,7,-1,-39,-16,3,4,4,0.0
87.75,-8,11,22,17,-6,0,4,5,0.0
87.755,-86,-24,-30,-30,-1,3,-8,-26,0.0
87.76,11,-12,31,-11,-13,-9,-9,-5,0.0
87.765,15,-2,-40,25,-3,-11,-8,-5,0.0
87.77,24,14,36,17,19,13,4,-2,0.0
87.775,60,23,-6,-16,-5,2,9,12,0.0
87.78,-58,-3,43,33,-8,-4,2,61,0.0
87.785,-26,-32,-11,-15,20,-5,-22,-59,0.0
87.79,-2,-2,-5,14,-17,-5,-2,1,0.0
87.795,10,1,4,7,22,-2,-17,-29,0.0
87.8,-3,9,-91,-27,16,11,5,49,0.0
87.805,-3,12,70,35,-17,-5,10,-9,0.0
87.81,-12,-34,-6,-67,0,-5,1,-18,0.0
87.815,55,7,68,52,83,33,20,9,0.0
87.82000000000001,-67,-28,-120,-65,-67,-38,-13,20,0.0
87.825,-26,-2,89,-14,54,-13,-33,-59,0.0
87.83,92,46,-9,-5,80,27,32,27,0.0
87.83500000000001,-47,-9,-116,-55,-91,-17,9,-5,0.0
87.84,68,-34,55,-16,-3,-3,-23,6,0.0
87.845,47,48,76,12,32,19,-12,-5,0.0
87.85000000000001,-128,-59,-110,57,42,-7,-21,7,0.0
87.855,-75,6,31,-33,-67,-13,-13,-64,0.0
87.86,115,61,54,24,12,12,18,41,0.0
87.865,-38,-18,-29,-5,62,20,36,-12,0.0
87.87,-16,-13,-36,-27,-83,-32,-26,27,0.0
87.875,-73,-16,41,-46,27,-17,-44,-13,0.0
87.88,-5,-18,-34,7,7,2,6,-65,0.0
87.885,63,37,86,23,29,14,24,31,0.0
87.89,81,36,-51,26,23,16,19,82,0.0
87.895,9,-18,-13,-10,-21,-10,42,44,0.0
87.9,19,22,-27,22,32,-2,-27,-44,0.0
87.905,-65,-37,-58,26,-85,10,27,-14,0.0
87.91,46,-26,31,12,-7,-3,-14,-28,0.0
87.915,12,26,17,-6,10,6,17,46,0.0
87.92,-39,-55,44,46,60,19,23,-36,0.0
87.925,-101,-13,-43,-34,-51,-14,-33,-1,0.0
87.93,-4,-24,-44,-38,-44,-27,-14,-53,0.0
87.935,53,-42,47,15,38,-3,-19,7,0.0
87.94,38,60,19,24,29,21,24,15,0.0
87.94500000000001,105,37,-10,11,-5,0,12,69,0.0
87.95,-56,34,67,-46,8,2,0,-21,0.0
87.955,-34,-57,-35,34,-2,-6,-14,-44,0.0
87.96000000000001,73,20,-10,-32,3,2,-4,2,0.0
87.965,-26,8,-58,-23,-34,-1,13,36,0.0
87.97,9,31,28,3,9,4,5,-9,0.0
87.97500000000001,-15,-42,-28,24,8,-7,-17,9,0.0
87.98,-97,-41,-11,-13,-39,-10,-6,-40,0.0
87.985,72,24,17,-26,23,-7,-12,10,0.0
87.99,76,41,14,3,11,10,22,19,0.0
87.995,-6,12,-4,19,-16,7,5,8,0.0
88.0,10,0,21,-5,-5,-10,-8,-8,0.0
88.005,16,-1,17,45,23,5,6,4,0.0
88.01,-66,-40,-71,-63,-30,-9,-20,-20,0.0
88.015,34,10,-1,8,-11,-12,-3,2,0.0
88.02,-3,15,1,17,14,14,11,0,0.0
88.025,-16,-13,-19,-3,-10,-7,-22,3,0.0
88.03,-27,-28,31,17,-14,-7,-2,-3,0.0
88.035,40,35,10,23,20,11,12,14,0.0
88.04,4,6,-31,-60,-19,0,26,67,0.0
88.045,-51,-42,-4,15,-13,-11,-28,-91,0.0
88.05,8,-3,28,6,0,0,-7,-17,0.0
88.055,28,26,9,33,10,-3,15,37,0.0
88.06,-33,-6,-1,47,-10,-1,-75,-58,0.0
88.065,5,-24,-22,11,-15,-8,15,30,0.0
88.07000000000001,10,9,22,-18,9,11,6,-5,0.0
88.075,13,20,-19,-5,3,5,25,-10,0.0
88.08,-17,-15,1,-7,-15,-6,-2,25,0.0
88.08500000000001,3,-2,-12,-1,-1,-15,-13,8,0.0
88.09,4,2,-7,29,11,5,-3,-7,0.0
88.095,-10,-1,44,51,0,2,-30,-2,0.0
88.10000000000001,6,-2,1,-34,-12,-2,21,17,0.0
88.105,8,-2,-20,-16,2,-7,-12,-19,0.0
88.11,-7,-3,13,2,-6,-3,36,17,0.0
88.115,18,2,-18,-26,3,2,-2,54,0.0
88.12,-12,-4,-3,-12,-8,-6,-8,-80,0.0
88.125,-1,-1,9,-3,-7,-8,-6,8,0.0
88.13,-5,-6,-14,-9,-2,1,13,19,0.0
88.135,10,5,-6,-13,-3,0,-4,3,0.0
88.14,0,1,14,7,-1,-4,-12,-6,0.0
88.145,-7,-9,-24,-10,3,4,30,30,0.0
88.15,2,-5,0,19,-2,-4,-13,-3,0.0
88.155,3,0,-10,-16,-6,-2,-12,-29,0.0
88.16,-5,0,9,9,2,7,17,5,0.0
88.165,2,-5,-16,-22,-1,-1,7,1,0.0
88.17,1,0,3,4,-2,-9,-15,-2,0.0
88.175,20,10,3,0,1,1,-9,-21,0.0
88.18,-6,4,-8,-9,-7,0,8,4,0.0
88.185,-39,-41,-16,-8,-2,-5,-6,-1,0.0
88.19,4,4,10,14,-1,-3,-18,-11,0.0
88.19500000000001,-3,2,-11,-9,-1,3,12,1,0.0
88.2,24,5,5,-2,3,-9,-2,8,0.0
88.205,4,9,0,-9,0,4,-1,0,0.0
88.21000000000001,-10,-7,5,12,-15,0,1,-4,0.0
88.215,0,-4,-9,-6,2,-6,2,-7,0.0
88.22,-2,3,-5,-2,-2,4,1,5,0.0
88.22500000000001,8,7,1,-21,2,-3,-6,-2,0.0
88.23,-6,-10,-8,16,3,-4,-3,-4,0.0
88.235,-3,2,-12,-1,-6,-3,-8,5,0.0
88.24,-6,-4,-4,-15,0,2,2,-2,0.0
88.245,4,2,3,15,-3,-1,8,11,0.0
88.25,4,1,7,-13,-3,0,-5,-1,0.0
88.255,0,-2,-2,-3,-3,-1,-1,-19,0.0
88.26,-12,-6,4,12,3,-2,0,-1,0.0
88.265,7,4,-11,-11,1,4,0,2,0.0
88.27,-1,2,1,5,1,-5,-3,0,0.0
88.275,-4,0,2,2,-1,-3,-2,-7,0.0
88.28,-7,-6,-2,-12,-3,1,3,-2,0.0
88.285,6,5,5,2,-4,-3,0,1,0.0
88.29,0,-2,-1,-4,-1,0,-7,-4,0.0
88.295,-6,-1,-6,0,6,4,8,0,0.0
88.3,1,-3,3,-2,1,-1,-2,-3,0.0
88.305,1,1,2,2,-3,2,-5,1,0.0
88.31,-5,-3,0,-7,3,3,1,1,0.0
88.315,0,0,2,4,-11,-7,2,-1,0.0
88.32000000000001,-3,-4,-12,-21,-3,-4,-3,-2,0.0
88.325,0,1,3,11,3,-1,-1,-3,0.0
88.33,-2,1,4,-9,-2,6,0,-2,0.0
88.33500000000001,-2,-5,2,10,-3,-4,-6,-2,0.0
88.34,-3,-5,-16,-23,-7,-1,-2,-2,0.0
88.345,0,-3,-5,-16,1,-5,1,0,0.0
88.35000000000001,1,1,4,2,6,-2,0,-1,0.0
88.355,-1,0,11,-4,-1,3,0,0,0.0
88.36,-2,-1,4,15,-2,-2,-4,5,0.0
88.365,-1,-2,-10,-3,-4,2,-2,-10,0.0
88.37,-1,1,6,13,2,1,5,16,0.0
88.375,-4,-3,21,3,1,-4,-5,-6,0.0
88.38,-2,-1,0,8,-3,-7,-6,-14,0.0
88.385,0,0,-3,0,-2,2,0,4,0.0
88.39,-2,-2,-8,-3,0,-8,-3,1,0.0
88.395,-1,1,-6,-12,-3,5,7,2,0.0
88.4,1,-1,8,3,10,0,-1,-1,0.0
88.405,1,0,7,24,-10,-10,0,7,0.0
88.41,-3,-4,-8,-4,-7,5,1,-7,0.0
88.415,-3,-4,-10,-23,-1,-1,-4,0,0.0
88.42,-1,0,2,-1,-10,-2,0,2,0.0
88.425,-1,0,-7,-7,1,1,-2,-8,0.0
88.43,-1,-3,-2,3,1,-3,-3,3,0.0
88.435,-1,-2,-5,-2,-1,-11,-4,-4,0.0
88.44,-1,-1,2,9,2,8,7,6,0.0
88.44500000000001,1,-3,4,4,3,3,1,15,0.0
88.45,1,-2,-3,-8,-5,-2,-1,-12,0.0
88.455,0,-2,-9,-15,-2,0,-1,0,0.0
88.46000000000001,0,-3,8,38,-1,-3,16,19,0.0
88.465,1,-1,0,-13,0,0,-6,0,0.0
88.47,1,0,7,0,-2,-3,1,0,0.0
88.47500000000001,-2,-3,-11,7,-5,-4,-11,-11,0.0
88.48,1,1,0,3,7,0,14,13,0.0
88.485,-1,2,-4,-4,-4,1,-1,-7,0.0
88.49,-1,0,0,-5,-2,-3,-7,-6,0.0
88.495,0,-1,-2,12,7,7,16,8,0.0
88.5,-1,-3,-1,-11,-18,-10,-10,-9,0.0
88.505,-1,-1,0,4,2,0,0,3,0.0
88.51,-1,-3,-6,-7,-3,-3,-6,-6,0.0
88.515,0,-2,1,1,4,1,-2,4,0.0
88.52,-2,-1,-3,-2,3,2,-6,-11,0.0
88.525,-3,-1,6,-9,-1,-4,-11,-6,0.0
88.53,-2,1,2,4,12,8,8,7,0.0
88.535,-1,-3,-2,-8,-19,-6,-3,-4,0.0
88.54,2,0,-14,1,12,-1,-4,-3,0.0
88.545,-7,-2,4,8,-9,1,7,2,0.0
88.55,3,-1,-14,6,-2,-3,-2,4,0.0
88.555,21,11,14,0,8,2,-3,-7,0.0
88.56,7,-3,-1,6,0,-4,-11,-37,0.0
88.565,-54,-15,-20,-9,1,-3,-6,-8,0.0
88.57000000000001,1,-10,-21,-9,10,1,-1,-7,0.0
88.575,54,16,25,21,9,5,10,29,0.0
88.58,93,58,69,2,15,19,25,45,0.0
88.58500000000001,-79,-57,-63,24,-31,-23,-24,-34,0.0
88.59,-24,-42,5,-40,-86,-33,-33,-75,0.0
88.595,52,18,18,-13,55,12,0,-6,0.0
88.60000000000001,112,92,-68,78,67,34,40,81,0.0
88.605,-45,-28,36,12,-63,0,26,30,0.0
88.61,-41,-68,120,-24,91,-8,-45,-29,0.0
88.615,64,-7,-33,78,-118,-12,21,35,0.0
88.62,-110,8,11,-16,-29,-2,23,-31,0.0
88.625,66,-3,-91,-73,-5,-29,-79,-42,0.0
88.63,9,16,-70,-71,37,-21,-39,-51,0.0
88.635,26,76,55,12,95,41,55,72,0.0
88.64,-77,-91,-30,49,-104,-18,-7,-62,0.0
88.645,-16,-82,-7,24,89,0,-3,-40,0.0
88.65,79,61,111,94,62,51,73,109,0.0
88.655,85,79,-83,52,-37,-19,1,-128,0.0
88.66,-69,-77,127,-74,24,-42,-88,-26,0.0
88.665,-63,-19,78,-20,-44,-24,-8,-1,0.0
88.67,117,75,99,6,61,29,4,2,0.0
88.675,-10,55,91,48,-16,48,80,52,0.0
88.68,-91,-100,-96,6,7,-46,-77,-34,0.0
88.685,78,32,-6,-88,-42,-22,-30,-49,0.0
88.69,103,49,-23,-21,3,3,8,7,0.0
88.69500000000001,-13,12,95,-31,106,36,78,115,0.0
88.7,-64,-63,-86,-40,-121,-8,-10,-43,0.0
88.705,23,15,-26,41,84,20,13,39,0.0
88.71000000000001,-43,0,-67,-11,-85,-1,19,20,0.0
88.715,-75,-66,-8,-54,5,-22,-32,-22,0.0
88.72,48,24,47,21,18,0,10,0,0.0
88.72500000000001,39,54,14,39,9,17,22,26,0.0
88.73,-60,-21,-26,10,-38,-2,21,-6,0.0
88.735,-76,-77,-32,-32,-37,-31,-75,-71,0.0
88.74,55,38,-4,20,47,7,-1,20,0.0
88.745,28,36,15,-8,4,25,41,20,0.0
88.75,-50,-28,-17,17,-24,-10,-27,-15,0.0
88.755,-23,-38,-27,-39,-4,-28,-41,-18,0.0
88.76,41,33,3,-5,20,15,20,15,0.0
88.765,16,18,21,13,4,12,45,39,0.0
88.77,-23,-22,-7,26,-20,-8,-10,-7,0.0
88.775,-12,-17,-18,-14,-8,-9,-23,-16,0.0
88.78,16,13,-29,-78,-3,1,2,4,0.0
88.785,4,9,84,118,8,-2,14,8,0.0
88.79,-12,-21,-99,-65,-25,-9,-1,3,0.0
88.795,-16,-15,-1,81,-11,-12,-17,-15,0.0
88.8,15,11,13,-3,25,18,27,79,0.0
88.805,9,7,3,-3,7,4,21,-28,0.0
88.81,-7,4,0,68,7,-6,-36,-12,0.0
88.815,-17,-14,6,-21,-6,-1,-1,-12,0.0
88.82000000000001,4,1,-19,-75,-7,-3,8,25,0.0
88.825,11,6,7,14,-1,3,-2,-36,0.0
88.83,-7,3,15,18,-2,6,14,12,0.0
88.83500000000001,-14,-18,-19,-29,-14,-3,-4,-6,0.0
88.84,12,10,31,25,14,2,-5,-23,0.0
88.845,5,4,8,-26,3,0,-10,8,0.0
88.85000000000001,-6,-10,-25,36,-8,-10,19,-3,0.0
88.855,-9,-8,-13,-37,-2,-5,-26,-10,0.0
88.86,11,10,9,15,7,8,10,-7,0.0
88.865,1,1,-7,-8,-8,-7,-14,-5,0.0
88.87,-5,-8,11,13,-6,-3,4,10,0.0
88.875,-1,-5,-8,7,3,0,-3,1,0.0
88.88,4,2,20,4,2,2,-4,-19,0.0
88.885,0,-4,-16,-3,-4,1,1,16,0.0
88.89,-9,-3,0,-10,8,0,-1,-1,0.0
88.895,-1,-9,-23,-21,-20,-12,-13,-11,0.0
88.9,4,2,15,19,4,3,7,-10,0.0
88.905,2,-1,9,1,4,5,-8,5,0.0
88.91,0,-4,-12,-13,-3,-1,5,4,0.0
88.915,-4,-5,-5,-4,-3,-9,-12,-11,0.0
88.92,1,3,11,15,3,4,3,-1,0.0
88.925,6,3,-9,-3,-3,0,-1,6,0.0
88.93,2,5,6,-4,3,-5,-2,-5,0.0
88.935,-15,-19,1,0,5,-3,-2,1,0.0
88.94,8,8,4,21,-9,-2,0,-4,0.0
88.94500000000001,-23,-5,-11,-24,1,5,-2,0,0.0
88.95,0,-2,3,-6,3,5,6,0,0.0
88.955,4,3,3,4,-1,-1,-5,-1,0.0
88.96000000000001,7,3,3,8,2,-2,0,-1,0.0
88.965,3,2,-9,-13,-7,-5,-5,-1,0.0
88.97,-12,-6,6,9,-5,-4,0,0,0.0
88.97500000000001,0,-3,-13,-16,0,1,0,0,0.0
88.98,-4,-7,-11,2,-3,-2,-2,0,0.0
88.985,4,1,-1,-5,-6,-2,-4,-7,0.0
88.99,0,6,19,9,7,1,3,4,0.0
88.995,-10,2,5,-9,-2,-2,-2,3,0.0
89.0,17,1,-12,-1,0,0,50,9,0.0
89.005,3,3,-11,10,-4,-4,-28,32,0.0
89.01,-8,-4,-4,-57,-5,0,1,-34,0.0
89.015,-19,-19,-58,-30,-15,-16,-16,-15,0.0
89.02,-4,9,30,3,2,3,7,11,0.0
89.025,26,4,40,64,8,4,12,28,0.0
89.03,-1,-12,-89,-80,-13,-10,9,2,0.0
89.035,7,9,45,41,2,4,-18,30,0.0
89.04,-20,-10,-17,-19,2,-1,-20,-20,0.0
89.045,0,-7,38,19,-4,-6,-11,-29,0.0
89.05,4,15,26,29,6,2,50,56,0.0
89.055,5,-2,-5,-22,-2,3,-17,8,0.0
89.06,-17,-14,-32,-6,-4,-9,-54,-19,0.0
89.065,7,14,17,0,7,12,38,27,0.0
89.07000000000001,-22,-6,1,4,-5,-12,-44,-17,0.0
89.075,-37,-1,-27,-12,1,1,22,4,0.0
89.08,22,-1,78,24,-1,-8,-3,0,0.0
89.08500000000001,-1,-5,-38,-8,-8,-2,13,-10,0.0
89.09,4,10,18,1,1,4,-29,-19,0.0
89.095,-42,0,-13,15,5,9,90,38,0.0
89.10000000000001,9,-3,-15,-21,8,-2,-79,-57,0.0
89.105,-14,-2,15,5,4,-5,-2,-14,0.0
89.11,7,0,27,28,-21,-3,6,5,0.0
89.115,32,15,11,7,2,2,-10,-11,0.0
89.12,-3,-2,-6,10,-3,0,34,18,0.0
89.125,-12,-11,-13,-19,1,-3,-6,-4,0.0
89.13,15,2,0,12,9,6,0,-2,0.0
89.135,10,-5,7,-6,-7,-5,-15,-11,0.0
89.14,0,6,-16,-4,-6,-1,4,3,0.0
89.145,-6,-7,-23,-21,11,0,-15,-11,0.0
89.15,2,-6,3,8,7,4,5,9,0.0
89.155,15,0,4,33,-10,2,-12,-6,0.0
89.16,-12,-2,-13,-11,-21,-1,9,11,0.0
89.165,-9,-10,3,-16,5,-16,-5,-11,0.0
89.17,4,0,-5,4,-7,-5,2,4,0.0
89.175,8,-3,14,4,17,0,-14,-9,0.0
89.18,7,5,-7,-1,4,3,7,3,0.0
89.185,-5,2,-7,-10,0,7,3,1,0.0
89.19,-7,-7,6,9,1,-6,-10,-8,0.0
89.19500000000001,10,0,-4,0,-3,-6,-14,-10,0.0
89.2,-6,-1,-3,-7,-9,-1,7,10,0.0
89.205,1,-2,-9,-14,-11,1,-4,-2,0.0
89.21000000000001,-7,-5,0,6,6,0,-3,1,0.0
89.215,1,-4,2,1,-5,-6,-8,-7,0.0
89.22,-1,0,-3,-1,4,3,12,3,0.0
89.22500000000001,5,0,-1,0,3,5,-1,0,0.0
89.23,2,-1,-4,-6,-6,4,-4,-2,0.0
89.235,1,-1,1,-5,-3,-8,0,-3,0.0
89.24,-4,-5,0,7,5,-6,1,-2,0.0
89.245,2,2,-1,-3,-4,0,-2,1,0.0
89.25,-3,-4,1,9,-5,1,-3,-1,0.0
89.255,-1,0,-7,-16,-5,-2,-6,-6,0.0
89.26,-3,-3,4,11,8,-2,6,3,0.0
89.265,1,-1,-10,-9,-2,-1,0,1,0.0
89.27,4,1,25,17,-1,-4,-1,-1,0.0
89.275,-19,-3,2,30,-1,0,-7,-3,0.0
89.28,5,-7,-33,-20,-3,-4,-4,6,0.0
89.285,-23,3,38,3,-12,-8,-11,-25,0.0
89.29,17,-2,-29,-10,2,0,4,0,0.0
89.295,5,3,19,14,10,8,0,-3,0.0
89.3,-4,4,8,12,6,3,2,9,0.0
89.305,-3,-3,-17,21,-4,-3,-5,5,0.0
89.31,-7,-1,-8,-54,-7,-10,-6,-3,0.0
89.315,6,3,30,-10,-4,-1,2,3,0.0
89.32000000000001,-2,-4,-41,19,4,0,3,-2,0.0
89.325,6,-2,11,3,-8,3,-1,2,0.0
89.33,-6,2,6,11,4,2,3,-2,0.0
89.33500000000001,7,-3,-15,-16,-1,1,-1,0,0.0
89.34,-6,-2,26,5,-3,-6,-5,-7,0.0
89.345,3,0,-4,-10,-5,2,1,-1,0.0
89.35000000000001,-2,-3,-14,9,-2,-10,-2,10,0.0
89.355,-3,-2,1,-8,2,-2,-6,-29,0.0
89.36,3,6,34,31,2,13,5,-1,0.0
89.365,-3,-16,-79,-77,-7,-12,-6,2,0.0
89.37,6,4,24,11,8,10,11,105,0.0
89.375,-1,-4,-10,-10,-11,-10,1,26,0.0
89.38,-3,3,29,12,-7,-2,-29,12,0.0
89.385,11,10,11,21,13,11,10,77,0.0
89.39,-6,-11,-29,-16,12,-3,2,4,0.0
89.395,-2,-2,-14,-7,-7,-6,-4,-18,0.0
89.4,5,6,10,-4,-21,-4,34,35,0.0
89.405,0,4,11,-28,3,-3,-66,-20,0.0
89.41,-20,-13,-7,-4,13,7,11,-15,0.0
89.415,1,-3,-7,7,-3,-1,5,23,0.0
89.42,16,3,18,6,2,-9,-11,-22,0.0
89.425,0,4,-22,-16,-19,-6,25,9,0.0
89.43,-13,-2,24,31,-24,-7,0,-31,0.0
89.435,-4,-6,3,-25,-11,3,-23,-49,0.0
89.44,20,3,-20,38,23,3,22,81,0.0
89.44500000000001,57,22,28,10,-11,6,13,-32,0.0
89.45,-20,14,-34,-34,33,-7,-24,-45,0.0
89.455,-97,-58,-13,-11,-45,-12,7,-1,0.0
89.46000000000001,-11,-10,0,-12,7,-1,-13,-34,0.0
89.465,14,-2,-11,2,1,-2,13,3,0.0
89.47,32,9,28,39,-7,6,-3,2,0.0
89.47500000000001,43,39,27,21,30,9,12,29,0.0
89.48,5,6,16,-2,4,7,4,-17,0.0
89.485,-49,-28,22,-28,-26,-17,-24,-29,0.0
89.49,-14,-3,-79,-60,-13,-6,-7,-8,0.0
89.495,4,-11,20,-13,6,-11,-5,7,0.0
89.5,-5,-6,-5,10,6,2,-2,-12,0.0
89.505,14,10,14,47,21,12,22,27,0.0
89.51,50,20,67,3,-8,10,7,6,0.0
89.515,63,27,-36,31,-26,2,5,21,0.0
89.52,-98,-36,14,-49,-9,-10,-24,-23,0.0
89.525,-67,-60,-69,-23,6,-14,-14,-28,0.0
89.53,8,-4,26,17,13,0,-3,-1,0.0
89.535,14,1,-21,-11,11,4,1,-2,0.0
89.54,41,35,20,-12,22,8,15,21,0.0
89.545,10,13,31,64,1,2,14,15,0.0
89.55,-4,-3,28,21,-53,-7,-2,-14,0.0
89.555,-12,-4,-54,2,-3,-3,-2,-2,0.0
89.56,-3,-10,7,-28,-5,-8,-16,-16,0.0
89.565,-11,-5,-42,-59,4,0,-1,2,0.0
89.57000000000001,13,5,14,31,28,10,14,23,0.0
89.575,10,22,65,29,4,1,11,5,0.0
89.58,32,8,-31,-5,4,-1,-5,-1,0.0
89.58500000000001,1,16,60,23,-34,-6,-5,-13,0.0
89.59,-104,-40,-17,-3,-20,-17,-26,-47,0.0
89.595,-22,-19,6,5,17,5,-5,4,0.0
89.60000000000001,5,-4,12,-17,-1,2,6,-1,0.0
89.605,49,13,-11,-26,4,2,18,29,0.0
89.61,42,25,34,-19,60,12,16,26,0.0
89.615,3,7,-16,25,-76,-4,6,-3,0.0
89.62,-21,-9,-44,102,2,-12,-23,-18,0.0
89.625,-15,-35,20,53,10,0,-16,-12,0.0
89.63,-42,-35,-84,-103,-57,-30,-23,-31,0.0
89.635,13,8,36,55,43,11,0,3,0.0
89.64,40,22,12,15,-15,7,16,10,0.0
89.645,58,34,46,55,26,9,19,24,0.0
89.65,78,56,120,84,85,36,27,23,0.0
89.655,-57,-68,-98,-74,-52,-32,-28,-23,0.0
89.66,-19,-58,80,15,-1,-19,-31,-21,0.0
89.665,54,38,12,99,30,11,7,4,0.0
89.67,-28,-32,-92,-94,-18,-10,1,6,0.0
89.675,118,103,119,71,64,24,35,34,0.0
89.68,65,54,61,54,48,32,34,43,0.0
89.685,-97,-116,-93,-10,-70,-48,-44,-52,0.0
89.69,83,-13,16,17,-14,-38,-69,-93,0.0
89.69500000000001,44,22,45,-29,25,11,7,19,0.0
89.7,87,25,0,-64,31,0,31,34,0.0
89.705,127,125,127,20,127,48,41,55,0.0
89.71000000000001,-17,-25,-118,36,-128,-12,9,13,0.0
89.715,-101,-93,79,-37,72,-28,-35,-28,0.0
89.72,50,14,-117,16,-95,25,7,-12,0.0
89.72500000000001,-99,-5,44,-40,57,-5,-7,8,0.0
89.73,-24,-10,-45,-28,-14,0,6,4,0.0
89.735,-5,33,13,-18,23,-5,-10,-33,0.0
89.74,-62,-15,-27,-36,-12,-23,-19,6,0.0
89.745,7,1,-37,5,-4,-6,-9,-20,0.0
89.75,43,51,127,59,46,27,30,50,0.0
89.755,10,-19,-128,-14,-51,9,28,40,0.0
89.76,-34,-23,-71,-26,-72,-12,-7,-63,0.0
89.765,-23,-28,-19,-24,-29,-27,-43,-48,0.0
89.77,51,28,63,43,28,13,19,19,0.0
89.775,47,17,17,-16,15,9,1,21,0.0
89.78,-27,-19,-71,-8,14,-4,-8,-5,0.0
89.785,-31,-17,-7,-15,-32,-5,-2,-5,0.0
89.79,-12,1,-9,4,23,-7,8,6,0.0
89.795,19,16,-3,-7,-15,3,-6,-4,0.0
89.8,-30,-19,-3,-16,-6,-14,-20,-11,0.0
89.805,-8,0,-5,-18,-10,10,12,3,0.0
89.81,-17,1,-11,-6,3,-3,-6,3,0.0
89.815,-28,-14,-19,17,-11,-10,-11,-21,0.0
89.82000000000001,-5,1,52,8,25,-1,6,3,0.0
89.825,10,2,-27,-43,-18,4,5,-6,0.0
89.83,-13,-8,-7,9,-2,-1,-6,-1,0.0
89.83500000000001,2,-8,-13,5,-5,-1,-3,-7,0.0
89.84,-4,3,19,0,20,2,2,-4,0.0
89.845,13,5,-12,-5,-18,-7,2,8,0.0
89.85000000000001,-13,-11,-11,6,10,6,-4,-2,0.0
89.855,-10,-1,4,-4,8,1,0,-8,0.0
89.86,-1,4,17,-13,4,-6,-5,5,0.0
89.865,-4,-7,-16,8,-18,-5,-1,0,0.0
89.87,-4,-3,5,-10,7,5,5,2,0.0
89.875,-2,0,-3,20,3,6,-2,-4,0.0
89.88,-3,2,10,-4,-2,-2,-1,-1,0.0
89.885,10,-1,-5,-8,-4,-1,0,3,0.0
89.89,-7,-7,-17,10,-9,-4,-5,-4,0.0
89.895,-1,3,-2,-6,3,2,0,-1,0.0
89.9,-1,-1,4,4,9,-1,-1,-1,0.0
89.905,-6,0,2,-4,-9,5,2,-1,0.0
89.91,-2,-2,5,-12,-7,-8,-4,-1,0.0
89.915,-12,-9,-16,-3,-5,-13,-8,-9,0.0
89.92,-8,-7,10,-5,6,7,1,-1,0.0
89.925,9,7,2,0,3,-3,5,6,0.0
89.93,-7,-4,4,-13,4,9,5,1,0.0
89.935,2,1,9,1,-8,-2,-4,-3,0.0
89.94,-8,-17,0,-3,-6,-18,-12,-11,0.0
89.94500000000001,3,8,-24,-19,-7,6,5,3,0.0
89.95,-4,-8,17,13,-1,-8,-8,-5,0.0
89.955,-1,1,-25,-4,-2,2,0,-1,0.0
89.96000000000001,3,4,21,6,3,6,5,1,0.0
89.965,2,-4,5,-16,4,-2,-3,-2,0.0
89.97,-15,-9,-38,-15,-10,-6,-2,-2,0.0
89.97500000000001,-10,4,11,1,-4,0,-1,-2,0.0
89.98,-8,0,4,7,14,-4,0,1,0.0
89.985,4,-3,-7,-5,-12,5,1,2,0.0
89.99,4,6,6,45,13,-1,-3,0,0.0
89.995,16,3,26,-32,-9,4,4,10,0.0
90.0,2,6,-19,-12,-6,-11,-3,-7,0.0
90.005,-22,-16,3,-21,1,-2,0,-5,0.0
90.01,-4,-4,-1,15,3,2,-1,0,0.0
90.015,2,4,26,22,-2,-2,-2,0,0.0
90.02,12,9,4,34,11,8,5,0,0.0
90.025,3,-4,-22,-34,-11,-8,0,15,0.0
90.03,5,6,30,37,6,6,-4,-25,0.0
90.035,-8,-3,-54,-68,-8,-7,15,12,0.0
90.04,-1,-8,-10,-21,-9,0,-9,-10,0.0
90.045,6,7,10,36,7,7,22,44,0.0
90.05,-1,6,26,8,5,1,-23,-10,0.0
90.055,-2,-7,-16,-12,-6,-6,0,-15,0.0
90.06,4,4,26,32,-4,1,22,44,0.0
90.065,-3,-12,-66,-83,-5,-8,-47,7,0.0
90.07000000000001,15,16,67,25,8,8,52,66,0.0
90.075,6,2,-3,62,11,-3,-28,8,0.0
90.08,-11,-12,-40,-83,-21,-12,-19,-16,0.0
90.08500000000001,-3,-7,-27,-29,-2,-2,17,-11,0.0
90.09,2,7,0,1,1,0,1,2,0.0
90.095,1,13,92,113,20,9,-5,-23,0.0
90.10000000000001,3,0,23,67,5,9,7,14,0.0
90.105,4,-9,-65,-59,-36,-18,-8,-32,0.0
90.11,-2,-2,-2,33,-3,-3,-10,-11,0.0
90.115,-13,-20,-9,-13,-3,0,3,40,0.0
90.12,5,13,45,12,12,2,3,-15,0.0
90.125,0,5,30,57,16,3,5,4,0.0
90.13,-8,-12,-55,-58,-22,-19,-24,-49,0.0
90.135,4,2,14,10,-2,1,-2,-10,0.0
90.14,4,10,36,45,4,8,0,11,0.0
90.145,-2,-2,-26,18,0,-7,0,4,0.0
90.15,-9,-23,-70,-56,-16,-5,2,19,0.0
90.155,7,9,61,93,10,8,-1,-8,0.0
90.16,4,13,44,70,9,6,4,1,0.0
90.165,-20,-22,-34,-32,-10,-7,-11,-13,0.0
90.17,7,12,93,76,11,5,-6,10,0.0
90.175,-20,-28,-83,-104,-25,-14,17,-28,0.0
90.18,13,12,29,-50,-3,2,4,20,0.0
90.185,37,34,127,127,31,24,35,71,0.0
90.19,-3,20,-5,-39,5,-17,-20,-16,0.0
90.19500000000001,23,23,-50,-81,-25,-15,-16,-48,0.0
90.2,-85,-51,-12,18,1,-1,8,7,0.0
90.205,-11,-22,-6,-61,-11,-4,-16,-11,0.0
90.21000000000001,-2,9,57,68,13,9,22,25,0.0
90.215,27,17,54,92,24,15,20,27,0.0
90.22,36,3,-122,-114,-31,-18,-14,-21,0.0
90.22500000000001,-19,16,54,80,12,4,12,-6,0.0
90.23,-3,-20,17,53,0,2,1,-13,0.0
90.235,-8,-28,-84,-80,-24,-16,-17,-8,0.0
90.24,-35,-24,10,47,4,-1,-8,-8,0.0
90.245,10,0,34,42,7,5,5,-2,0.0
90.25,35,27,-15,-7,-3,2,1,2,0.0
90.255,-105,-45,-18,12,-3,-7,-18,-20,0.0
90.26,28,23,53,52,17,5,5,10,0.0
90.265,15,-16,-104,-115,-41,-17,-18,-29,0.0
90.27,76,47,55,97,20,17,15,21,0.0
90.275,-77,-17,29,-35,-6,-2,4,9,0.0
90.28,-19,-37,-83,-58,-14,-24,-24,-26,0.0
90.285,7,12,50,93,26,16,8,-3,0.0
90.29,4,-28,-54,-51,-14,-1,2,-5,0.0
90.295,67,49,54,112,24,17,67,55,0.0
90.3,-31,-11,-21,-20,-25,-15,-31,-33,0.0
90.305,4,8,-4,57,-12,-13,-6,-8,0.0
90.31,-37,-19,-23,-21,-2,3,-10,12,0.0
90.315,24,21,59,54,26,8,10,20,0.0
90.32000000000001,-19,-1,20,33,6,-4,12,-6,0.0
90.325,3,-10,-32,-98,-9,-4,9,-1,0.0
90.33,-24,-7,6,-4,3,5,2,-15,0.0
90.33500000000001,3,-12,-18,-45,-10,-11,-24,-3,0.0
90.34,37,22,42,51,17,19,24,44,0.0
90.345,-7,-4,-20,-52,-8,-2,-15,-14,0.0
90.35000000000001,-39,-36,-35,-53,-23,-16,-7,-13,0.0
90.355,14,10,11,28,-8,-4,-17,14,0.0
90.36,44,41,-2,-22,-7,-4,7,5,0.0
90.365,-34,-10,54,97,25,8,-46,-9,0.0
90.37,-17,-18,4,-11,8,-3,-1,-10,0.0
90.375,15,-7,-43,-33,-30,2,7,11,0.0
90.38,11,6,21,-2,22,7,-3,-5,0.0
90.385,-2,9,27,17,-16,-7,13,4,0.0
90.39,-8,-10,-27,-28,-2,-6,-3,-10,0.0
90.395,7,3,-7,-9,2,-8,-23,-16,0.0
90.4,3,-3,-7,6,1,8,14,4,0.0
90.405,-1,-5,-10,-33,2,0,6,5,0.0
90.41,9,5,-3,-24,-5,-8,9,82,0.0
90.415,35,13,-1,23,35,0,-15,-100,0.0
90.42,-9,17,-16,-21,-42,1,3,25,0.0
90.425,-37,-36,-24,-1,-15,-4,-3,2,0.0
90.43,-25,-18,2,-8,-27,-4,-6,-20,0.0
90.435,13,6,18,12,-1,-10,-16,31,0.0
90.44,68,5,-15,-5,31,15,14,8,0.0
90.44500000000001,9,24,27,-10,18,2,6,-22,0.0
90.45,-39,16,40,-9,11,0,-2,-17,0.0
90.455,-56,-26,-25,-43,-2,-1,-7,-15,0.0
90.46000000000001,-45,-60,-86,4,-73,-16,-10,0,0.0
90.465,32,20,97,17,52,10,18,32,0.0
90.47,97,39,16,69,26,22,19,16,0.0
90.47500000000001,75,39,-90,-35,-29,-15,0,12,0.0
90.48,6,8,69,-13,0,-10,-22,-19,0.0
90.485,-86,-67,-74,-24,-14,-9,-6,-35,0.0
90.49,-29,-75,-1,17,25,-13,-24,-36,0.0
90.495,54,32,44,-28,70,33,49,54,0.0
90.5,28,98,124,53,65,51,-17,18,0.0
90.505,-58,-69,-97,3,-87,-74,-52,-50,0.0
90.51,-29,-3,-42,-38,-35,-52,-58,-27,0.0
90.515,11,-3,59,27,-13,3,-6,-41,0.0
90.52,63,17,34,-30,82,0,23,13,0.0
90.525,58,58,127,13,15,35,38,50,0.0
90.53,48,39,-95,32,-39,13,19,4,0.0
90.535,-116,-100,-67,39,-22,-21,-22,-25,0.0
90.54,49,-6,-99,-46,5,-3,4,-6,0.0
90.545,10,84,71,31,47,28,23,1,0.0
90.55,-99,-107,-74,-47,-61,-12,10,-1,0.0
90.555,46,13,122,34,33,8,1,45,0.0
90.56,-59,-53,-74,-5,-53,-30,-14,-28,0.0
90.565,119,59,-77,-34,0,20,19,28,0.0
90.57000000000001,-13,80,96,12,42,12,12,18,0.0
90.575,-122,-73,-7,-36,-53,-28,-42,-55,0.0
90.58,-2,-55,3,3,7,-41,-56,-50,0.0
90.58500000000001,85,23,23,11,42,12,11,5,0.0
90.59,93,61,41,29,107,41,36,44,0.0
90.595,35,20,-39,2,-88,14,38,29,0.0
90.60000000000001,-38,-3,-21,1,11,8,29,35,0.0
90.605,-19,-11,-48,-3,12,-2,-8,-16,0.0
90.61,-23,-12,-4,-6,-26,-18,-26,-30,0.0
90.615,-12,-1,16,-4,12,-9,-13,-7,0.0
90.62,12,26,0,9,-8,1,11,10,0.0
90.625,-65,-45,4,26,-26,-4,-4,6,0.0
90.63,-8,-12,-26,-36,-6,-6,-1,-2,0.0
90.635,15,14,1,-5,16,-3,-5,-1,0.0
90.64,10,13,30,3,-11,12,12,7,0.0
90.645,-3,-4,0,3,2,-3,-7,-6,0.0
90.65,-4,-8,14,-14,-18,-12,-5,-9,0.0
90.655,33,21,-20,-7,16,12,6,14,0.0
90.66,-13,-1,10,9,-5,7,8,-5,0.0
90.665,-24,-24,-7,2,-18,-14,-16,-11,0.0
90.67,15,2,-12,-11,-8,-6,-8,-14,0.0
90.675,15,16,10,4,8,10,12,18,0.0
90.68,-27,-19,-9,-10,-5,-10,-6,-6,0.0
90.685,-3,-6,2,1,6,1,-7,-6,0.0
90.69,19,7,10,-3,-1,11,8,11,0.0
90.69500000000001,1,0,-1,1,10,-7,-4,-2,0.0
90.7,-18,-5,21,-2,-9,-3,-6,-8,0.0
90.705,10,5,-17,-5,-1,-6,-3,1,0.0
90.71000000000001,3,1,14,38,-2,1,2,0,0.0
90.715,-9,-9,-16,6,3,-5,-4,-2,0.0
90.72,-4,-4,-17,-49,-9,1,-4,-7,0.0
90.72500000000001,5,5,23,22,-10,-1,3,6,0.0
90.73,-9,-13,-21,-45,-9,-7,-7,-4,0.0
90.735,0,2,4,14,11,4,-1,-1,0.0
90.74,1,5,4,11,12,-1,6,4,0.0
90.745,-2,-1,13,39,-9,-1,2,0,0.0
90.75,-4,-5,-7,11,-2,-3,-2,-4,0.0
90.755,12,4,-18,-62,3,-4,-4,1,0.0
90.76,-16,1,4,13,-7,3,2,-1,0.0
90.765,-4,-3,1,6,11,-9,-3,-2,0.0
90.77,14,3,5,-5,-5,0,-1,0,0.0
90.775,-13,-4,11,16,3,0,2,2,0.0
90.78,5,-8,-25,-2,-2,-6,-10,-8,0.0
90.785,-8,-6,0,-11,-8,-1,-3,-3,0.0
90.79,-1,-3,7,-6,-4,1,1,2,0.0
90.795,5,3,-9,-1,0,0,1,2,0.0
90.8,-1,-6,7,1,-6,-5,-4,-2,0.0
90.805,1,0,-14,-19,-2,-1,-2,-1,0.0
90.81,2,0,9,6,7,0,5,-3,0.0
90.815,-2,-5,-6,3,-2,-2,-2,-2,0.0
90.82000000000001,-4,0,8,6,-7,-4,0,-3,0.0
90.825,3,-1,-9,-12,-2,4,-2,-2,0.0
90.83,-3,1,3,-4,2,1,-2,-6,0.0
90.83500000000001,5,6,14,12,0,-1,0,0,0.0
90.84,-9,-3,11,18,0,0,0,1,0.0
90.845,8,8,16,17,5,3,2,-1,0.0
90.85000000000001,-3,-12,-46,-57,-10,-4,-3,-3,0.0
90.855,-19,-6,-3,-28,-11,-3,-2,-3,0.0
90.86,12,1,-22,18,6,2,3,3,0.0
90.865,-9,5,15,15,-4,-15,-5,-7,0.0
90.87,-3,-5,41,49,4,-1,2,2,0.0
90.875,5,-4,-23,-2,-8,-3,-7,-2,0.0
90.88,-7,-5,-20,-55,-6,-1,1,0,0.0
90.885,9,6,19,12,8,11,8,4,0.0
90.89,5,6,-11,-15,-1,1,0,1,0.0
90.895,-3,3,15,12,0,0,2,5,0.0
90.9,-1,3,42,36,-3,-8,-10,-23,0.0
90.905,-1,-5,-17,-33,-1,-4,3,28,0.0
90.91,-6,-5,-47,-29,-4,-3,-4,-22,0.0
90.915,2,-4,0,-3,5,3,2,2,0.0
90.92,0,-3,3,2,-7,1,-2,0,0.0
90.925,2,2,19,1,2,0,-2,10,0.0
90.93,-1,6,-28,-15,2,2,2,6,0.0
90.935,1,1,11,17,-1,-5,-5,-5,0.0
90.94,-4,-1,7,-21,-3,-6,1,7,0.0
90.94500000000001,-2,-7,-17,-6,-3,-1,-4,-19,0.0
90.95,7,1,15,17,1,6,-2,11,0.0
90.955,-6,6,5,20,-3,2,-2,-7,0.0
90.96000000000001,-19,-11,-38,-69,-3,-14,3,-1,0.0
90.965,3,-4,-5,7,4,4,2,-6,0.0
90.97,2,4,1,3,-2,0,-2,-6,0.0
90.97500000000001,6,-1,-4,10,-1,-1,1,7,0.0
90.98,-8,0,15,3,-1,0,-8,-4,0.0
90.985,1,-11,-58,-22,-2,-1,-1,-6,0.0
90.99,20,7,6,10,-1,5,6,11,0.0
90.995,-8,16,14,3,5,6,0,-4,0.0
91.0,-14,-2,3,24,-5,-1,-6,-5,0.0
91.005,-4,4,7,3,7,-3,-1,-6,0.0
91.01,-8,-12,12,-1,9,3,-2,-2,0.0
91.015,12,-1,-27,-11,-12,4,1,1,0.0
91.02,11,7,3,12,-11,-2,0,0,0.0
91.025,-1,0,7,9,10,4,8,4,0.0
91.03,-6,-3,-9,-9,-10,-12,-5,-4,0.0
91.035,-4,-4,5,-22,4,-6,-5,-5,0.0
91.04,1,-6,-4,1,0,0,-1,2,0.0
91.045,0,-4,4,-4,-15,-4,-7,-6,0.0
91.05,1,1,8,11,5,4,3,4,0.0
91.055,-11,-9,-6,-7,-2,-3,-2,-4,0.0
91.06,3,-2,-5,1,0,-1,-1,1,0.0
91.065,1,1,-2,-17,18,1,0,0,0.0
91.07000000000001,-4,-3,-7,-4,-58,-13,-2,-1,0.0
91.075,15,1,0,-2,3,-8,-1,4,0.0
91.08,15,8,1,12,14,8,7,0,0.0
91.08500000000001,-21,-18,-8,-21,-7,-3,-10,-10,0.0
91.09,-22,-14,1,-10,8,-10,-13,-10,0.0
91.095,-1,-3,-3,3,-4,-4,2,2,0.0
91.10000000000001,15,6,-1,2,6,12,9,8,0.0
91.105,8,3,3,14,-3,-2,-4,0,0.0
91.11,1,3,5,-2,11,7,1,0,0.0
91.115,9,-1,-4,10,-4,-7,-4,-1,0.0
91.12,-1,-2,-4,-24,-4,-5,1,0,0.0
91.125,-12,-6,-5,-11,-12,3,0,-3,0.0
91.13,-7,-2,6,-5,-3,-7,-5,-3,0.0
91.135,-2,-2,-2,6,14,5,1,0,0.0
91.14,-4,-3,-4,-22,-1,1,-1,-2,0.0
91.145,-4,-1,-3,2,-9,-6,-3,-1,0.0
91.15,4,4,10,9,13,1,5,0,0.0
91.155,-2,-1,3,4,-1,-3,1,-2,0.0
91.16,-7,-5,-9,14,-9,2,-5,-3,0.0
91.165,2,1,5,-6,-10,0,2,0,0.0
91.17,0,-1,4,3,19,4,3,0,0.0
91.175,-4,-7,-23,-13,-26,2,1,-3,0.0
91.18,-4,-3,9,13,-2,-4,-2,-2,0.0
91.185,-2,1,-10,-4,6,-2,-1,-1,0.0
91.19,-1,1,-10,-4,-4,-7,-4,0,0.0
91.19500000000001,-7,-5,-3,-6,1,-2,1,-4,0.0
91.2,-1,1,1,4,4,3,1,2,0.0
91.205,0,3,12,24,0,-2,-2,0,0.0
91.21000000000001,-1,-4,-8,-14,-6,-4,1,-1,0.0
91.215,1,-1,3,4,3,1,-1,-1,0.0
91.22,-8,-9,-14,-8,-6,-13,-8,-5,0.0
91.22500000000001,-1,1,-2,1,-8,0,-1,-24,0.0
91.23,5,4,22,20,-2,2,0,12,0.0
91.235,1,2,2,7,18,6,3,5,0.0
91.24,-9,-12,-40,-16,-6,-2,-2,-9,0.0
91.245,10,0,-5,-15,2,0,13,40,0.0
91.25,-16,1,0,-15,-10,-4,-23,-10,0.0
91.255,16,0,-22,24,-2,1,56,5,0.0
91.26,-7,-2,49,0,0,-7,-33,-12,0.0
91.265,1,-4,-32,-17,-2,3,-1,-6,0.0
91.27,3,5,25,28,7,3,14,25,0.0
91.275,-3,8,29,-7,11,8,4,21,0.0
91.28,-4,-6,-48,-24,-7,1,2,-4,0.0
91.285,-4,-9,-14,-28,-13,-14,-8,-2,0.0
91.29,2,1,-4,13,4,-1,13,-8,0.0
91.295,-6,-1,12,4,0,-3,-15,-10,0.0
91.3,4,3,16,12,-1,-1,6,5,0.0
91.305,-2,2,20,-2,-6,-7,-16,-9,0.0
91.31,0,-7,-28,-11,-3,-1,-1,-2,0.0
91.315,-6,-5,-6,-31,-15,-7,-16,-20,0.0
91.32000000000001,4,8,19,24,10,7,4,11,0.0
91.325,3,5,20,20,26,9,15,10,0.0
91.33,-7,-13,-23,5,-5,-3,-10,-19,0.0
91.33500000000001,-3,-6,-4,-39,-7,-7,-15,6,0.0
91.34,3,4,46,-6,-17,-7,4,1,0.0
91.345,-5,1,-48,15,6,9,3,-8,0.0
91.35000000000001,5,0,-11,8,8,1,6,1,0.0
91.355,-1,0,36,5,-1,4,-13,-7,0.0
91.36,-2,3,-37,3,-7,-6,0,1,0.0
91.365,2,-10,19,-6,-8,-8,-11,-11,0.0
91.37,13,8,4,-22,2,5,4,6,0.0
91.375,-43,-11,-15,7,-4,-6,1,-4,0.0
91.38,2,-3,22,20,2,3,0,-4,0.0
91.385,3,6,15,9,6,-1,1,5,0.0
91.39,2,-3,-51,-14,-3,-6,-5,-5,0.0
91.395,5,7,28,19,-11,-2,-4,-3,0.0
91.4,1,0,-2,-7,13,-1,5,7,0.0
91.405,-7,-2,13,20,-3,4,-3,-8,0.0
91.41,0,2,20,-2,-6,-3,-2,0,0.0
91.415,7,-8,-33,-19,5,4,-4,-6,0.0
91.42,-7,-4,-23,-28,-1,1,-3,-1,0.0
91.425,9,2,15,-17,-8,-7,-1,2,0.0
91.43,-10,3,27,11,0,-3,-3,-5,0.0
91.435,-6,-1,-14,8,-2,-5,-6,0,0.0
91.44,0,-8,-4,0,0,3,4,0,0.0
91.44500000000001,0,4,9,-5,-1,-7,0,-1,0.0
91.45,-3,-6,-8,-10,3,0,1,-3,0.0
91.455,6,-2,-17,-5,-4,2,-2,-3,0.0
91.46000000000001,5,3,4,9,12,3,4,1,0.0
91.465,-11,-7,-16,-4,-14,-6,-8,-6,0.0
91.47,-2,-5,-1,1,-13,0,-2,-3,0.0
91.47500000000001,6,1,2,-10,4,-4,3,3,0.0
91.48,0,0,5,17,2,5,2,-2,0.0
91.485,-2,-1,-3,9,5,-1,0,0,0.0
91.49,-2,-3,3,-9,-3,-2,-4,-2,0.0
91.495,13,4,-1,-6,-3,-3,-8,0,0.0
91.5,-5,5,4,3,7,-6,-1,-2,0.0
91.505,-23,-12,-31,-28,-4,4,6,-1,0.0
91.51,-1,-5,8,-13,-7,5,0,-3,0.0
91.515,-1,-2,-18,0,1,0,-7,-4,0.0
91.52,8,-1,5,12,-15,-10,-7,-2,0.0
91.525,3,4,13,9,14,4,0,4,0.0
91.53,-2,2,6,6,1,-4,-1,0,0.0
91.535,1,0,-3,4,-3,-2,-1,-2,0.0
91.54,-2,0,-6,-6,2,3,5,-1,0.0
91.545,0,1,2,1,-6,-12,-4,-2,0.0
91.55,-1,3,12,11,6,0,-3,-2,0.0
91.555,-6,-8,-17,8,-9,0,-6,-6,0.0
91.56,1,-8,-23,-19,-8,1,-4,-2,0.0
91.565,3,3,11,9,8,5,8,3,0.0
91.57000000000001,1,0,-7,5,0,0,-1,0,0.0
91.575,-1,0,8,-1,5,-5,-1,1,0.0
91.58,-6,-1,1,9,-2,-2,1,-2,0.0
91.58500000000001,5,1,-2,-2,-5,3,-1,-1,0.0
91.59,-4,-2,2,-6,1,-6,-4,-1,0.0
91.595,0,-1,3,3,3,1,2,-1,0.0
91.60000000000001,1,-2,-8,-8,-7,2,-1,0,0.0
91.605,8,3,5,-3,-8,-4,-6,1,0.0
91.61,-14,-3,0,9,5,-2,5,-1,0.0
91.615,-15,-9,-12,-27,-7,-10,-1,-5,0.0
91.62,-5,-2,-3,-3,5,2,-3,-1,0.0
91.625,1,-3,-1,-15,-10,-7,-10,-4,0.0
91.63,8,0,0,-5,-7,-1,-4,1,0.0
91.635,4,4,7,4,8,-1,9,4,0.0
91.64,1,4,16,1,4,-5,-3,1,0.0
91.645,-6,-8,-20,24,3,3,-3,-5,0.0
91.65,2,1,4,-13,-13,0,-2,-2,0.0
91.655,8,-1,-7,12,1,1,-1,1,0.0
91.66,-2,5,1,2,11,-2,3,2,0.0
91.665,22,1,5,3,-14,-5,0,-5,0.0
91.67,-46,-26,-7,4,-1,-2,-4,-9,0.0
91.675,2,4,7,-6,-7,-3,-2,-3,0.0
91.68,1,2,7,41,10,-7,-5,-2,0.0
91.685,7,2,-5,-31,-23,5,-1,3,0.0
91.69,12,5,-11,1,9,4,7,3,0.0
91.69500000000001,-3,-4,-4,-3,10,3,0,-1,0.0
91.7,0,-2,2,-13,0,5,-1,-1,0.0
91.705,-9,4,7,15,6,-10,-4,-1,0.0
91.71000000000001,8,3,2,3,-5,-2,4,2,0.0
91.715,-6,-3,3,-5,-8,0,-5,-2,0.0
91.72,5,1,4,10,-1,-3,-2,-1,0.0
91.72500000000001,-11,-8,-16,-2,-2,-3,-4,-3,0.0
91.73,2,3,1,-26,-4,2,4,0,0.0
91.735,-1,-5,-5,10,8,-3,-2,-2,0.0
91.74,-7,-3,-5,-6,-13,0,-3,-3,0.0
91.745,-2,-3,5,-7,6,2,2,1,0.0
91.75,4,2,3,12,15,0,-2,6,0.0
91.755,17,12,11,16,10,0,0,-3,0.0
91.76,13,6,-3,-1,-72,-6,5,10,0.0
91.765,-37,-15,-24,-5,7,1,-9,-23,0.0
91.77,10,-2,25,-24,45,3,-1,-2,0.0
91.775,92,48,23,34,16,24,31,48,0.0
91.78,24,26,33,-25,-47,-11,0,-38,0.0
91.785,-72,-91,-62,0,-25,-44,-48,-29,0.0
91.79,85,14,19,1,19,1,-3,-21,0.0
91.795,64,60,94,-25,92,43,31,66,0.0
91.8,-67,-76,-83,-13,-41,-10,-12,-31,0.0
91.805,3,30,113,-40,63,-11,-26,-37,0.0
91.81,-9,-7,-59,26,-101,-23,-12,9,0.0
91.815,-3,18,52,1,27,-4,-18,-62,0.0
91.82000000000001,58,41,28,54,41,35,40,46,0.0
91.825,1,-20,-19,-57,-7,17,35,30,0.0
91.83,-22,-23,-3,45,78,4,-2,10,0.0
91.83500000000001,-17,-7,-44,-78,-105,-31,-23,-36,0.0
91.84,-11,20,69,-4,68,15,-3,-11,0.0
91.845,9,-8,-21,59,-61,4,19,-17,0.0
91.85000000000001,-28,-22,-47,-52,-4,-29,-40,39,0.0
91.855,27,13,31,66,48,18,13,-15,0.0
91.86,-57,-14,29,-85,-21,-8,-5,-19,0.0
91.865,78,28,-29,-12,-10,7,17,-1,0.0
91.87,-53,-71,35,-24,-58,6,9,97,0.0
91.875,-98,-67,-121,-8,11,-33,-59,-28,0.0
91.88,26,-1,-39,41,16,-15,-10,-41,0.0
91.885,58,74,17,16,26,8,0,-11,0.0
91.89,7,19,14,-4,-6,3,9,-21,0.0
91.895,-27,-18,-14,-19,-21,-9,-8,21,0.0
91.9,40,4,29,0,39,20,22,61,0.0
91.905,-22,-9,-7,16,-31,6,14,16,0.0
91.91,-3,10,-70,-12,17,-3,-3,-46,0.0
91.915,-2,-18,-12,22,-35,2,13,9,0.0
91.92,7,11,37,14,-7,-4,-13,21,0.0
91.925,-33,-32,-70,-40,-5,-10,-11,-1,0.0
91.93,12,29,77,5,2,16,10,-9,0.0
91.935,8,6,7,20,-12,1,9,7,0.0
91.94,-26,-31,-42,-49,-11,-13,-15,-11,0.0
91.94500000000001,-2,10,38,11,14,-3,-14,5,0.0
91.95,19,16,30,8,5,9,10,-18,0.0
91.955,-17,-15,-22,-24,-22,-9,0,0,0.0
91.96000000000001,-8,-7,3,35,7,-3,-5,-13,0.0
91.965,9,7,22,14,21,10,7,14,0.0
91.97,5,8,-25,-12,-15,-2,2,-6,0.0
91.97500000000001,-19,-14,41,10,-5,-10,-4,-12,0.0
91.98,3,3,-1,31,1,-2,-2,5,0.0
91.985,6,6,20,-23,-5,6,1,14,0.0
91.99,-6,2,-15,-12,6,-2,-1,-18,0.0
91.995,-6,-6,-3,-2,-6,-2,-4,-6,0.0
92.0,8,1,1,-9,-1,1,-2,9,0.0
92.005,-1,1,11,21,-8,-8,0,7,0.0
92.01,-1,2,19,3,1,7,5,-14,0.0
92.015,2,-1,32,57,13,4,4,1,0.0
92.02,0,0,-40,-45,1,-1,-4,6,0.0
92.025,-4,5,50,39,11,-3,-2,2,0.0
92.03,-2,-6,-46,-55,-30,-13,-9,-13,0.0
92.035,0,-4,-11,-9,-21,-11,-1,3,0.0
92.04,-6,-2,-4,24,13,5,5,-2,0.0
92.045,-1,0,21,28,10,5,-1,1,0.0
92.05,6,7,5,4,-1,-2,0,-2,0.0
92.055,-8,-6,-13,-9,-9,-3,-1,-3,0.0
92.06,-3,-3,0,-3,-2,-6,-4,-5,0.0
92.065,0,-2,-7,-28,-3,2,-1,2,0.0
92.07000000000001,-2,-6,7,14,-1,-1,-2,-1,0.0
92.075,-4,-6,-22,-37,-1,4,1,-3,0.0
92.08,-1,-3,-5,9,-5,-6,-5,-4,0.0
92.08500000000001,4,0,-1,13,10,5,6,4,0.0
92.09,1,5,7,13,1,-4,-5,-6,0.0
92.095,-5,-3,-1,-24,-9,-3,-2,-1,0.0
92.10000000000001,1,-1,2,-3,-3,3,-1,-1,0.0
92.105,-5,-1,-21,-1,-6,-6,-3,-2,0.0
92.11,1,5,16,1,6,-4,0,-4,0.0
92.115,-2,-5,-9,-10,5,5,5,-1,0.0
92.12,1,3,9,4,-1,0,-2,0,0.0
92.125,-2,0,-25,-24,0,-2,-4,0,0.0
92.13,6,4,9,19,-2,-2,-3,0,0.0
92.135,0,2,2,-2,-1,-2,-1,0,0.0
92.14,-9,-13,-8,-11,0,-4,-3,-4,0.0
92.145,3,2,8,-5,-12,3,1,-1,0.0
92.15,-9,-6,-5,-4,3,2,-1,-3,0.0
92.155,1,-5,-5,-1,-3,-9,-1,-3,0.0
92.16,1,5,-2,-2,5,-5,1,-1,0.0
92.165,-1,-6,3,5,5,7,2,-2,0.0
92.17,3,1,-2,18,-1,-5,-1,-1,0.0
92.175,-2,7,3,-22,-4,3,-2,-2,0.0
92.18,-2,-2,-6,-3,-9,-5,-3,-2,0.0
92.185,0,0,0,-2,0,-7,-2,1,0.0
92.19,-2,0,7,15,0,3,1,-2,0.0
92.19500000000001,-2,-1,-2,6,-1,-2,-1,-3,0.0
92.2,-1,-2,-12,-7,-2,1,-3,0,0.0
92.205,0,-3,-18,-11,-5,4,2,3,0.0
92.21000000000001,-4,-4,16,14,10,3,0,-2,0.0
92.215,-1,-2,-1,-3,-1,-4,-1,0,0.0
92.22,3,-1,-5,-6,-5,-6,-2,-1,0.0
92.22500000000001,-1,1,12,9,-4,-9,-3,-2,0.0
92.23,-5,-4,-9,11,3,6,2,-2,0.0
92.235,0,0,10,1,6,5,0,-1,0.0
92.24,-3,-3,-6,3,-7,-3,-2,-2,0.0
92.245,-1,-1,9,6,2,-6,0,0,0.0
92.25,-1,1,-11,-10,-5,-5,-1,-3,0.0
92.255,0,1,10,6,0,-2,-1,1,0.0
92.26,-2,-1,-14,0,-5,2,-3,-2,0.0
92.265,-5,-4,-15,-12,-7,-1,-7,-4,0.0
92.27,2,3,9,13,1,1,5,3,0.0
92.275,-1,-2,-19,-5,-1,1,-1,0,0.0
92.28,-2,-1,8,-4,-4,-3,0,0,0.0
92.285,0,2,3,-5,-4,-8,-1,-1,0.0
92.29,-2,-1,11,6,6,3,4,-1,0.0
92.295,-2,-2,-5,22,-3,1,-4,-3,0.0
92.3,1,-1,1,-13,5,2,2,0,0.0
92.305,-1,-2,7,-4,0,-4,-5,-3,0.0
92.31,-1,-2,-17,-8,-7,-2,-5,0,0.0
92.315,0,0,-1,-3,3,-4,3,-1,0.0
92.32000000000001,0,4,8,6,1,2,2,-1,0.0
92.325,-4,-2,0,1,0,1,-3,-2,0.0
92.33,2,1,1,-4,-7,-8,-7,-2,0.0
92.33500000000001,-3,-7,-15,-17,-7,1,-1,-2,0.0
92.34,0,1,-2,6,1,2,2,1,0.0
92.345,-1,-3,-7,-11,-1,-8,-2,-2,0.0
92.35000000000001,-1,-3,-16,-17,3,2,4,1,0.0
92.355,-1,-3,17,13,-5,-1,-4,1,0.0
92.36,0,-2,-7,-20,0,0,-1,-2,0.0
92.365,0,2,6,-1,-3,5,-2,0,0.0
92.37,0,1,10,-2,-6,-9,-5,-1,0.0
92.375,-4,-4,-10,-10,3,-1,1,-2,0.0
92.38,-1,-1,2,14,0,-7,-2,-1,0.0
92.385,1,2,18,8,7,3,1,1,0.0
92.39,-3,-2,-11,15,-11,-2,-7,-3,0.0
92.395,-2,-5,-28,-53,-12,-4,-3,-1,0.0
92.4,0,1,8,12,0,4,1,0,0.0
92.405,-3,-4,-16,-9,2,4,4,-1,0.0
92.41,3,3,18,11,7,1,2,1,0.0
92.415,-1,-1,6,1,-4,-4,-5,-2,0.0
92.42,0,0,12,-4,-4,-2,-7,-3,0.0
92.425,-4,-5,-32,-17,-10,-5,-1,-1,0.0
92.43,-1,-1,7,-9,-11,-2,-3,-2,0.0
92.435,0,-2,-7,7,14,6,6,0,0.0
92.44,-4,-6,-18,-13,-4,-3,-2,-2,0.0
92.44500000000001,0,0,8,18,4,-8,0,0,0.0
92.45,-1,1,-8,-7,-1,0,0,-1,0.0
92.455,0,1,10,22,-4,0,2,1,0.0
92.46000000000001,0,2,14,1,3,-2,1,1,0.0
92.465,-6,-7,-9,-19,-14,-4,-9,-6,0.0
92.47,0,-1,3,-11,-6,2,-2,0,0.0
92.47500000000001,-1,0,-6,2,4,-1,5,1,0.0
92.48,1,2,4,26,16,5,3,0,0.0
92.485,0,0,7,4,-4,1,0,0,0.0
92.49,0,-3,-14,-11,1,-2,-1,-2,0.0
92.495,-5,-6,6,4,-14,-7,-8,-5,0.0
92.5,0,-2,-2,0,-12,-1,-3,0,0.0
92.505,0,0,14,9,7,-3,0,-2,0.0
92.51,0,5,15,18,13,9,5,0,0.0
92.515,1,1,8,1,-1,-1,-1,1,0.0
92.52,-3,-7,-46,-19,-4,-1,-3,-4,0.0
92.525,-3,-3,8,-5,-3,3,-2,-3,0.0
92.53,0,-2,-4,-2,-1,-3,-1,1,0.0
92.535,0,3,10,3,1,-3,-3,-2,0.0
92.54,-1,-1,2,4,-2,-3,-3,-1,0.0
92.545,0,2,-4,9,1,0,0,1,0.0
92.55,-2,-3,-3,-12,-1,1,2,-2,0.0
92.555,4,-1,-9,0,-2,-2,-2,1,0.0
92.56,-7,-4,5,-21,-6,-3,-2,-5,0.0
92.565,0,1,-2,13,7,-2,2,2,0.0
92.57000000000001,2,-1,2,0,-1,1,-2,-1,0.0
92.575,0,-1,5,2,5,4,-2,-3,0.0
92.58,2,1,-5,5,-4,-5,1,2,0.0
92.58500000000001,0,0,-6,8,6,5,5,7,0.0
92.59,-5,-4,8,-17,-5,-2,-3,-6,0.0
92.595,-4,-5,-30,-15,-5,-5,-4,-3,0.0
92.60000000000001,-2,1,6,-3,-7,-5,-5,-2,0.0
92.605,0,0,2,-3,0,4,0,1,0.0
92.61,-1,-4,-12,-10,-12,-7,-3,0,0.0
92.615,1,2,3,5,7,-3,-1,-1,0.0
92.62,-3,0,7,9,5,3,8,-3,0.0
92.625,-1,-3,-4,4,-1,-3,-4,-4,0.0
92.63,-3,-2,-11,-18,1,-4,-6,-4,0.0
92.635,-5,-5,-3,1,-3,-3,-2,-4,0.0
92.64,0,-2,-2,-2,-3,0,0,1,0.0
92.645,1,0,-3,-3,-1,-1,1,-3,0.0
92.65,0,0,2,17,4,6,2,-1,0.0
92.655,-3,-4,9,-11,-9,-2,-5,0,0.0
92.66,-3,-4,-26,-16,-3,1,1,3,0.0
92.665,-2,-2,10,-4,-1,0,-1,-4,0.0
92.67,0,-1,19,13,4,-1,1,1,0.0
92.675,0,-3,-51,-4,-2,-2,-1,-1,0.0
92.68,0,-1,-9,6,1,1,-1,-2,0.0
92.685,1,5,25,15,5,3,3,4,0.0
92.69,1,-4,-41,-17,8,2,-1,1,0.0
92.69500000000001,-3,1,11,-6,-3,1,0,-1,0.0
92.7,2,-4,-9,10,-4,-4,-4,1,0.0
92.705,11,-1,14,12,-1,-1,-3,-1,0.0
92.71000000000001,7,15,25,15,-4,2,2,3,0.0
92.715,31,7,-7,-25,2,-2,5,2,0.0
92.72,-15,-1,-5,-8,-10,0,-3,-8,0.0
92.72500000000001,-68,-52,7,20,0,-7,-13,-7,0.0
92.73,33,11,-24,-55,5,1,6,-16,0.0
92.735,-39,11,62,50,-12,1,-3,28,0.0
92.74,9,0,-31,-13,-5,-10,-1,-17,0.0
92.745,30,22,26,5,1,1,-6,4,0.0
92.75,-28,-6,63,-9,15,-1,-5,-3,0.0
92.755,13,14,-92,8,-7,2,5,8,0.0
92.76,17,-5,60,-70,9,4,5,14,0.0
92.765,35,25,16,-26,20,8,8,2,0.0
92.77,53,0,-13,13,-37,-3,0,-14,0.0
92.775,9,31,59,8,62,13,1,-30,0.0
92.78,-71,-47,-97,-19,-60,-18,-22,27,0.0
92.785,16,20,72,-11,80,-8,-6,11,0.0
92.79,76,1,-78,39,-92,-7,8,67,0.0
92.795,-71,-6,-59,-17,7,1,39,-93,0.0
92.8,-71,-19,43,1,34,9,-31,-89,0.0
92.805,21,-8,-12,-19,-15,-10,-32,32,0.0
92.81,-104,-36,-88,5,46,8,-10,-68,0.0
92.815,95,-5,115,86,-36,-9,17,45,0.0
92.82000000000001,102,52,33,-30,13,-2,4,94,0.0
92.825,76,58,49,6,-37,28,50,22,0.0
92.83,-92,-46,-39,-60,18,-35,-40,-68,0.0
92.83500000000001,-30,-38,-49,78,-30,-3,-45,-65,0.0
92.84,23,-19,-3,-60,-2,-7,32,49,0.0
92.845,15,-21,-108,-78,-14,-10,-29,36,0.0
92.85000000000001,118,52,62,60,23,26,44,38,0.0
92.855,17,44,124,-59,63,31,26,-19,0.0
92.86,-89,-46,-15,127,-42,-25,-25,-15,0.0
92.865,-20,-72,-128,-109,-29,-23,-23,-79,0.0
92.87,-25,-13,-37,-34,-46,-21,7,-14,0.0
92.875,44,17,5,-19,18,-12,-27,94,0.0
92.88,121,86,6,52,21,22,21,-21,0.0
92.885,-82,9,79,39,3,5,20,-3,0.0
92.89,-92,-48,4,127,-10,-24,-60,-78,0.0
92.895,61,-32,59,-20,20,13,22,32,0.0
92.9,101,52,77,-102,-39,18,25,-1,0.0
92.905,-92,-28,-52,99,-17,-35,-25,37,0.0
92.91,66,33,127,15,31,20,41,27,0.0
92.915,-75,-21,10,-35,2,6,-3,36,0.0
92.92,-88,-19,-2,14,-19,-14,-52,-102,0.0
92.925,69,33,55,0,38,16,19,-5,0.0
92.93,94,39,34,-97,15,1,9,84,0.0
92.935,-113,-54,-128,-45,-67,-22,-12,-39,0.0
92.94,77,-11,43,68,54,14,13,-9,0.0
92.94500000000001,-77,1,38,11,49,-1,-8,-2,0.0
92.95,33,8,7,35,-83,2,3,-6,0.0
92.955,-43,34,5,40,-5,-4,-11,-23,0.0
92.96000000000001,-17,-36,-46,-30,20,-10,-4,-11,0.0
92.965,3,1,-11,2,-15,-8,-10,-55,0.0
92.97,40,18,-7,57,22,15,16,51,0.0
92.97500000000001,34,-1,8,-56,-20,-16,-11,-34,0.0
92.98,-40,-9,-35,-5,-23,-6,-1,11,0.0
92.985,30,1,-2,22,-2,8,8,2,0.0
92.99,-36,3,5,-17,15,5,-2,7,0.0
92.995,12,2,33,18,-9,-5,-6,2,0.0
93.0,-25,-14,-15,91,26,-5,-1,9,0.0
93.005,22,1,-23,-96,-45,2,8,-3,0.0
93.01,-40,-12,-4,-17,28,2,-6,-3,0.0
93.015,6,-10,-36,20,5,0,-1,3,0.0
93.02,9,13,12,-10,-1,1,5,9,0.0
93.025,9,-4,-16,38,-5,4,9,2,0.0
93.03,-34,-13,29,40,7,2,30,6,0.0
93.035,14,-8,-42,-31,3,-10,-39,-22,0.0
93.04,-5,-1,-29,-92,-12,0,6,11,0.0
93.045,-1,-4,47,-8,-20,-2,-4,-17,0.0
93.05,-19,-19,-49,-66,4,-15,-9,-7,0.0
93.055,21,9,20,30,3,10,16,21,0.0
93.06,-10,0,17,8,13,2,3,4,0.0
93.065,-2,-8,-15,48,-4,1,0,-5,0.0
93.07000000000001,-6,-3,-25,-14,4,-4,-15,-11,0.0
93.075,11,0,1,-12,-9,-3,5,19,0.0
93.08,-14,-3,-6,-19,-10,-4,-14,-28,0.0
93.08500000000001,8,-3,-17,-3,2,8,10,4,0.0
93.09,-6,-3,-8,-6,4,-5,-8,-4,0.0
93.095,1,-2,11,4,-6,-4,-2,-1,0.0
93.10000000000001,0,1,11,38,13,1,6,13,0.0
93.105,1,-8,-18,18,-13,-2,0,-3,0.0
93.11,-7,3,-8,-47,-4,-1,-11,4,0.0
93.115,-2,-2,-6,-10,3,-6,-2,-36,0.0
93.12,0,-1,12,19,0,2,2,6,0.0
93.125,3,3,-38,3,3,8,5,2,0.0
93.13,-10,-8,11,3,4,-3,-11,-3,0.0
93.135,2,-6,-20,-12,-2,-1,2,11,0.0
93.14,0,4,7,13,4,0,5,7,0.0
93.145,0,1,17,-6,-11,-9,-5,-9,0.0
93.15,-5,-3,3,10,-2,0,-6,-6,0.0
93.155,5,5,5,9,6,6,6,9,0.0
93.16,-5,-5,10,-3,-6,-6,-7,-5,0.0
93.165,0,-5,-3,-1,-2,-2,-2,4,0.0
93.17,-1,-4,0,-2,0,-1,-1,-6,0.0
93.175,2,0,-3,-4,-1,-3,-3,5,0.0
93.18,-2,2,0,-13,2,-1,3,5,0.0
93.185,-2,-5,0,-2,-1,-1,-2,-3,0.0
93.19,-3,1,-3,3,0,-2,-7,-6,0.0
93.19500000000001,0,-2,20,3,-3,0,-1,2,0.0
93.2,-3,-3,-29,-8,-2,-2,0,1,0.0
93.205,1,1,9,-2,-2,-3,0,-3,0.0
93.21000000000001,-2,-3,1,8,3,1,3,11,0.0
93.215,-2,-6,-10,-22,-1,-4,-1,-3,0.0
93.22,7,2,1,2,1,-3,-3,2,0.0
93.22500000000001,7,2,7,7,-1,0,-5,-3,0.0
93.23,-18,3,7,-24,3,13,6,-1,0.0
93.235,-1,-7,-14,14,-2,-2,-2,4,0.0
93.24,0,0,-9,1,-2,1,0,0,0.0
93.245,-5,-6,-31,-21,-2,1,1,-1,0.0
93.25,11,6,17,6,2,-5,-7,-8,0.0
93.255,-4,-5,9,39,-4,-2,-6,0,0.0
93.26,-5,-3,-25,-10,-2,-1,-1,-5,0.0
93.265,5,8,31,3,4,7,7,5,0.0
93.27,-4,-2,-31,-10,1,-3,10,17,0.0
93.275,8,-5,-10,-15,-5,-5,-15,-43,0.0
93.28,-3,-2,-7,-12,-3,-3,-6,-25,0.0
93.285,5,-5,-49,-33,-7,-8,24,14,0.0
93.29,12,28,72,49,14,3,-73,-18,0.0
93.295,-15,-16,20,19,-2,2,9,9,0.0
93.3,-12,-25,-45,-27,-17,-10,2,11,0.0
93.305,-13,-5,-15,-49,-9,-3,-16,-15,0.0
93.31,-13,-23,-55,-67,-10,-11,9,-34,0.0
93.315,28,35,23,-5,26,2,16,100,0.0
93.32000000000001,-7,8,61,34,-39,4,-23,-73,0.0
93.325,12,7,15,44,7,2,16,23,0.0
93.33,6,-8,-27,0,-6,5,8,5,0.0
93.33500000000001,-9,-4,0,-38,2,4,0,9,0.0
93.34,2,3,-1,3,18,-5,17,26,0.0
93.345,-2,3,32,34,-1,-1,-10,-11,0.0
93.35000000000001,-2,-1,11,-19,0,3,8,-2,0.0
93.355,-3,4,-26,3,-5,-3,-9,-23,0.0
93.36,-1,-10,-8,2,5,-1,1,19,0.0
93.365,7,-3,10,14,1,6,-4,1,0.0
93.37,-19,-1,8,-4,1,-7,1,-6,0.0
93.375,-11,-17,-22,-17,-19,-11,0,-6,0.0
93.38,5,6,32,47,9,3,1,7,0.0
93.385,0,6,10,-50,1,5,-3,4,0.0
93.39,13,1,-16,8,-5,6,11,7,0.0
93.395,5,3,-12,0,-9,-3,3,-11,0.0
93.4,-7,-1,-13,-19,-2,-4,-4,0,0.0
93.405,0,-6,4,8,7,1,-7,-5,0.0
93.41,0,-4,-1,32,-5,-6,2,7,0.0
93.415,-1,4,2,-25,9,2,0,-14,0.0
93.42,4,1,10,13,6,5,2,11,0.0
93.425,-7,-2,-7,2,-3,-10,-3,-5,0.0
93.43,-12,-11,-8,6,-17,-8,-4,-9,0.0
93.435,-2,-6,-9,24,-11,-1,-5,0,0.0
93.44,5,3,11,-11,13,2,7,4,0.0
93.44500000000001,-1,2,-2,-21,-2,-4,-3,1,0.0
93.45,-1,0,-31,-2,6,2,4,-13,0.0
93.455,-4,-5,-5,9,5,-2,-2,-1,0.0
93.46000000000001,5,7,-11,-18,1,0,4,7,0.0
93.465,-2,-2,-1,16,-22,-7,-6,-7,0.0
93.47,-13,-4,34,34,3,-1,0,3,0.0
93.47500000000001,-1,-8,-46,-48,-8,1,0,-6,0.0
93.48,-1,0,10,7,1,1,-1,2,0.0
93.485,-1,2,3,17,3,-1,-1,0,0.0
93.49,11,2,0,-14,3,-1,4,8,0.0
93.495,0,3,17,19,-3,-2,-2,-6,0.0
93.5,-1,-1,8,-1,0,0,0,2,0.0
93.505,-6,-6,-2,29,2,0,4,-4,0.0
93.51,2,0,-4,-22,4,3,1,5,0.0
93.515,-4,1,10,24,-6,-5,-5,-17,0.0
93.52,-2,-2,-1,-16,-7,-2,-5,1,0.0
93.525,0,-1,11,1,0,-2,-3,-3,0.0
93.53,0,-6,-24,-6,0,0,2,5,0.0
93.535,-2,4,22,6,8,2,2,-8,0.0
93.54,-2,-3,9,16,-6,0,-2,1,0.0
93.545,-6,-6,-26,-18,0,7,-1,-4,0.0
93.55,-1,-3,18,-16,-4,-5,-4,1,0.0
93.555,1,-4,-25,-4,-1,-7,-2,3,0.0
93.56,-1,3,19,20,4,2,-1,-1,0.0
93.565,-3,-5,-18,-12,-2,-5,-3,-2,0.0
93.57000000000001,0,-1,14,-3,-10,-4,-3,-6,0.0
93.575,3,1,5,-4,6,2,4,4,0.0
93.58,0,4,39,6,-4,0,2,2,0.0
93.58500000000001,-5,-6,-46,8,4,-4,-3,-11,0.0
93.59,4,0,18,-4,3,5,4,1,0.0
93.595,-3,1,-14,14,-1,-1,-1,-2,0.0
93.60000000000001,-17,-11,-36,-46,-7,-9,-5,10,0.0
93.605,7,5,13,2,-2,1,0,-7,0.0
93.61,-1,3,11,6,-6,-6,-5,1,0.0
93.615,-5,-5,9,8,5,10,4,-1,0.0
93.62,-1,-1,-23,-18,6,0,0,-2,0.0
93.625,-7,-9,-2,-7,-11,-12,-10,-1,0.0
93.63,4,5,-2,2,4,3,2,0,0.0
93.635,0,1,14,2,0,3,6,9,0.0
93.64,11,-4,-14,13,1,-6,0,4,0.0
93.645,-4,-2,-6,-29,2,0,-1,-2,0.0
93.65,1,-1,22,37,-3,-5,-5,1,0.0
93.655,1,3,6,-12,-4,-1,-4,-4,0.0
93.66,3,1,3,6,3,3,7,12,0.0
93.665,-4,3,-2,7,2,-1,-3,-9,0.0
93.67,-4,0,-1,-1,2,-1,0,-4,0.0
93.675,-4,-7,-8,-6,-8,-2,-4,-10,0.0
93.68,-2,0,-22,-32,-9,-3,-6,-7,0.0
93.685,-2,-3,-14,-8,3,1,3,17,0.0
93.69,-4,-1,-7,-5,-8,-2,-3,5,0.0
93.69500000000001,-3,-3,9,11,-1,-7,-2,-3,0.0
93.7,0,5,-12,-1,5,5,3,-2,0.0
93.705,-1,-4,20,8,4,2,2,-5,0.0
93.71000000000001,0,-3,-9,-6,-1,-3,-3,-6,0.0
93.715,5,3,1,4,3,2,11,32,0.0
93.72,-8,-5,0,8,-5,-2,-16,-77,0.0
93.72500000000001,-2,2,3,-8,-7,1,-5,4,0.0
93.73,-2,-5,-16,3,6,-4,0,-5,0.0
93.735,1,-1,11,-4,-15,-5,-3,8,0.0
93.74,1,1,8,11,1,1,4,22,0.0
93.745,-3,-7,4,21,-2,4,-2,-20,0.0
93.75,-4,-1,-13,-18,-4,-2,-3,-8,0.0
93.755,1,-2,-5,-22,2,-4,-3,-6,0.0
93.76,-2,-2,0,10,-2,-6,-1,5,0.0
93.765,2,3,27,17,-1,0,0,0,0.0
93.77,3,-3,-32,-27,2,-1,-3,6,0.0
93.775,-4,1,7,6,6,0,0,-7,0.0
93.78,0,-5,15,12,-6,2,3,9,0.0
93.785,2,5,-12,-20,-6,-4,2,11,0.0
93.79,-6,-6,6,13,-5,4,2,-5,0.0
93.795,15,6,-11,-19,2,-6,-7,-7,0.0
93.8,-1,-2,26,7,12,-4,-1,-3,0.0
93.805,-29,-6,-13,-10,-6,0,-2,3,0.0
93.81,6,0,-12,-18,-1,0,1,-2,0.0
93.815,7,6,23,6,-4,-1,-5,-2,0.0
93.82000000000001,7,3,-25,-13,7,0,-1,2,0.0
93.825,-3,-8,18,25,-2,-4,1,-1,0.0
93.83,9,0,21,15,-4,10,5,8,0.0
93.83500000000001,24,8,-20,0,-3,-4,7,7,0.0
93.84,35,24,32,29,7,1,4,0,0.0
93.845,-87,-46,-60,-68,-20,-17,-20,-12,0.0
93.85000000000001,-12,-5,28,18,7,-2,-11,-16,0.0
93.855,-19,-17,-39,-20,-11,-9,-13,-10,0.0
93.86,19,0,2,-9,-3,5,6,11,0.0
93.865,41,25,22,24,15,10,11,10,0.0
93.87,3,2,-12,-2,-1,-1,4,12,0.0
93.875,-3,4,18,5,5,9,6,2,0.0
93.88,-14,-5,-14,4,-8,-7,-3,-4,0.0
93.885,12,4,8,10,4,2,4,3,0.0
93.89,-3,-1,6,-6,-5,-5,-2,-1,0.0
93.895,1,-1,-1,1,-2,-3,-7,-7,0.0
93.9,-22,-11,-17,-10,-2,2,-2,-5,0.0
93.905,10,2,7,4,-1,-3,-1,-1,0.0
93.91,4,4,-5,-5,-4,-6,2,0,0.0
93.915,-8,-6,-7,-1,5,-1,-1,-5,0.0
93.92,-12,-8,-8,-8,-5,-3,-4,2,0.0
93.925,13,6,3,-2,0,-3,2,-2,0.0
93.93,-4,-4,-12,-2,-2,-3,-3,-6,0.0
93.935,-8,-2,-8,-7,6,-1,-4,0,0.0
93.94,-7,-4,9,8,-16,-5,0,1,0.0
93.94500000000001,13,5,16,16,2,2,0,0,0.0
93.95,-5,-3,-1,13,-2,0,-1,-2,0.0
93.955,-5,-9,-27,-20,-2,2,-1,10,0.0
93.96000000000001,-2,-3,-15,-5,0,-1,-3,-18,0.0
93.965,4,3,14,11,4,-6,-1,-2,0.0
93.97,-3,1,8,-20,-4,0,3,3,0.0
93.97500000000001,-7,-6,-38,-34,-14,-6,-7,-2,0.0
93.98,-4,-6,-24,-1,1,-1,-1,3,0.0
93.985,3,0,0,5,-1,6,6,1,0.0
93.99,-1,2,0,-20,7,-3,-2,-1,0.0
93.995,1,3,16,1,2,2,1,-5,0.0
94.0,-5,-6,-14,-10,6,-2,-4,-1,0.0
94.005,1,-1,-9,-22,-17,-4,-4,-4,0.0
94.01,2,2,8,26,-4,-5,0,4,0.0
94.015,-3,-2,19,20,-1,-1,1,-3,0.0
94.02,1,0,-3,-10,-4,-2,3,9,0.0
94.025,11,2,3,3,12,7,1,-8,0.0
94.03,29,16,51,2,32,9,3,-4,0.0
94.035,31,4,-65,-18,-33,-7,2,9,0.0
94.04,-98,-35,37,-7,47,8,-7,-30,0.0
94.045,41,0,23,-19,-96,-11,7,-1,0.0
94.05,47,16,49,-10,62,2,-8,27,0.0
94.055,-2,11,-74,13,-49,-7,11,-16,0.0
94.06,-44,-53,7,-11,-40,-34,-56,-26,0.0
94.065,1,-16,49,-12,25,3,-5,-30,0.0
94.07000000000001,55,36,78,32,73,17,23,14,0.0
94.075,6,54,32,8,-4,15,20,40,0.0
94.08,-51,-38,-7,-33,-15,-24,-20,-5,0.0
94.08500000000001,27,46,5,42,90,31,20,34,0.0
94.09,-80,-62,-44,5,-98,-22,-3,-19,0.0
94.095,6,1,20,-25,64,-18,-42,-26,0.0
94.10000000000001,44,30,-43,28,-7,11,14,-18,0.0
94.105,66,5,17,17,111,17,19,14,0.0
94.11,104,54,54,6,-31,30,18,64,0.0
94.115,-107,-78,-22,-75,-42,-13,-12,2,0.0
94.12,-77,1,-4,10,69,22,73,4,0.0
94.125,-55,-78,-72,-26,-86,-74,-96,-84,0.0
94.13,66,28,-13,-11,110,37,6,-53,0.0
94.135,85,38,124,63,4,1,53,45,0.0
94.14,-6,-17,20,-42,-70,-7,-13,39,0.0
94.145,-30,-7,-3,-18,3,-10,-9,-37,0.0
94.15,-4,-8,43,11,-5,-13,-10,-35,0.0
94.155,-34,-4,-15,19,19,5,-5,-10,0.0
94.16,127,78,0,37,35,37,39,36,0.0
94.165,-128,-52,-104,-1,-11,8,11,40,0.0
94.17,-37,-16,38,-23,-42,-26,-26,-33,0.0
94.175,-35,-26,-74,15,-11,1,-9,-58,0.0
94.18,32,16,38,-23,-37,-17,-16,59,0.0
94.185,51,23,6,-28,52,6,8,-15,0.0
94.19,46,39,22,61,-15,8,30,51,0.0
94.19500000000001,-91,-85,-61,-38,-10,-13,-31,-51,0.0
94.2,-18,-21,9,-4,33,-9,-30,-29,0.0
94.205,66,25,44,-3,-19,-2,3,11,0.0
94.21000000000001,-25,-8,-50,-7,34,8,16,5,0.0
94.215,44,33,71,3,5,2,1,21,0.0
94.22,-11,-18,-34,9,-31,-23,-29,-20,0.0
94.22500000000001,34,29,25,16,44,24,31,15,0.0
94.23,-41,-22,-78,-53,-75,-17,-11,5,0.0
94.235,-6,-5,10,1,-4,5,-9,4,0.0
94.24,40,10,22,-7,10,3,2,-9,0.0
94.245,-14,13,-36,18,-12,-2,9,22,0.0
94.25,-36,-27,-56,-16,-9,-10,-11,-8,0.0
94.255,17,0,28,17,-1,-2,-11,1,0.0
94.26,20,13,7,-5,12,8,11,-20,0.0
94.265,-8,0,11,9,-22,-5,7,14,0.0
94.27,-38,-28,-28,-16,-18,-8,-19,-17,0.0
94.275,42,15,12,7,34,10,9,3,0.0
94.28,4,13,-2,33,10,5,5,6,0.0
94.285,-20,-11,9,-10,-31,-10,-15,-2,0.0
94.29,-13,-9,-22,-18,0,-3,-2,-7,0.0
94.295,16,15,54,33,28,5,9,10,0.0
94.3,-10,-11,-45,-48,-23,-5,-5,-3,0.0
94.305,-7,-4,-2,-7,-16,-7,-10,-2,0.0
94.31,-10,-6,-8,19,17,2,9,1,0.0
94.315,10,6,10,-9,13,7,1,2,0.0
94.32000000000001,3,0,8,20,0,-1,-2,-3,0.0
94.325,5,1,7,-8,-8,-4,0,-1,0.0
94.33,-18,-9,-21,-11,3,-15,-14,-7,0.0
94.33500000000001,2,-2,-12,-1,-28,2,3,-1,0.0
94.34,8,6,21,2,4,6,8,2,0.0
94.345,-2,4,12,57,1,11,3,5,0.0
94.35000000000001,-20,-19,-23,-43,-16,-18,-12,-10,0.0
94.355,5,0,15,-30,8,-6,-5,-2,0.0
94.36,5,3,2,-1,0,-1,1,6,0.0
94.365,0,5,17,-4,-1,5,5,-4,0.0
94.37,-7,-3,0,24,-3,-3,-2,-2,0.0
94.375,6,-2,-6,2,-2,2,-1,-2,0.0
94.38,-1,-2,-5,-5,2,4,2,1,0.0
94.385,-4,0,7,13,-3,-3,-9,3,0.0
94.39,-2,0,-14,5,-6,3,2,-1,0.0
94.395,4,0,1,7,4,-3,-2,-2,0.0
94.4,-4,-1,-9,5,0,-6,1,-3,0.0
94.405,-5,-5,0,-33,-4,0,0,1,0.0
94.41,-3,-3,-4,9,-7,-1,-2,-3,0.0
94.415,3,3,5,18,0,-4,0,3,0.0
94.42,2,4,2,23,3,-1,0,-3,0.0
94.425,2,-4,-9,-12,-3,-10,-2,-1,0.0
94.43,-2,5,14,-19,3,19,7,7,0.0
94.435,-7,-10,-14,40,3,-4,-4,-18,0.0
94.44,-3,-5,-11,-5,-7,1,-4,-3,0.0
94.44500000000001,-1,2,11,10,-2,-2,-2,0,0.0
94.45,-1,-3,10,-7,-3,-5,-4,-2,0.0
94.455,3,3,11,-6,5,-2,2,4,0.0
94.46000000000001,2,-1,9,4,8,2,1,-1,0.0
94.465,-4,-7,-12,-7,-4,1,2,1,0.0
94.47,-4,-3,-6,-19,-11,-9,-6,-5,0.0
94.47500000000001,1,-3,-16,-4,-6,-1,-3,1,0.0
94.48,-3,-2,13,1,-2,-8,-6,-4,0.0
94.485,2,2,2,-7,4,0,2,2,0.0
94.49,0,-1,-1,10,0,-4,-1,10,0.0
94.495,2,1,20,34,2,-3,-1,-1,0.0
94.5,-3,-3,-47,-37,-5,2,10,4,0.0
94.505,-1,4,21,10,4,9,19,68,0.0
94.51,-4,-6,-32,16,-7,-12,-52,-97,0.0
94.515,-5,-2,-6,-43,-1,6,5,20,0.0
94.52,1,7,30,30,5,3,-7,9,0.0
94.525,6,1,12,-3,-5,1,21,-4,0.0
94.53,-4,-5,-15,-28,-4,-4,49,124,0.0
94.535,-30,-13,-17,-9,-9,-14,-75,-72,0.0
94.54,1,3,-1,-3,0,-2,16,13,0.0
94.545,3,2,2,-1,3,0,-10,-10,0.0
94.55,-2,-1,14,17,-4,-3,17,22,0.0
94.555,12,2,-9,-10,1,11,20,8,0.0
94.56,-3,-2,17,-11,9,0,0,-1,0.0
94.565,0,2,-3,9,3,-3,-5,-12,0.0
94.57000000000001,4,4,21,10,4,2,-17,-20,0.0
94.575,5,-5,-21,-18,-7,0,11,17,0.0
94.58,-7,1,-8,13,-7,-3,-11,-19,0.0
94.58500000000001,2,-11,-14,-15,-4,3,-6,-6,0.0
94.59,-6,-3,0,-4,0,-3,4,-15,0.0
94.595,5,7,25,18,2,0,2,4,0.0
94.60000000000001,10,3,6,-4,0,5,7,12,0.0
94.605,-18,-7,-12,-5,-4,-7,-11,-17,0.0
94.61,-5,-4,0,9,5,3,-4,-4,0.0
94.615,3,1,7,-27,-7,1,8,9,0.0
94.62,5,0,-7,25,-6,-8,-6,0,0.0
94.625,32,10,4,-13,2,7,1,2,0.0
94.63,-8,0,10,54,8,-1,-5,-13,0.0
94.635,-5,-6,-3,5,-2,-13,0,6,0.0
94.64,-32,-17,-56,-97,-15,-5,-10,-12,0.0
94.645,-3,2,9,7,1,-4,-5,6,0.0
94.65,6,4,7,7,4,8,4,4,0.0
94.655,41,17,18,36,4,0,14,8,0.0
94.66,18,5,-12,1,-3,-3,0,4,0.0
94.665,-20,-10,-21,-43,-7,-10,-6,3,0.0
94.67,-26,-3,-6,-18,-2,2,-6,-7,0.0
94.675,3,-2,1,-1,5,7,12,13,0.0
94.68,-7,1,16,-6,0,0,-10,-5,0.0
94.685,12,7,17,13,3,6,15,4,0.0
94.69,8,-4,-19,-8,0,-7,-7,-3,0.0
94.69500000000001,-8,4,17,-9,-6,0,1,-10,0.0
94.7,18,9,-18,21,0,4,19,8,0.0
94.705,-30,-20,-13,-29,-6,-5,-13,-17,0.0
94.71000000000001,1,-1,15,-5,3,4,4,2,0.0
94.715,-14,-5,-22,-10,11,-3,-3,-11,0.0
94.72,-12,-4,17,0,-2,-4,-7,-3,0.0
94.72500000000001,5,3,3,3,-21,3,-2,-5,0.0
94.73,14,6,9,40,-4,-9,-9,-4,0.0
94.735,39,6,-19,-57,17,10,6,11,0.0
94.74,-30,-16,-34,1,-23,-9,-8,-8,0.0
94.745,-25,-16,-5,22,26,-5,-8,-11,0.0
94.75,-6,6,-3,-30,-38,-1,9,11,0.0
94.755,-2,1,20,19,7,-4,-14,-4,0.0
94.76,-26,-11,2,14,11,3,0,-8,0.0
94.765,27,11,13,-2,-8,2,2,15,0.0
94.77,23,9,-17,27,3,0,6,0,0.0
94.775,36,14,-12,-13,-3,2,4,2,0.0
94.78,-69,-12,86,30,-1,-1,-6,-1,0.0
94.785,-37,-20,-35,7,18,-3,-11,-52,0.0
94.79,-42,-53,-79,-69,-24,-10,-11,5,0.0
94.795,1,12,63,30,-7,-2,2,3,0.0
94.8,66,23,-3,45,10,1,5,13,0.0
94.805,42,14,27,-55,5,5,6,9,0.0
94.81,39,15,-14,-8,39,17,17,-1,0.0
94.815,-10,2,-10,-18,-19,-1,3,-10,0.0
94.82000000000001,-57,-28,67,45,-47,-25,-32,21,0.0
94.825,16,-3,-73,42,17,-2,-5,-21,0.0
94.83,24,33,18,-21,-11,7,9,-3,0.0
94.83500000000001,19,-8,43,27,7,-4,-6,-8,0.0
94.84,24,23,66,9,48,8,3,-23,0.0
94.845,65,9,-96,39,-36,9,19,76,0.0
94.85000000000001,47,-2,-17,-51,-33,-7,10,21,0.0
94.855,-104,-65,-128,-46,-34,-42,-59,-72,0.0
94.86,94,17,63,37,-35,-4,-14,-69,0.0
94.865,63,36,61,-34,26,23,32,32,0.0
94.87,22,13,101,34,31,-4,-9,27,0.0
94.875,63,18,-65,5,36,-5,3,42,0.0
94.88,-32,-24,24,-8,-4,15,33,9,0.0
94.885,-85,33,13,43,-50,27,29,-20,0.0
94.89,-62,-65,-42,-35,-91,-66,-73,39,0.0
94.895,29,25,92,12,3,-21,-13,-42,0.0
94.9,63,20,-103,-13,2,13,17,14,0.0
94.905,127,56,-42,-18,36,7,5,18,0.0
94.91,19,11,120,46,107,38,63,78,0.0
94.915,-114,-39,-103,16,-107,-52,-71,-46,0.0
94.92,-40,1,-65,-46,111,2,-9,-12,0.0
94.925,-12,-20,-21,7,-105,-1,0,-13,0.0
94.93,-112,-67,3,20,-18,-11,-18,-69,0.0
94.935,127,-31,0,3,118,27,33,39,0.0
94.94,127,83,-59,1,-90,3,13,-9,0.0
94.94500000000001,-93,-33,39,-10,-40,-38,-16,60,0.0
94.95,-56,-48,-91,-37,29,-4,-38,-74,0.0
94.955,56,45,100,15,1,39,52,40,0.0
94.96000000000001,-17,-17,-35,-8,9,5,15,39,0.0
94.965,-20,-11,34,-19,29,-29,-48,-19,0.0
94.97,127,53,11,21,-23,1,9,-26,0.0
94.97500000000001,-128,-14,21,3,15,23,13,7,0.0
94.98,56,-18,-63,-26,3,-14,-15,-14,0.0
94.985,6,-5,26,4,-3,1,10,7,0.0
94.99,27,22,26,3,23,11,15,3,0.0
94.995,20,17,-3,1,-19,-4,-6,-3,0.0
95.0,-58,-12,24,-28,-5,-7,6,20,0.0
95.005,0,-13,20,2,17,4,-11,-32,0.0
95.01,24,24,-24,15,-20,-4,-5,-7,0.0
95.015,-31,-16,-20,-21,-15,8,2,0,0.0
95.02,-31,-18,26,-10,-12,-9,-11,-7,0.0
95.025,-16,-12,8,1,29,-12,-7,-16,0.0
95.03,16,21,0,16,3,5,1,-15,0.0
95.035,6,4,2,-15,-18,11,13,22,0.0
95.04,-7,-4,29,-16,12,8,33,21,0.0
95.045,-14,-16,0,50,6,-25,-84,-63,0.0
95.05,-28,-1,-54,0,5,3,8,3,0.0
95.055,17,5,13,-35,-9,9,18,21,0.0
95.06,-4,-4,35,70,2,2,-20,-18,0.0
95.065,2,4,-2,-19,7,-5,17,-1,0.0
95.07000000000001,-10,-6,-19,-21,-16,2,-5,1,0.0
95.075,4,0,-8,18,12,-1,54,30,0.0
95.08,6,0,-18,-36,5,0,-72,-32,0.0
95.08500000000001,-23,-7,44,39,-8,1,9,14,0.0
95.09,11,3,15,-38,-4,-6,-9,-19,0.0
95.095,5,3,8,28,-10,-10,-3,-5,0.0
95.10000000000001,-21,-12,-37,-58,-12,-2,30,37,0.0
95.105,5,-7,-4,10,7,-3,-12,-33,0.0
95.11,-1,1,-13,-2,7,2,2,24,0.0
95.115,16,10,31,39,6,7,-9,-43,0.0
95.12,-23,-5,-7,-47,-6,-6,-5,6,0.0
95.125,-3,-7,-6,-13,-4,0,6,16,0.0
95.13,6,7,9,9,-2,-1,69,70,0.0
95.135,-2,3,9,-1,1,-4,-34,-29,0.0
95.14,-3,-11,-8,24,2,-6,7,16,0.0
95.145,0,-5,-15,-32,-2,10,7,-4,0.0
95.15,-7,8,30,31,4,6,17,20,0.0
95.155,1,1,2,6,4,-5,1,16,0.0
95.16,2,0,17,26,2,5,-7,-17,0.0
95.165,0,-4,-25,-35,-4,-8,13,7,0.0
95.17,-3,-2,2,6,-3,-1,-20,-32,0.0
95.175,-3,-5,-22,-22,-2,0,-6,2,0.0
95.18,9,1,11,2,-9,-4,-5,-14,0.0
95.185,-1,5,3,2,9,6,11,9,0.0
95.19,10,-8,-4,8,0,-2,-21,-22,0.0
95.19500000000001,-12,-5,-9,-16,-9,-9,-12,-5,0.0
95.2,-10,-12,-5,2,-1,-1,10,16,0.0
95.205,3,4,17,13,3,-3,2,0,0.0
95.21000000000001,-5,2,3,-7,-5,0,-13,-18,0.0
95.215,13,5,-5,3,-8,-2,5,11,0.0
95.22,3,3,14,0,-1,-10,-2,-2,0.0
95.22500000000001,-2,-6,-4,-3,5,18,2,0,0.0
95.23,-4,5,7,3,-2,-4,-8,-18,0.0
95.235,-3,-10,-12,-9,-1,-1,-1,7,0.0
95.24,-1,5,10,4,4,-1,1,1,0.0
95.245,-4,-5,-13,-15,-5,-6,-5,-9,0.0
95.25,-12,3,14,-1,-4,-2,0,-8,0.0
95.255,3,0,5,3,-1,3,1,5,0.0
95.26,5,-3,3,15,5,4,-3,-11,0.0
95.265,1,0,5,-15,-8,-12,1,2,0.0
95.27,-11,-7,-15,4,1,8,-6,-11,0.0
95.275,-3,1,10,-4,0,-3,0,-1,0.0
95.28,1,4,11,21,2,1,2,-1,0.0
95.285,-1,-5,-31,-25,-1,-2,0,7,0.0
95.29,-2,0,24,14,-7,0,-6,-4,0.0
95.295,1,-4,-26,-18,-5,-6,-4,2,0.0
95.3,-3,-2,-8,-32,-3,-15,1,3,0.0
95.305,-3,-2,4,14,3,15,1,-2,0.0
95.31,-3,-2,-9,-19,7,3,-2,-3,0.0
95.315,5,5,32,35,4,1,3,1,0.0
95.32000000000001,13,3,-11,0,-7,-3,-2,7,0.0
95.325,-34,-18,-5,-62,-7,-8,-8,-24,0.0
95.33,4,0,1,52,1,-2,-5,-2,0.0
95.33500000000001,2,3,14,-11,-2,1,0,6,0.0
95.34,-2,4,-7,-1,3,1,0,2,0.0
95.345,3,7,10,18,-1,-1,4,9,0.0
95.35000000000001,2,0,-8,-23,2,3,4,4,0.0
95.355,-1,3,0,1,6,-2,1,-2,0.0
95.36,-5,1,16,3,-11,-3,-3,-2,0.0
95.365,13,0,-16,12,-1,-4,-2,1,0.0
95.37,-13,5,9,-11,-4,-5,-7,0,0.0
95.375,-41,-30,4,0,-3,0,-5,-11,0.0
95.38,-7,-3,-26,-25,7,8,-1,-3,0.0
95.385,13,6,14,7,-2,-2,2,9,0.0
95.39,42,9,-3,20,-4,-1,0,-9,0.0
95.395,-19,-2,-15,-25,2,0,-2,1,0.0
95.4,2,1,-40,-17,1,-1,1,1,0.0
95.405,-34,-2,37,11,-14,-5,-1,-3,0.0
95.41,12,-15,-11,-11,12,4,4,5,0.0
95.415,-13,-9,20,15,-14,-1,-5,-8,0.0
95.42,-56,-21,-17,-27,-2,-8,-13,-13,0.0
95.425,12,9,-2,-37,8,-3,-8,-5,0.0
95.43,32,20,33,39,13,8,12,21,0.0
95.435,5,12,-19,-18,-21,2,13,9,0.0
95.44,16,17,-1,24,-3,-3,-6,12,0.0
95.44500000000001,-55,-54,24,-83,10,-12,-19,-36,0.0
95.45,-29,6,97,44,-12,-12,-13,-8,0.0
95.455,34,-18,-118,-34,6,3,3,6,0.0
95.46000000000001,38,25,67,22,-10,16,25,26,0.0
95.465,-28,27,9,6,15,6,9,14,0.0
95.47,-22,-24,-2,-21,-11,-17,-25,-33,0.0
95.47500000000001,59,23,-5,43,6,8,11,33,0.0
95.48,0,-12,-3,-68,17,7,12,-10,0.0
95.485,-46,-35,-22,49,10,-4,-6,-1,0.0
95.49,-26,-35,59,-24,-18,-7,-12,-39,0.0
95.495,-35,12,-76,68,-43,-21,-20,-24,0.0
95.5,66,5,-23,-28,18,1,-3,7,0.0
95.505,120,33,-73,-20,14,14,32,39,0.0
95.51,68,86,52,69,29,29,40,19,0.0
95.515,-52,-36,62,-88,25,5,-2,-6,0.0
95.52,-107,-66,67,-53,-105,-58,-72,-63,0.0
95.525,12,-18,-1,-19,82,-8,-30,-15,0.0
95.53,96,54,-20,-6,-10,17,42,31,0.0
95.535,9,31,19,45,24,26,40,39,0.0
95.54,-26,12,-16,42,22,-2,-3,65,0.0
95.545,66,-13,-23,69,-7,15,12,-21,0.0
95.55,-128,-128,11,-75,-96,-53,-77,-80,0.0
95.555,127,84,24,-20,21,-14,-12,-30,0.0
95.56,71,86,40,-28,98,54,72,71,0.0
95.565,-64,14,-73,123,-76,-2,41,4,0.0
95.57000000000001,-22,-73,69,11,127,-2,-72,25,0.0
95.575,18,12,-43,17,-126,19,69,26,0.0
95.58,-35,-62,-50,1,-25,-51,-86,-98,0.0
95.58500000000001,-14,13,126,-11,37,0,-22,-11,0.0
95.59,-13,23,-128,9,-4,5,25,-11,0.0
95.595,-20,-42,33,-92,39,-4,-18,-8,0.0
95.60000000000001,95,53,45,48,22,43,49,63,0.0
95.605,-12,-2,6,-20,-49,-6,2,-2,0.0
95.61,-72,3,-42,-55,12,-11,-11,-13,0.0
95.61500000000001,10,-9,41,52,17,-8,-22,33,0.0
95.62,-46,3,-43,6,35,40,46,-37,0.0
95.625,-29,-7,21,17,-38,-51,-57,-6,0.0
95.63,-29,2,-83,-36,0,-10,13,7,0.0
95.635,12,38,-27,12,19,-9,-29,-28,0.0
95.64,-31,-42,-49,-21,7,-14,-20,-12,0.0
95.645,64,6,40,-8,3,12,12,13,0.0
95.65,10,23,-18,-18,-22,16,26,7,0.0
95.655,-15,1,54,18,8,0,0,1,0.0
95.66,-6,-21,0,21,-30,0,5,16,0.0
95.665,-1,4,-16,-22,-3,5,0,-9,0.0
95.67,44,16,14,7,-21,-3,17,37,0.0
95.675,-66,-46,-6,-16,7,-14,-11,-42,0.0
95.68,0,3,26,25,-10,-6,-18,-13,0.0
95.685,19,1,-20,-16,-13,-4,6,1,0.0
95.69,22,14,5,-5,7,14,13,10,0.0
95.69500000000001,-20,-15,3,0,10,0,-12,-5,0.0
95.7,16,3,-8,13,-11,-2,6,-11,0.0
95.705,6,12,16,-11,8,9,-1,6,0.0
95.71000000000001,-9,-1,-12,0,-19,-18,-2,5,0.0
95.715,-2,-11,0,-11,9,3,-6,-5,0.0
95.72,1,2,15,14,-11,-8,1,-3,0.0
95.72500000000001,-18,-4,-2,2,11,5,2,2,0.0
95.73,6,-1,0,-7,-8,-3,-8,-2,0.0
95.735,-1,-5,8,-5,-7,2,3,-3,0.0
95.74000000000001,-6,-5,-7,-2,-6,4,-6,-10,0.0
95.745,-9,-2,-9,17,15,-7,5,3,0.0
95.75,16,8,-9,0,-7,10,8,4,0.0
95.755,-2,-5,11,-1,2,-4,-4,1,0.0
95.76,-16,-21,-46,-62,-25,-16,-16,-9,0.0
95.765,3,4,17,-11,2,-8,-4,-2,0.0
95.77,10,13,10,17,1,13,6,7,0.0
95.775,-11,-9,-12,-18,3,-5,-2,-4,0.0
95.78,-5,-5,28,28,-4,-8,-7,-8,0.0
95.785,-2,1,-6,-9,-3,2,2,2,0.0
95.79,5,1,7,-5,-4,1,0,0,0.0
95.795,-6,-4,26,14,5,3,0,0,0.0
95.8,3,-1,-33,-25,1,-6,2,-3,0.0
95.805,-4,-3,-10,-8,-7,4,-2,-11,0.0
95.81,0,0,7,0,-5,-8,-5,3,0.0
95.815,-5,-7,-2,20,-2,-9,-6,-2,0.0
95.82000000000001,4,9,41,33,7,5,7,2,0.0
95.825,-6,2,-24,-18,-2,-5,-4,-11,0.0
95.83,-1,-4,-9,-8,-6,17,-5,-2,0.0
95.83500000000001,1,5,-7,13,-2,-6,-1,-1,0.0
95.84,-1,4,-2,-22,1,-7,-2,2,0.0
95.845,-1,-3,4,-3,4,8,6,5,0.0
95.85000000000001,2,2,16,37,-2,-8,-3,-2,0.0
95.855,-4,-3,-9,-54,-3,-5,-5,-2,0.0
95.86,-4,-4,27,9,-4,1,1,-3,0.0
95.86500000000001,-1,-1,-45,-13,-12,-1,-2,3,0.0
95.87,-1,0,-18,-15,3,-2,6,0,0.0
95.875,-3,-1,7,19,7,6,3,2,0.0
95.88,-7,-2,6,11,1,-3,0,-1,0.0
95.885,2,6,19,-6,0,-3,-7,-3,0.0
95.89,-24,-10,4,17,-1,-2,1,-3,0.0
95.895,9,0,-7,-3,-7,-1,-8,-3,0.0
95.9,6,7,12,26,5,10,9,8,0.0
95.905,6,-4,-51,-47,0,2,5,17,0.0
95.91,-9,-2,13,-40,-10,-7,-9,-22,0.0
95.915,17,13,48,27,6,2,1,3,0.0
95.92,-65,-44,-55,-63,-12,-9,38,10,0.0
95.925,-6,6,56,48,0,1,-50,-27,0.0
95.93,4,5,5,-1,5,-1,9,13,0.0
95.935,15,-10,-43,-35,-1,1,-3,-1,0.0
95.94,29,33,33,45,3,4,13,18,0.0
95.94500000000001,-9,6,6,16,1,5,16,3,0.0
95.95,32,-5,-13,-16,0,-3,-3,20,0.0
95.955,26,9,54,57,8,2,10,-21,0.0
95.96000000000001,-18,-7,-88,-67,1,-9,-14,-18,0.0
95.965,-38,-27,-14,6,-23,-11,-73,-22,0.0
95.97,20,25,27,19,14,9,2,11,0.0
95.97500000000001,28,28,27,11,8,2,14,19,0.0
95.98,-72,-40,16,17,-43,-4,-13,-15,0.0
95.985,-13,34,-18,-26,69,15,33,14,0.0
95.99000000000001,47,29,9,58,-66,0,13,25,0.0
95.995,-90,-9,-12,-39,25,12,-15,-16,0.0
96.0,0,-53,90,66,59,8,7,-13,0.0
96.005,74,11,-15,1,-27,-3,23,45,0.0
96.01,-85,-50,-72,58,-63,-52,-29,59,0.0
96.015,43,114,16,-56,47,-28,-23,-37,0.0
96.02,-80,-35,16,-28,75,31,-2,-51,0.0
96.025,2,-52,-50,3,77,19,26,-19,0.0
96.03,84,-10,102,41,-47,-8,75,57,0.0
96.035,48,46,-56,-90,30,-4,-62,29,0.0
96.04,56,27,-41,28,61,16,10,4,0.0
96.045,10,7,82,38,-70,10,24,-31,0.0
96.05,-117,-84,5,-128,80,-35,-38,-10,0.0
96.055,-7,-74,-90,4,29,-31,-29,-29,0.0
96.06,127,91,111,-63,119,6,11,5,0.0
96.065,116,90,71,51,61,68,64,64,0.0
96.07000000000001,96,31,-35,69,-93,20,16,0,0.0
96.075,-124,-65,-62,-42,-16,-8,7,-63,0.0
96.08,-46,-72,-27,20,0,-44,-84,-2,0.0
96.08500000000001,-2,-4,45,-8,-24,-41,-33,-8,0.0
96.09,31,46,-32,-59,53,29,7,-41,0.0
96.095,83,46,18,34,-16,21,28,49,0.0
96.10000000000001,-34,-72,-65,-24,-102,-12,2,-44,0.0
96.105,-14,-26,0,35,-70,-20,33,-12,0.0
96.11,47,28,-9,-3,31,4,-68,-64,0.0
96.11500000000001,101,4,42,21,10,15,50,82,0.0
96.12,-23,105,30,63,-71,-6,-4,-9,0.0
96.125,-34,-91,-101,-82,-77,-55,-73,-31,0.0
96.13,83,20,-5,-28,55,19,10,-19,0.0
96.135,-25,-17,55,29,-23,3,16,6,0.0
96.14,103,54,35,28,12,14,28,69,0.0
96.145,-33,-15,-14,-78,102,17,5,-7,0.0
96.15,-64,-2,-2,70,-77,-10,11,-2,0.0
96.155,-11,-14,81,66,-5,14,9,18,0.0
96.16,-19,0,-20,5,-3,-24,-26,-42,0.0
96.165,-42,11,-5,-24,-10,-6,-3,4,0.0
96.17,-53,-26,-42,-47,19,-8,-21,-9,0.0
96.175,-7,-10,10,12,-13,0,15,-5,0.0
96.18,25,0,-10,-14,-17,-14,-31,-7,0.0
96.185,-1,5,0,10,-1,-11,-30,-26,0.0
96.19,-20,-5,26,-9,50,17,10,-2,0.0
96.19500000000001,1,-11,-16,-3,-10,-2,12,3,0.0
96.2,14,2,-20,-23,-17,0,3,15,0.0
96.205,-5,3,-4,12,8,-7,4,8,0.0
96.21000000000001,-5,-3,16,-12,15,4,15,-6,0.0
96.215,-9,-19,-30,-7,-12,-5,-36,-26,0.0
96.22,5,-2,-13,15,-15,-3,15,18,0.0
96.22500000000001,10,5,16,5,11,10,8,12,0.0
96.23,3,6,-8,-29,9,-5,-1,-2,0.0
96.235,-20,-16,-8,0,-24,-15,-9,-16,0.0
96.24000000000001,6,-1,6,7,1,4,-3,15,0.0
96.245,16,9,10,14,8,0,3,3,0.0
96.25,-7,-4,-6,-13,23,1,-5,-4,0.0
96.255,-10,-5,-29,-8,-5,3,-2,-6,0.0
96.26,9,-4,-11,-3,-11,1,9,7,0.0
96.265,5,2,14,18,3,2,-1,1,0.0
96.27,-12,-5,-6,-21,-10,-1,-4,-5,0.0
96.275,-5,-7,18,14,-5,-4,-4,1,0.0
96.28,12,3,-19,-7,-6,4,65,26,0.0
96.285,-2,0,-5,-1,1,1,-40,-28,0.0
96.29,-5,0,24,26,14,-2,4,-2,0.0
96.295,-1,-7,-5,-8,-6,-2,-3,-7,0.0
96.3,5,-2,-20,-7,-4,5,17,54,0.0
96.305,0,2,1,-4,-5,-6,-1,15,0.0
96.31,-4,-3,8,10,3,1,0,-54,0.0
96.315,3,-5,10,-15,0,7,76,52,0.0
96.32000000000001,-10,-6,-5,-16,-8,-8,-73,-103,0.0
96.325,1,-2,8,1,-2,-3,17,33,0.0
96.33,0,-2,7,-5,4,0,-12,9,0.0
96.33500000000001,-5,-2,-13,-3,0,-5,15,2,0.0
96.34,3,1,32,1,2,-6,4,14,0.0
96.345,3,5,-11,-8,-7,3,1,-4,0.0
96.35000000000001,-4,-6,-12,-16,1,-4,6,-9,0.0
96.355,-3,0,-3,21,6,1,7,-2,0.0
96.36,-2,1,6,-31,-13,-2,-46,-27,0.0
96.36500000000001,0,0,0,-3,2,0,-7,-14,0.0
96.37,-3,-8,-18,19,15,0,-2,19,0.0
96.375,-2,2,19,-15,-16,-2,-19,-8,0.0
96.38,0,-5,-26,-20,0,-5,-2,0,0.0
96.385,2,4,6,-1,3,3,23,7,0.0
96.39,-2,-4,-10,-17,-5,1,-8,-1,0.0
96.395,-3,-1,1,-4,3,0,-24,-14,0.0
96.4,2,1,1,16,0,7,50,19,0.0
96.405,-5,-5,-3,-9,-10,-15,-82,-32,0.0
96.41,0,-1,3,8,3,-2,3,-25,0.0
96.415,4,2,14,20,5,8,-8,37,0.0
96.42,0,3,-25,-5,-4,-5,12,6,0.0
96.425,-21,-25,1,-28,-8,-11,4,-50,0.0
96.43,0,13,15,8,4,4,32,33,0.0
96.435,-1,-4,4,19,-1,-3,-65,-61,0.0
96.44,2,3,44,38,6,8,1,6,0.0
96.44500000000001,4,-5,-35,-67,-12,0,43,27,0.0
96.45,-7,-3,38,6,-4,-7,-60,-32,0.0
96.455,-2,-1,-3,15,4,-4,13,-5,0.0
96.46000000000001,2,2,42,28,4,4,58,51,0.0
96.465,3,4,-26,1,8,5,-21,-33,0.0
96.47,3,1,-4,-20,-7,-2,53,69,0.0
96.47500000000001,6,7,8,-13,2,-3,6,88,0.0
96.48,-17,-6,-14,-7,3,1,-20,-99,0.0
96.485,11,7,5,18,-1,-6,-57,111,0.0
96.49000000000001,2,-3,-9,8,-2,6,115,-53,0.0
96.495,-1,-6,-13,-9,-1,-6,3,0,0.0
96.5,-21,-11,-5,-30,-4,-8,-38,-83,0.0
96.505,23,7,0,-4,-9,9,126,107,0.0
96.51,10,-6,-1,4,-3,-7,-113,-122,0.0
96.515,-26,-9,-33,0,-11,-9,20,35,0.0
96.52,-30,-20,-4,-15,-2,-4,-3,-37,0.0
96.525,58,13,23,26,38,-4,-96,-128,0.0
96.53,-19,8,-2,-17,-21,9,57,127,0.0
96.535,30,-5,-19,-22,-14,-6,23,-45,0.0
96.54,12,7,-14,-3,-3,5,7,100,0.0
96.545,-68,-4,46,15,40,10,50,-11,0.0
96.55,25,19,29,11,-33,11,-9,19,0.0
96.555,-31,-37,-43,-37,-15,-30,-52,-47,0.0
96.56,45,32,-11,10,29,4,-10,20,0.0
96.565,-13,14,15,70,-34,-11,3,-20,0.0
96.57000000000001,-11,-19,-28,-39,-24,-1,-24,-17,0.0
96.575,-26,-7,11,10,5,16,27,27,0.0
96.58,9,-9,11,11,-3,-4,-16,-17,0.0
96.58500000000001,32,16,-4,-4,11,-3,10,7,0.0
96.59,0,7,-27,3,23,-5,-27,-6,0.0
96.595,-26,-2,10,17,-22,0,5,-14,0.0
96.60000000000001,19,14,33,23,7,3,-3,14,0.0
96.605,-20,-15,-37,-50,-17,-1,-24,-5,0.0
96.61,-4,-9,-11,1,10,-8,3,1,0.0
96.61500000000001,17,12,13,-6,2,2,-12,-22,0.0
96.62,-18,-10,-8,6,-8,-4,-2,5,0.0
96.625,13,6,26,27,-5,4,18,7,0.0
96.63,14,4,-35,-4,14,2,-3,3,0.0
96.635,-25,-39,-24,-12,12,-1,-14,-10,0.0
96.64,-12,-1,5,10,-10,-3,-7,22,0.0
96.645,2,-11,-5,-1,1,-4,15,9,0.0
96.65,29,11,8,4,26,0,-10,-10,0.0
96.655,24,28,24,5,-38,4,0,0,0.0
96.66,-59,-18,-72,3,-20,-9,5,7,0.0
96.665,-7,-22,16,-14,7,0,16,17,0.0
96.67,-5,-5,1,35,20,2,-16,15,0.0
96.675,-7,2,0,-44,5,-6,-39,-75,0.0
96.68,26,6,12,-8,-6,3,0,3,0.0
96.685,-12,4,-13,3,-4,-2,-7,-3,0.0
96.69,-7,0,16,22,16,-2,3,15,0.0
96.69500000000001,50,16,-8,25,-10,6,32,33,0.0
96.7,107,45,15,-25,-23,0,-7,-6,0.0
96.705,-104,-28,-29,2,0,-1,1,-32,0.0
96.71000000000001,-5,-67,-24,-16,-18,-17,-21,-33,0.0
96.715,2,-23,-2,-19,25,6,0,24,0.0
96.72,31,10,41,-6,30,13,12,10,0.0
96.72500000000001,75,37,37,-7,-6,3,2,4,0.0
96.73,97,53,-28,-3,-9,-3,7,6,0.0
96.735,-102,-31,-76,17,-50,-10,-20,-33,0.0
96.74000000000001,7,-75,-93,51,-20,-27,-27,-20,0.0
96.745,17,-17,45,-83,-1,6,9,5,0.0
96.75,-17,-12,-8,10,16,1,52,6,0.0
96.755,51,39,54,14,28,8,-56,-15,0.0
96.76,1,36,52,28,28,26,29,21,0.0
96.765,47,5,7,31,9,8,12,6,0.0
96.77,16,26,50,30,-14,-16,31,39,0.0
96.775,16,21,31,21,-18,-17,-26,12,0.0
96.78,-89,-87,-59,-84,-6,-19,-37,-84,0.0
96.785,-96,-83,8,1,-3,-10,12,-51,0.0
96.79,45,23,-2,-56,8,20,-2,82,0.0
96.795,59,37,72,37,40,15,39,-33,0.0
96.8,81,51,12,-32,47,14,10,22,0.0
96.805,116,74,61,67,-68,-4,33,63,0.0
96.81,-85,0,-66,13,-2,-16,-29,10,0.0
96.815,-9,-101,68,24,-20,-16,-33,-29,0.0
96.82000000000001,-87,-35,-101,-45,2,-18,-18,-41,0.0
96.825,79,17,52,1,15,3,-7,12,0.0
96.83,11,18,49,-24,-33,-3,-7,-11,0.0
96.83500000000001,108,65,-5,-39,118,25,23,22,0.0
96.84,-56,13,-23,95,-95,18,45,51,0.0
96.845,-74,-105,33,90,8,-12,26,-5,0.0
96.85000000000001,-17,-42,-75,-87,-24,-30,-64,-66,0.0
96.855,17,5,3,-11,7,-9,25,64,0.0
96.86,127,92,92,32,28,17,11,15,0.0
96.86500000000001,-57,25,-11,9,1,1,3,3,0.0
96.87,86,-44,29,46,51,16,5,-5,0.0
96.875,-15,15,-1,55,-80,-8,-6,-57,0.0
96.88,103,64,115,-38,-29,-8,19,73,0.0
96.885,-72,-43,-124,7,-29,-34,-105,-8,0.0
96.89,-22,-31,115,-37,68,4,-66,-128,0.0
96.895,72,56,-110,-55,23,19,53,79,0.0
96.9,-76,18,112,117,-39,8,19,96,0.0
96.905,-10,-36,-103,-23,-42,-23,-32,-101,0.0
96.91,4,38,77,17,2,12,33,53,0.0
96.915,-75,-58,-15,24,7,-12,-10,-14,0.0
96.92,-27,-9,59,-49,29,3,9,-1,0.0
96.925,59,30,-32,3,51,13,13,53,0.0
96.93,-21,-17,-1,-5,-68,-9,6,-21,0.0
96.935,74,48,54,-69,67,24,37,37,0.0
96.94,-128,-88,-128,45,-64,-25,-23,-63,0.0
96.94500000000001,-87,-56,-17,-21,32,-30,-74,-84,0.0
96.95,-8,-1,-3,-1,-28,7,4,-14,0.0
96.955,-24,-1,-69,17,3,-8,42,94,0.0
96.96000000000001,127,35,59,-65,45,6,28,-8,0.0
96.965,-39,28,1,46,-37,6,-8,-42,0.0
96.97,-29,-20,-57,-17,-18,-13,-1,1,0.0
96.97500000000001,-2,-3,35,10,-5,9,8,-4,0.0
96.98,-74,-49,-2,-34,79,-5,-23,-28,0.0
96.985,104,66,-9,27,-83,9,38,66,0.0
96.99000000000001,37,29,31,41,57,6,20,16,0.0
96.995,45,26,97,1,26,18,11,-12,0.0
97.0,27,-80,-128,-48,-82,-47,-67,-17,0.0
97.005,-40,18,66,-34,57,3,-3,-29,0.0
97.01,-74,-102,45,36,-27,-22,-41,-55,0.0
97.015,50,-6,-32,-39,-25,-8,0,2,0.0
97.02,46,40,20,45,47,17,-55,14,0.0
97.025,47,13,3,-53,7,13,47,41,0.0
97.03,0,24,-13,17,-16,1,19,26,0.0
97.035,-60,-18,-16,14,8,-1,-14,1,0.0
97.04,-18,-7,21,-9,4,3,7,-89,0.0
97.045,-2,6,-7,2,-6,3,-14,33,0.0
97.05,11,31,-30,18,13,0,-2,15,0.0
97.055,-23,-24,-41,-39,-31,-10,36,34,0.0
97.06,-31,-13,-44,-36,-20,-8,-50,-81,0.0
97.065,38,15,27,5,19,4,19,27,0.0
97.07000000000001,4,14,-16,18,12,12,48,27,0.0
97.075,-33,-21,15,20,-15,-7,-64,-83,0.0
97.08,-2,-3,7,-9,0,-5,24,57,0.0
97.08500000000001,21,19,51,85,43,12,3,-2,0.0
97.09,-1,-7,-38,-84,-17,-6,14,4,0.0
97.095,-39,-21,-43,-34,-35,-19,-13,-28,0.0
97.10000000000001,10,12,21,42,20,-4,-59,-35,0.0
97.105,12,-2,-29,-108,-4,6,5,1,0.0
97.11,7,21,16,80,10,10,24,51,0.0
97.11500000000001,-7,-1,11,16,-4,-3,-24,-45,0.0
97.12,-6,0,3,-13,11,8,16,-63,0.0
97.125,7,-4,-6,-14,3,-2,3,28,0.0
97.13,-4,-3,-27,-31,-20,-9,-18,-10,0.0
97.135,-7,-1,11,15,9,3,-2,15,0.0
97.14,7,3,13,28,4,-3,31,42,0.0
97.145,3,-1,-12,-8,-3,-1,-2,-6,0.0
97.15,-1,1,17,15,0,-4,-11,-17,0.0
97.155,-4,-1,3,3,-11,-5,-7,1,0.0
97.16,-1,0,-18,-22,-6,7,25,32,0.0
97.165,4,-1,-4,-15,5,1,-34,-10,0.0
97.17,3,7,-4,4,2,4,6,12,0.0
97.175,0,-3,17,5,-3,-3,-16,35,0.0
97.18,0,-2,-1,-4,-1,-3,-4,-25,0.0
97.185,12,5,9,-9,-1,-1,12,8,0.0
97.19,-4,4,-5,5,5,-1,-10,-16,0.0
97.19500000000001,-58,-15,-6,16,-3,-6,-1,-13,0.0
97.2,6,-2,-1,-19,-6,-3,25,31,0.0
97.205,8,-1,1,10,2,2,3,-1,0.0
97.21000000000001,6,7,1,-4,4,7,-6,7,0.0
97.215,23,10,-6,-2,-7,-6,8,-10,0.0
97.22,2,1,3,4,7,-3,7,24,0.0
97.22500000000001,2,3,6,11,0,0,8,-6,0.0
97.23,-15,-15,-15,4,3,-2,-8,-5,0.0
97.235,6,-11,-19,-15,-2,-3,-8,-22,0.0
97.24000000000001,-3,-3,11,8,-3,-2,-1,5,0.0
97.245,8,-1,4,22,-4,-3,1,6,0.0
97.25,15,8,3,-49,0,2,11,1,0.0
97.255,-31,-7,11,25,-1,2,-5,-14,0.0
97.26,-1,-2,-12,-26,2,-1,9,17,0.0
97.265,-2,-1,-7,0,-8,-5,1,1,0.0
97.27,4,2,3,9,-2,-1,-3,20,0.0
97.275,5,4,0,3,2,-2,32,-29,0.0
97.28,16,1,12,14,-1,-2,-5,6,0.0
97.285,-8,-2,-10,-6,5,0,9,8,0.0
97.29,-1,0,-3,-6,-7,5,-16,-20,0.0
97.295,13,1,1,-5,-4,1,9,29,0.0
97.3,-7,-4,3,9,-2,1,7,6,0.0
97.305,0,-1,-10,-17,2,2,-1,-15,0.0
97.31,2,6,-13,42,0,-3,8,9,0.0
97.315,-16,-27,3,-26,-5,-3,-17,-13,0.0
97.32000000000001,-2,1,-7,-1,-4,-1,-1,1,0.0
97.325,-7,-6,-25,-14,-4,-7,-6,-1,0.0
97.33,23,10,22,12,3,5,0,-1,0.0
97.33500000000001,-6,7,10,8,0,-3,-4,2,0.0
97.34,7,-2,-7,5,-2,-7,-11,-22,0.0
97.345,6,-3,-7,-21,-4,-3,6,8,0.0
97.35000000000001,-24,-6,1,-7,-6,-4,-6,-8,0.0
97.355,8,-2,-8,-2,0,-4,-9,-7,0.0
97.36,-8,-1,8,8,-1,1,13,20,0.0
97.36500000000001,1,3,2,-1,5,4,-1,-4,0.0
97.37,7,0,4,21,6,2,0,-5,0.0
97.375,-16,-3,-21,-60,-13,-11,-15,-7,0.0
97.38,-2,-6,18,9,2,5,5,7,0.0
97.385,-8,7,13,5,-1,-3,1,-2,0.0
97.39,-26,-20,-27,-13,-9,-6,-12,-13,0.0
97.395,21,7,0,19,1,3,4,7,0.0
97.4,-1,-1,-16,-9,-1,-1,2,2,0.0
97.405,0,1,1,2,2,2,0,-2,0.0
97.41,8,4,12,-11,-3,-5,3,6,0.0
97.415,-14,-1,0,8,3,0,-2,-5,0.0
97.42,-7,-5,-12,-12,3,2,0,-1,0.0
97.425,-1,-7,2,13,-3,1,-2,1,0.0
97.43,4,3,9,2,-4,-3,-1,-2,0.0
97.435,9,-3,-20,-1,2,-4,-5,0,0.0
97.44,-6,-1,6,8,-1,2,-5,-1,0.0
97.44500000000001,0,-4,-8,7,-2,-2,5,1,0.0
97.45,7,0,24,14,11,10,4,0,0.0
97.455,4,1,-14,-54,-20,-8,-6,-3,0.0
97.46000000000001,17,2,5,-4,7,-1,-1,4,0.0
97.465,-15,-8,-19,8,-9,-5,-8,-10,0.0
97.47,6,0,15,15,0,3,1,9,0.0
97.47500000000001,15,11,20,36,14,2,1,-11,0.0
97.48,-5,-9,-45,-62,-13,-5,1,7,0.0
97.485,11,3,12,7,-1,2,2,-4,0.0
97.49000000000001,47,21,5,-22,12,4,7,12,0.0
97.495,10,16,7,39,16,18,13,18,0.0
97.5,-97,-40,-20,-7,-40,-27,-26,-28,0.0
97.505,-9,-10,-17,-23,3,-8,-15,-25,0.0
97.51,-48,-25,19,-14,-15,-12,-10,-15,0.0
97.515,47,15,17,20,37,8,4,10,0.0
97.52,-4,18,16,9,22,11,16,15,0.0
97.525,20,-2,-5,16,-31,-1,-1,8,0.0
97.53,21,12,-13,-74,18,7,6,5,0.0
97.535,-12,-12,-9,30,-1,6,7,-7,0.0
97.54,9,9,13,2,-25,-6,-7,21,0.0
97.545,13,1,11,8,12,-2,53,-13,0.0
97.55,-17,4,-4,5,2,-4,-34,-30,0.0
97.555,-9,-12,11,-19,61,1,1,2,0.0
97.56,-13,12,-2,35,20,13,8,1,0.0
97.565,63,8,-7,-27,-2,-1,12,22,0.0
97.57000000000001,20,40,4,-6,-65,5,18,28,0.0
97.575,-40,-92,-5,8,-40,-36,-25,-32,0.0
97.58,19,4,8,26,10,-6,-28,-3,0.0
97.58500000000001,-43,-33,12,7,0,-16,-30,-23,0.0
97.59,53,25,-18,-5,46,1,-2,-3,0.0
97.595,40,36,29,-7,40,30,6,18,0.0
97.60000000000001,47,17,7,25,-105,-15,19,14,0.0
97.605,-26,-14,-15,-82,13,8,-8,-3,0.0
97.61,-47,-27,-17,8,-2,-9,-10,-11,0.0
97.61500000000001,-12,11,12,13,-7,-10,7,2,0.0
97.62,13,-3,33,25,34,6,2,-13,0.0
97.625,101,58,58,2,34,16,3,25,0.0
97.63,58,82,53,36,76,24,49,52,0.0
97.635,-99,-83,-110,13,-127,-32,-1,-17,0.0
97.64,64,-17,109,35,50,-21,-29,-75,0.0
97.645,54,48,-29,43,35,-7,0,12,0.0
97.65,46,-29,43,-11,-9,-26,-27,-16,0.0
97.655,0,-8,51,43,13,25,37,39,0.0
97.66,44,69,16,-13,72,23,21,16,0.0
97.665,-86,-40,-33,57,-41,1,-16,-34,0.0
97.67,-33,-105,-52,-8,-55,-15,-9,-13,0.0
97.675,83,43,-40,-119,55,8,-5,-22,0.0
97.68,-94,-32,-63,65,-78,-15,10,27,0.0
97.685,25,43,-6,-43,39,-13,-38,-12,0.0
97.69,-7,36,14,14,-6,12,14,8,0.0
97.69500000000001,42,14,72,-69,62,0,-1,-2,0.0
97.7,125,44,-83,4,-1,13,23,27,0.0
97.705,-97,-56,107,10,-59,-6,-14,-29,0.0
97.71000000000001,-46,-55,-83,-33,-38,-21,-24,-30,0.0
97.715,13,35,55,43,-16,-4,-12,-15,0.0
97.72,18,-8,3,-47,68,10,8,-5,0.0
97.72500000000001,8,19,9,29,-18,21,28,38,0.0
97.73,-30,-24,-15,3,43,-22,-15,7,0.0
97.735,91,58,27,-73,75,18,15,10,0.0
97.74000000000001,-104,-31,-22,64,-115,11,14,-4,0.0
97.745,-72,-86,-86,-23,2,-40,-52,11,0.0
97.75,10,20,45,2,34,12,5,-32,0.0
97.755,21,13,-33,13,-2,1,3,11,0.0
97.76,8,-6,18,-45,31,-2,-6,2,0.0
97.765,12,9,21,-11,1,12,22,12,0.0
97.77,8,-3,-30,23,-5,5,1,0,0.0
97.775,-45,-8,2,31,-37,-9,-8,9,0.0
97.78,-10,-19,0,-36,-5,-8,-10,-12,0.0
97.785,8,16,2,21,5,8,11,-9,0.0
97.79,0,8,0,-12,-13,-3,-2,13,0.0
97.795,-21,-16,-18,34,-41,-13,-16,-28,0.0
97.8,-11,-5,12,-30,17,-1,-4,-1,0.0
97.805,28,12,-10,-8,13,0,49,26,0.0
97.81,-8,-4,4,6,-13,4,-19,-20,0.0
97.815,-21,-13,-6,-8,-31,-4,-3,9,0.0
97.82000000000001,4,-2,4,37,23,-11,-26,-15,0.0
97.825,3,4,0,-18,10,8,15,10,0.0
97.83,-2,-2,1,13,-12,1,10,4,0.0
97.83500000000001,8,6,2,24,-11,-1,-1,14,0.0
97.84,-15,-3,8,-48,2,-5,-8,-44,0.0
97.845,19,4,-19,15,-10,-4,4,25,0.0
97.85000000000001,-15,-8,2,-44,-5,-2,-18,-90,0.0
97.855,-4,-3,-37,2,-1,1,-4,4,0.0
97.86,7,1,-2,-8,9,-2,29,30,0.0
97.86500000000001,-1,1,52,48,1,1,-75,-37,0.0
97.87,-1,-3,-21,-60,-11,-13,4,20,0.0
97.875,-9,-4,7,22,-12,-2,4,3,0.0
97.88,1,-3,10,-14,5,4,2,-4,0.0
97.885,-1,2,-7,10,5,0,6,-7,0.0
97.89,6,6,14,58,-4,0,7,30,0.0
97.895,-19,-7,-9,2,-11,-7,-19,-22,0.0
97.9,-1,-6,-22,-31,-5,-5,6,23,0.0
97.905,4,3,14,-4,5,3,-15,3,0.0
97.91,6,5,6,4,6,6,7,18,0.0
97.915,2,1,8,2,-6,-1,5,11,0.0
97.92,-5,2,-21,-11,-1,3,-19,-2,0.0
97.925,-46,-26,-14,-23,-3,-2,30,-4,0.0
97.93,-2,0,-10,7,-10,-12,-36,-14,0.0
97.935,-1,-1,16,11,-4,0,15,24,0.0
97.94,43,21,1,-7,5,9,17,40,0.0
97.94500000000001,-32,-7,-21,-4,-7,-6,-23,-87,0.0
97.95,-5,-9,6,18,1,4,26,31,0.0
97.955,-1,-2,-32,1,-1,-1,-1,-13,0.0
97.96000000000001,-10,-9,15,14,4,-2,-13,-5,0.0
97.965,26,13,-19,-19,-11,-6,8,15,0.0
97.97,-2,-1,8,12,19,12,8,15,0.0
97.97500000000001,-4,-4,-17,-70,-9,-1,-13,-27,0.0
97.98,10,6,13,35,1,-2,-9,-17,0.0
97.985,13,8,23,26,11,15,44,47,0.0
97.99000000000001,4,8,29,28,0,5,12,6,0.0
97.995,2,4,15,25,0,-2,3,6,0.0
98.0,-35,-32,-90,-41,-17,-25,-51,-62,0.0
98.005,21,4,7,15,0,6,26,17,0.0
98.01,-7,4,24,-15,-5,-2,78,93,0.0
98.015,-28,-14,10,13,-4,-15,-66,-84,0.0
98.02,13,5,32,17,-2,-2,16,56,0.0
98.025,5,-4,-39,-35,-1,0,-19,-4,0.0
98.03,11,0,-28,-13,1,3,2,-18,0.0
98.035,0,3,42,45,1,2,24,36,0.0
98.04,-11,-4,-15,0,2,0,5,-6,0.0
98.045,10,6,5,-16,-2,0,-13,-18,0.0
98.05,2,-3,-22,-20,-3,-5,-22,-16,0.0
98.055,1,-4,-2,47,1,0,8,10,0.0
98.06,-7,5,-11,-45,-2,3,-9,-12,0.0
98.065,3,-2,2,-3,1,-3,5,14,0.0
98.07000000000001,-20,-13,-18,12,-6,-2,-15,-21,0.0
98.075,-2,-2,7,-4,0,-3,-8,2,0.0
98.08,14,1,34,60,11,10,20,15,0.0
98.08500000000001,-2,0,-22,-43,-8,-6,-7,-3,0.0
98.09,-9,-6,-7,-1,-4,-8,-19,-23,0.0
98.095,24,8,-12,-8,-5,3,1,2,0.0
98.10000000000001,2,3,29,-1,2,2,4,10,0.0
98.105,-3,-8,-18,-4,-1,-6,-3,3,0.0
98.11,-27,-16,10,2,-4,1,-18,-15,0.0
98.11500000000001,-1,2,-7,-18,-5,-1,7,9,0.0
98.12,-6,2,-8,-13,2,2,5,1,0.0
98.125,8,3,30,15,7,4,-1,1,0.0
98.13,13,6,-10,18,-3,-1,-3,-5,0.0
98.135,-10,-10,-28,-27,-6,-5,-2,9,0.0
98.14,4,-2,8,-9,11,5,-3,-2,0.0
98.145,2,2,-5,-12,-20,0,-1,3,0.0
98.15,-3,3,2,12,4,-7,-4,1,0.0
98.155,-6,-6,-1,-1,5,0,3,-6,0.0
98.16,1,-2,2,4,-5,-1,-2,-3,0.0
98.165,-3,1,13,-9,11,-3,-4,7,0.0
98.17,-4,0,6,17,7,12,3,0,0.0
98.175,28,5,-19,-17,-18,-2,-6,0,0.0
98.18,-53,-14,20,6,5,-4,-2,-13,0.0
98.185,-13,-6,18,9,0,-11,-8,-6,0.0
98.19,12,11,-12,-55,6,0,-2,22,0.0
98.19500000000001,20,4,-26,54,1,7,7,6,0.0
98.2,-3,6,15,-32,8,0,-11,-12,0.0
98.205,-74,-19,28,44,-32,-14,-5,-8,0.0
98.21000000000001,101,36,33,27,21,11,11,13,0.0
98.215,58,54,104,9,67,23,31,29,0.0
98.22,-71,-61,-128,-87,-91,-37,-26,-10,0.0
98.22500000000001,-2,-10,107,-25,36,0,-27,-13,0.0
98.23,-16,25,-89,-3,-33,-6,-3,-14,0.0
98.235,-10,8,73,69,39,11,5,19,0.0
98.24000000000001,54,40,-56,-43,-30,14,14,-8,0.0
98.245,-121,-51,41,46,13,-13,-12,-16,0.0
98.25,67,-39,89,92,-11,3,33,-6,0.0
98.255,14,9,-80,-93,-11,-1,-68,-4,0.0
98.26,-49,27,117,77,56,11,8,-26,0.0
98.265,126,30,-60,-118,17,1,2,-14,0.0
98.27,-80,16,80,59,-76,1,5,28,0.0
98.275,-11,-75,-44,13,-41,-31,-5,-44,0.0
98.28,30,13,127,30,35,-14,-36,-15,0.0
98.285,113,66,-23,43,33,27,14,-23,0.0
98.29,-100,-20,21,-57,49,16,14,-19,0.0
98.295,33,40,-29,-28,-13,5,39,53,0.0
98.3,29,-70,-92,6,-57,-24,-47,-7,0.0
98.305,85,34,52,61,32,9,19,15,0.0
98.31,127,59,-88,-43,36,12,2,13,0.0
98.315,-128,-63,-3,-11,-32,-4,11,19,0.0
98.32000000000001,24,-2,8,-19,-1,-6,14,-8,0.0
98.325,-15,-16,-54,-17,11,3,1,15,0.0
98.33,38,2,21,-26,17,20,7,32,0.0
98.33500000000001,-53,-15,17,17,-82,-60,-44,56,0.0
98.34,-44,-22,-54,17,25,-8,-29,-72,0.0
98.345,-44,-17,-34,15,-19,7,6,36,0.0
98.35000000000001,-24,-10,-9,-18,18,-10,-16,10,0.0
98.355,41,18,-14,3,54,23,44,1,0.0
98.36,6,13,33,-4,-18,7,-18,33,0.0
98.36500000000001,-14,-9,-19,-9,-30,-8,-2,8,0.0
98.37,-20,-21,-18,-10,3,-8,-4,-36,0.0
98.375,-1,1,26,3,-5,-1,-16,-37,0.0
98.38,21,7,-15,5,1,2,21,36,0.0
98.385,-10,-7,-34,-21,-10,3,2,-14,0.0
98.39,-11,-11,28,16,-1,-11,-17,-6,0.0
98.395,-3,-5,0,-9,-7,-5,2,-14,0.0
98.4,8,9,-9,-10,18,15,19,-7,0.0
98.405,-4,-5,11,3,-5,-6,-4,10,0.0
98.41,-21,-14,-15,-27,-23,-23,-18,-17,0.0
98.415,8,3,5,16,21,17,5,-6,0.0
98.42,8,4,4,6,7,8,23,21,0.0
98.425,-7,3,17,47,-10,-5,-5,2,0.0
98.43,-8,-17,-35,-26,-15,-12,-15,-14,0.0
98.435,9,8,15,11,5,11,0,-20,0.0
98.44,5,-5,-12,4,12,-3,9,21,0.0
98.44500000000001,-11,-5,-6,-20,-21,-17,-6,-6,0.0
98.45,-3,-3,12,19,0,4,-5,2,0.0
98.455,5,2,8,-20,8,-2,-1,-10,0.0
98.46000000000001,10,13,18,30,12,15,50,59,0.0
98.465,-9,-5,3,26,-12,-10,-57,-48,0.0
98.47,-9,-10,-17,-37,2,-10,-16,-21,0.0
98.47500000000001,-2,-2,-1,-8,0,0,-1,6,0.0
98.48,5,3,-2,-3,-4,-6,-9,-7,0.0
98.485,1,-9,-17,-15,-5,4,30,31,0.0
98.49000000000001,-7,-3,10,10,-6,-5,-1,2,0.0
98.495,-4,-9,-10,-4,0,-4,-13,-33,0.0
98.5,4,7,18,-5,0,2,12,23,0.0
98.505,2,-2,-9,-14,1,0,2,3,0.0
98.51,-3,-2,10,17,-5,0,-6,-11,0.0
98.515,2,4,-2,-6,0,-9,3,4,0.0
98.52,0,-2,-11,-7,-3,1,-1,-3,0.0
98.525,-2,0,8,-6,-5,0,3,-1,0.0
98.53,0,-2,-2,8,3,1,-5,-8,0.0
98.535,-2,-5,-6,-22,2,-1,0,3,0.0
98.54,-1,0,22,10,-3,-5,-4,-2,0.0
98.545,-3,-1,-24,-3,3,6,0,-20,0.0
98.55,-2,1,2,-3,-1,-1,5,12,0.0
98.555,-34,-13,-9,1,-8,-7,-12,-15,0.0
98.56,8,3,-13,-27,0,6,4,2,0.0
98.565,2,1,5,28,9,4,15,19,0.0
98.57000000000001,-9,-10,-3,3,15,-3,-3,-6,0.0
98.575,8,3,2,-7,-4,3,-3,-6,0.0
98.58,-2,-7,-5,-2,-14,-9,-9,-10,0.0
98.58500000000001,-3,2,-2,-8,-5,0,7,11,0.0
98.59,3,6,36,48,3,0,-1,3,0.0
98.595,19,-4,-49,-26,6,-1,-3,-3,0.0
98.60000000000001,-19,-11,20,-2,-5,-3,0,-3,0.0
98.605,-4,-3,-11,-21,-8,-6,13,28,0.0
98.61,-16,1,-9,-19,-5,5,-16,-52,0.0
98.61500000000001,-1,-5,25,25,4,-5,3,7,0.0
98.62,19,8,15,13,7,4,-43,14,0.0
98.625,16,1,6,3,-5,-7,-13,-31,0.0
98.63,3,2,-24,-17,-8,-5,8,57,0.0
98.635,3,6,19,9,2,5,41,19,0.0
98.64,-10,-8,-42,-38,1,-2,-42,-48,0.0
98.645,1,3,25,23,-1,4,52,54,0.0
98.65,-2,-2,-23,2,-8,-11,-95,-70,0.0
98.655,2,-1,-12,-16,-4,-1,12,2,0.0
98.66,0,5,47,65,-1,2,32,32,0.0
98.665,-5,-6,2,14,14,-3,-7,-4,0.0
98.67,-5,-8,-13,-48,-2,2,30,23,0.0
98.675,5,1,-11,5,-4,-2,-22,-37,0.0
98.68,-5,-2,-6,-9,-3,-3,-5,-20,0.0
98.685,-14,-4,4,-9,-15,-5,-20,-10,0.0
98.69,6,-4,0,34,3,3,24,12,0.0
98.69500000000001,0,7,53,6,6,7,-9,5,0.0
98.7,0,-9,-61,-17,0,-5,19,8,0.0
98.705,-1,5,3,-6,1,2,-1,-11,0.0
98.71000000000001,10,-1,16,20,-2,-3,12,15,0.0
98.715,-5,-4,-10,-19,-9,-6,-10,-3,0.0
98.72,-7,3,12,17,3,-4,6,-1,0.0
98.72500000000001,-8,-11,-43,-42,-11,-1,-14,-6,0.0
98.73,20,0,40,19,4,-6,3,-6,0.0
98.735,2,9,-12,4,4,6,0,5,0.0
98.74000000000001,2,-5,-1,-7,-1,2,7,2,0.0
98.745,-3,-5,-9,-12,-7,-8,-12,-9,0.0
98.75,-1,7,15,16,5,4,15,21,0.0
98.755,9,-1,-7,1,-1,-1,-1,-15,0.0
98.76,-4,-3,1,-14,4,2,6,8,0.0
98.765,-31,-10,7,4,1,2,-11,-19,0.0
98.77,5,0,-10,-15,-15,-7,0,0,0.0
98.775,-3,0,-2,1,-4,1,-5,5,0.0
98.78,2,5,4,3,4,5,6,-2,0.0
98.785,12,2,5,11,9,4,-4,3,0.0
98.79,-7,-5,-10,-15,-3,-4,5,0,0.0
98.795,-6,-8,-13,3,-7,0,-6,-3,0.0
98.8,6,1,5,-14,-1,-1,1,4,0.0
98.805,-6,2,4,2,2,-1,1,2,0.0
98.81,1,-1,-18,-6,-2,3,4,0,0.0
98.815,-21,-8,2,-15,-7,-9,-1,-2,0.0
98.82000000000001,-3,-2,-10,-7,2,0,-3,-2,0.0
98.825,7,3,2,-10,-2,-1,-1,0,0.0
98.83,-2,-4,-8,-12,-16,-9,-3,-5,0.0
98.83500000000001,1,-2,-18,-2,5,-2,-6,2,0.0
98.84,2,5,2,-5,-3,-10,0,-1,0.0
98.845,11,2,6,0,13,8,3,1,0.0
98.85000000000001,-16,-6,-10,9,-4,6,1,0,0.0
98.855,-2,-5,-1,10,3,1,-2,-1,0.0
98.86,-2,-1,8,-8,-10,-10,0,-1,0.0
98.86500000000001,7,-3,-8,-17,-5,-4,-3,-2,0.0
98.87,0,2,2,9,-2,-4,-1,-1,0.0
98.875,1,2,1,3,5,5,1,2,0.0
98.88,-3,-4,3,-2,-1,2,0,-3,0.0
98.885,-2,-5,-4,1,-3,-4,0,-1,0.0
98.89,-1,3,-2,-2,2,0,-1,1,0.0
98.895,-1,1,-8,2,-1,-3,0,-1,0.0
98.9,3,-2,-1,-35,-3,0,1,0,0.0
98.905,7,6,14,20,-2,2,2,7,0.0
98.91,-2,1,16,-1,8,5,-1,-21,0.0
98.915,13,2,8,-2,-2,0,3,3,0.0
98.92,-25,-17,-63,-75,-14,-4,-8,-8,0.0
98.925,-4,-8,-10,-25,-12,-11,-6,15,0.0
98.93,5,8,21,24,13,4,3,2,0.0
98.935,1,14,35,31,15,11,55,26,0.0
98.94,16,14,31,39,5,0,-39,-28,0.0
98.94500000000001,-7,-18,-53,-45,-8,-8,-8,-2,0.0
98.95,-10,-12,-11,-11,-7,-5,-4,14,0.0
98.955,5,-5,0,-21,-9,-6,-1,-3,0.0
98.96000000000001,-1,9,14,23,2,-2,13,18,0.0
98.965,1,5,22,29,9,3,3,1,0.0
98.97,-1,-5,-22,3,1,2,-2,1,0.0
98.97500000000001,-6,-6,22,25,-5,-4,-17,4,0.0
98.98,22,10,12,22,5,2,8,9,0.0
98.985,-18,-11,1,-25,1,4,-11,-13,0.0
98.99000000000001,13,-5,-4,-8,-7,-7,1,-11,0.0
98.995,-25,-7,-11,2,1,-1,-10,2,0.0
99.0,1,1,25,2,20,10,3,-7,0.0
99.005,17,10,3,59,-34,-4,9,2,0.0
99.01,5,8,4,-32,2,-3,-3,4,0.0
99.015,8,6,-22,-12,0,-2,-9,-10,0.0
99.02,-3,-5,23,17,5,0,2,1,0.0
99.025,5,10,-26,-22,15,1,-4,-7,0.0
99.03,-32,-35,27,0,-6,1,-4,-7,0.0
99.035,39,22,50,6,9,1,3,-1,0.0
99.04,18,6,-27,-34,5,-5,8,18,0.0
99.045,27,8,35,17,-23,-5,-2,-1,0.0
99.05,-41,-3,-25,15,-3,-11,-10,-6,0.0
99.055,16,-37,-81,-25,-2,-7,-16,-23,0.0
99.06,-6,-5,27,-7,7,5,1,3,0.0
99.065,0,-2,43,30,11,6,0,-9,0.0
99.07000000000001,-23,-6,14,-45,23,9,5,-22,0.0
99.075,-16,18,31,64,-86,-26,-10,16,0.0
99.08,22,15,-68,12,4,5,7,1,0.0
99.08500000000001,26,5,-40,-42,9,3,3,-9,0.0
99.09,37,42,77,37,23,10,11,21,0.0
99.095,-17,-46,-38,-102,5,7,-3,11,0.0
99.10000000000001,-56,-29,30,30,-39,-19,-21,-32,0.0
99.105,-21,-7,20,18,7,-4,0,14,0.0
99.11,33,18,63,-4,12,0,2,-3,0.0
99.11500000000001,3,27,-85,4,8,6,0,-9,0.0
99.12,1,-25,-6,5,-13,4,9,0,0.0
99.125,14,9,15,-42,25,0,-11,-3,0.0
99.13,-34,-38,-28,34,-6,-20,-7,-3,0.0
99.135,-6,-32,-43,5,-35,-9,-14,-11,0.0
99.14,-21,-9,89,-22,-10,3,-4,16,0.0
99.145,-30,13,84,26,-3,-7,-3,6,0.0
99.15,67,32,36,-15,13,3,15,8,0.0
99.155,86,76,83,47,60,6,17,18,0.0
99.16,-94,-70,-19,15,-23,13,7,-34,0.0
99.165,-56,-82,-59,-85,-17,-19,-33,-34,0.0
99.17,28,-12,-23,-12,-41,-11,-15,-11,0.0
99.175,32,12,4,-15,21,-1,-1,-10,0.0
99.18,65,45,17,-2,23,12,16,1,0.0
99.185,49,49,-4,61,12,17,44,77,0.0
99.19,-71,-21,-128,54,-23,-7,-18,-11,0.0
99.19500000000001,-81,-81,52,48,-8,-14,-27,-34,0.0
99.2,37,16,31,-22,3,-9,8,8,0.0
99.205,-8,10,85,72,5,11,-6,-18,0.0
99.21000000000001,127,56,-90,-55,-7,2,54,51,0.0
99.215,-77,10,115,27,15,17,-22,-36,0.0
99.22,-103,-38,-58,16,-14,-22,-22,-47,0.0
99.22500000000001,-34,-66,-18,-24,-4,-16,-27,-30,0.0
99.23,14,25,95,-3,-5,8,20,26,0.0
99.235,127,43,67,17,13,7,45,88,0.0
99.24000000000001,89,58,99,47,72,22,-59,-78,0.0
99.245,-49,33,88,15,-77,-16,12,8,0.0
99.25,-128,-127,-75,-84,-29,-26,-58,-72,0.0
99.255,49,36,81,45,-16,9,28,12,0.0
99.26,102,41,-127,-42,-16,-7,9,39,0.0
99.265,41,-10,67,19,24,-12,-20,68,0.0
99.27,94,69,32,22,45,2,-18,-85,0.0
99.275,-64,-32,-53,16,24,0,-2,10,0.0
99.28,-60,-27,-55,51,-50,14,60,31,0.0
99.285,-13,24,9,-8,19,15,-56,-57,0.0
99.29,53,64,41,36,0,13,32,102,0.0
99.295,-76,-82,-13,-128,-17,-37,-47,-78,0.0
99.3,31,-45,-3,0,1,-13,-8,-10,0.0
99.305,43,-40,-4,-21,2,11,28,1,0.0
99.31,108,62,103,66,37,24,31,22,0.0
99.315,53,98,-5,6,28,35,27,44,0.0
99.32000000000001,-126,-93,31,13,-46,-59,-70,-55,0.0
99.325,14,34,65,10,33,-1,9,-47,0.0
99.33,15,-85,-14,-88,-36,-9,35,25,0.0
99.33500000000001,98,56,57,-9,74,32,15,7,0.0
99.34,8,69,-46,31,-25,0,24,35,0.0
99.345,109,72,-50,18,37,33,33,47,0.0
99.35000000000001,-128,-80,-53,-52,-48,-18,-24,-14,0.0
99.355,-1,-5,17,-57,-32,-34,-56,-73,0.0
99.36,127,61,84,80,43,16,12,29,0.0
99.36500000000001,81,39,-126,83,46,1,4,-18,0.0
99.37,-28,2,-69,-78,-33,4,95,115,0.0
99.375,-59,-46,-56,60,-51,-19,-99,-83,0.0
99.38,-9,8,67,38,22,0,6,52,0.0
99.385,-12,14,5,13,-7,11,36,68,0.0
99.39,-44,-19,14,53,19,1,-13,-20,0.0
99.395,-14,-16,-24,-26,-23,-6,75,76,0.0
99.4,9,10,-6,-17,7,-2,-69,-45,0.0
99.405,-46,-35,5,-44,-20,-15,-20,23,0.0
99.41,-7,-3,-5,28,-1,-26,-65,-35,0.0
99.415,-3,-10,-19,-3,8,24,38,68,0.0
99.42,21,20,44,0,20,16,5,44,0.0
99.425,-15,-21,-16,-86,-34,-8,54,79,0.0
99.43,-26,-1,67,-29,6,-16,-116,-128,0.0
99.435,-24,0,-1,77,15,6,18,-1,0.0
99.44,-23,-24,-65,-104,-21,-6,50,31,0.0
99.44500000000001,-22,-17,-5,-63,-27,-15,-31,-43,0.0
99.45,23,24,11,41,13,14,37,34,0.0
99.455,35,-3,21,66,-4,-9,-18,-4,0.0
99.46000000000001,-22,-4,34,11,15,13,12,26,0.0
99.465,-6,-8,-27,-6,0,-6,-2,2,0.0
99.47,9,11,1,5,3,6,29,-15,0.0
99.47500000000001,-11,-7,-10,-40,-3,2,-3,36,0.0
99.48,2,-1,1,-8,-8,-16,-11,-1,0.0
99.485,-25,-18,-94,-55,-3,3,-26,-74,0.0
99.49000000000001,-4,2,37,23,8,7,22,51,0.0
99.495,-14,-20,-32,-31,-26,-21,-12,9,0.0
99.5,13,10,20,-13,12,8,30,31,0.0
99.505,2,5,46,29,-1,0,-4,-16,0.0
99.51,-1,6,4,31,4,0,-12,-12,0.0
99.515,13,-1,-35,-15,0,-1,10,8,0.0
99.52,-32,-23,-14,-27,-7,-6,-7,-15,0.0
99.525,-3,-8,19,39,-2,-3,-8,-19,0.0
99.53,-10,-4,6,13,6,-1,-18,4,0.0
99.535,14,11,9,-25,-2,6,33,7,0.0
99.54,14,3,-3,-2,1,-2,-53,-21,0.0
99.545,14,1,14,14,-3,-2,8,14,0.0
99.55,-3,-1,-21,-7,-4,1,-12,-16,0.0
99.555,-79,-17,-6,-9,7,3,7,-19,0.0
99.56,7,-6,1,8,-5,-5,19,2,0.0
99.565,-2,0,6,10,2,3,-4,11,0.0
99.57000000000001,15,3,-10,-8,1,-2,-15,8,0.0
99.575,21,7,5,-6,-8,-9,-9,-13,0.0
99.58,27,8,1,-2,4,8,12,11,0.0
99.58500000000001,-66,-11,0,5,-4,-11,-19,-53,0.0
99.59,-7,-11,-9,-1,-5,1,0,-9,0.0
99.595,2,-1,6,10,2,-1,-5,3,0.0
99.60000000000001,-4,-3,-8,-16,-4,-8,-1,-41,0.0
99.605,31,10,1,9,-4,4,9,12,0.0
99.61,-1,0,3,11,-4,-1,-7,4,0.0
99.61500000000001,-9,-3,-10,-10,5,-2,11,4,0.0
99.62,10,-1,14,7,2,-1,6,11,0.0
99.625,-1,-3,-4,-1,-6,-1,-6,-1,0.0
99.63,-8,-7,-5,-1,-3,0,-19,-10,0.0
99.635,16,1,5,5,-3,-3,8,8,0.0
99.64,-1,6,0,-7,2,-15,9,29,0.0
99.645,-7,-9,-1,4,-1,14,-3,-27,0.0
99.65,4,-3,7,5,6,1,21,29,0.0
99.655,8,3,-3,-1,3,0,-14,-13,0.0
99.66,4,6,-8,1,-9,-2,5,18,0.0
99.665,-4,-3,-6,-5,4,-8,12,2,0.0
99.67,-1,-5,24,16,0,1,-1,8,0.0
99.675,0,13,-25,-32,-3,4,15,28,0.0
99.68,-13,-18,4,-8,-8,-10,-43,-97,0.0
99.685,13,7,3,12,0,1,20,25,0.0
99.69,20,1,-8,-13,8,4,6,-4,0.0
99.69500000000001,0,1,7,-6,4,3,-20,-5,0.0
99.7,-3,4,-3,4,-17,-1,24,24,0.0
99.705,1,-3,6,5,-4,-4,-4,-6,0.0
99.71000000000001,-5,5,-10,10,3,4,0,9,0.0
99.715,4,1,10,-10,2,-5,-13,-20,0.0
99.72,-5,0,-15,-7,5,3,-3,3,0.0
99.72500000000001,-4,-12,-33,-50,-15,-11,-7,-9,0.0
99.73,6,8,-8,-19,-5,-8,-77,-5,0.0
99.735,3,-10,-12,15,-2,2,9,5,0.0
99.74000000000001,-7,-5,13,-3,8,5,-3,-12,0.0
99.745,9,3,24,19,13,0,-3,5,0.0
99.75,-6,8,17,19,-17,-8,26,12,0.0
99.755,-1,-17,-33,-22,-14,-6,-9,-19,0.0
99.76,6,5,4,16,2,3,11,8,0.0
99.765,2,-9,9,-15,0,-3,0,8,0.0
99.77,13,5,-42,13,4,2,11,-9,0.0
99.775,-15,-4,-7,-1,-6,-8,-16,-13,0.0
99.78,-10,-3,16,1,-2,0,8,11,0.0
99.785,-6,-1,41,18,-1,-4,-6,-8,0.0
99.79,-11,-38,-98,-32,-9,0,1,-8,0.0
99.795,-9,1,12,11,2,-2,0,-26,0.0
99.8,-8,-19,-38,4,15,5,2,9,0.0
99.805,15,24,57,11,9,0,3,2,0.0
99.81,-21,-17,-14,12,-10,-7,-4,-10,0.0
99.815,9,-3,-4,18,-7,14,5,10,0.0
99.82000000000001,35,10,21,-8,-29,0,-2,3,0.0
99.825,75,37,24,9,10,5,4,16,0.0
99.83,-33,18,80,5,13,0,7,-3,0.0
99.83500000000001,-14,-55,-86,-14,0,-17,-19,-13,0.0
99.84,38,32,48,-5,31,8,4,-6,0.0
99.845,-51,-12,-65,26,-15,2,1,17,0.0
99.85000000000001,-64,-12,8,-29,-11,-3,4,-12,0.0
99.855,25,17,48,9,7,-3,-7,-16,0.0
99.86,80,21,44,-60,30,6,-4,17,0.0
99.86500000000001,87,56,-98,32,-68,10,29,17,0.0
99.87,-70,-59,76,-36,15,-6,-3,-12,0.0
99.875,-48,-90,-72,1,-39,-26,-31,-25,0.0
99.88,44,18,-31,31,1,-5,-1,-4,0.0
99.885,53,32,118,-17,35,11,3,1,0.0
99.89,0,-41,-36,-1,27,1,-4,-31,0.0
99.895,-13,23,18,32,54,26,40,55,0.0
99.9,-103,-22,-23,-40,-78,-24,-12,27,0.0
99.905,55,-3,-37,-74,58,0,-1,-40,0.0
99.91,-45,16,47,14,-32,-27,-27,-27,0.0
99.915,57,-13,-58,-32,-4,-9,-6,18,0.0
99.92,16,53,71,43,60,15,11,-5,0.0
99.925,8,60,14,98,15,35,17,46,0.0
99.93,-42,-71,-42,-69,-84,-36,-16,-58,0.0
99.935,113,70,-6,17,56,2,-3,14,0.0
99.94,-32,58,44,-16,-63,-3,6,-39,0.0
99.94500000000001,-124,-128,23,-15,5,-38,-51,-56,0.0
99.95,127,45,49,17,107,32,17,19,0.0
99.955,60,63,7,39,-108,3,28,19,0.0
99.96000000000001,-6,-82,25,-50,15,14,13,1,0.0
99.965,-70,-61,-72,44,4,-4,-2,-32,0.0
99.97,21,9,-31,23,-30,-6,-10,33,0.0
99.97500000000001,1,33,127,22,34,-1,-2,-12,0.0
99.98,1,-40,-109,-66,19,-13,-23,-35,0.0
99.985,-31,-9,63,-11,-32,-1,8,2,0.0
99.99000000000001,44,11,6,7,-12,-6,0,34,0.0
99.995,-19,27,-26,-12,16,15,9,-11,0.0
100.0,-30,-6,41,31,13,6,0,2,0.0
100.005,-30,-44,-91,-28,-25,-23,-22,-21,0.0
100.01,35,41,30,8,4,9,6,22,0.0
100.015,-20,-2,-33,-11,11,3,8,1,0.0
100.02,-21,-24,-22,19,-7,-6,-4,5,0.0
100.025,18,3,-22,-20,3,-10,-18,0,0.0
100.03,19,35,33,19,2,9,15,5,0.0
100.035,-53,-30,6,-18,-7,-3,-8,-22,0.0
100.04,8,-20,-31,24,-5,-3,-6,9,0.0
100.045,18,21,14,-6,-7,-2,2,14,0.0
100.05,6,15,-17,4,5,5,1,4,0.0
100.055,-24,-22,26,-14,-2,-6,-4,-2,0.0
100.06,11,11,-29,21,4,0,3,9,0.0
100.065,11,14,34,-15,-5,4,2,5,0.0
100.07000000000001,-6,-9,-28,-5,1,4,2,-1,0.0
100.075,-2,-6,9,1,0,-4,-11,-3,0.0
100.08,3,6,3,21,-13,-11,-5,-3,0.0
100.08500000000001,-6,-5,-5,-12,6,3,3,1,0.0
100.09,8,1,-10,-4,-12,9,5,4,0.0
100.095,-7,-1,20,-11,-10,-6,-6,-2,0.0
100.10000000000001,-1,1,-11,9,15,-1,1,4,0.0
100.105,-3,-3,0,12,8,-4,-4,4,0.0
100.11,6,9,-14,-20,-16,-9,-3,0,0.0
100.11500000000001,-1,1,31,24,2,0,-3,-2,0.0
100.12,-9,-10,-19,-13,-3,4,2,-2,0.0
100.125,8,7,5,-7,4,2,0,1,0.0
100.13,5,5,24,27,4,-1,5,1,0.0
100.135,-10,-8,-8,-20,-1,-7,-4,-6,0.0
100.14,4,-4,-15,-4,2,5,-4,-2,0.0
100.145,2,1,7,-18,-9,-7,-1,-3,0.0
100.15,3,9,-19,-4,6,5,41,24,0.0
100.155,-12,-8,15,5,-8,1,-23,-26,0.0
100.16,2,-3,2,14,-1,-2,-1,-3,0.0
100.165,1,9,23,1,-5,-4,-6,0,0.0
100.17,1,0,3,20,9,6,13,8,0.0
100.175,-3,-9,-56,-56,-4,-4,7,7,0.0
100.18,-3,-8,1,21,-7,-6,-9,-7,0.0
100.185,3,3,-6,-62,-9,-3,3,7,0.0
100.19,-3,12,55,44,7,-2,-16,-9,0.0
100.19500000000001,7,-13,-24,8,-9,-5,-6,-5,0.0
100.2,3,8,-5,-31,4,6,6,11,0.0
100.205,-5,-1,28,44,12,4,8,6,0.0
100.21000000000001,5,4,-19,-33,8,0,-11,-5,0.0
100.215,30,11,65,30,5,2,-12,-16,0.0
100.22,-6,-10,-4,23,-7,-9,11,4,0.0
100.22500000000001,-9,-18,-75,-84,-17,-14,-24,-12,0.0
100.23,19,-1,-13,-28,1,4,-5,0,0.0
100.235,-12,2,15,0,0,6,12,12,0.0
100.24000000000001,4,5,52,86,11,3,-3,-1,0.0
100.245,-9,9,-57,-43,-13,-11,-1,-9,0.0
100.25,-11,-18,-30,-39,-6,-9,-16,-14,0.0
100.255,4,-3,-17,4,1,2,10,8,0.0
100.26,9,6,-1,-9,0,5,3,15,0.0
100.265,-26,0,47,74,10,11,5,-39,0.0
100.27,4,6,41,49,1,-9,-7,-6,0.0
100.275,-12,-5,-55,-42,-5,3,1,2,0.0
100.28,7,5,-2,-42,1,4,-1,10,0.0
100.285,0,-3,5,-2,-4,-4,-3,1,0.0
100.29,12,-4,2,16,-5,-2,-1,-6,0.0
100.295,14,2,28,41,8,1,1,-1,0.0
100.3,-13,-11,-51,-70,-22,-17,-13,-10,0.0
100.305,8,-1,4,-6,0,0,2,14,0.0
100.31,-8,8,-15,18,7,1,6,2,0.0
100.315,1,2,24,21,5,3,4,9,0.0
100.32000000000001,-4,-8,-22,-13,-5,-1,-6,-7,0.0
100.325,16,3,27,11,-5,2,3,8,0.0
100.33,-11,-11,-49,-21,-6,0,-4,-6,0.0
100.33500000000001,-14,1,-7,-17,-6,-6,-3,-5,0.0
100.34,-6,-2,-3,-3,3,1,-4,-10,0.0
100.345,-1,-5,15,29,7,2,2,4,0.0
100.35000000000001,2,4,-4,11,0,5,3,1,0.0
100.355,-6,-4,10,-36,-4,-4,-5,-1,0.0
100.36,-2,2,-6,15,-1,-1,2,-4,0.0
100.36500000000001,2,-7,5,16,13,1,2,6,0.0
100.37,-6,-8,-2,-64,-16,-3,-7,-4,0.0
100.375,-7,-4,-11,11,-13,-5,-3,0,0.0
100.38,6,13,47,19,15,11,6,4,0.0
100.385,1,-4,-23,2,-7,-4,-2,-2,0.0
100.39,-5,-5,-14,0,5,0,0,-2,0.0
100.395,-5,4,20,3,-4,-2,-4,-2,0.0
100.4,4,1,4,6,0,5,1,-1,0.0
100.405,-2,-2,-14,-8,2,-4,0,2,0.0
100.41,-8,-4,8,6,5,2,-2,-4,0.0
100.415,-13,-7,-9,10,-17,-6,-1,3,0.0
100.42,-11,-2,-19,-1,4,0,-3,-3,0.0
100.425,2,5,3,0,1,7,0,6,0.0
100.43,5,3,3,-12,-3,-13,-6,-5,0.0
100.435,4,3,16,11,12,9,6,0,0.0
100.44,-4,-8,-40,-12,-1,-5,-1,-1,0.0
100.44500000000001,-1,-4,5,-4,0,-4,-7,-3,0.0
100.45,-2,-3,6,5,-2,5,2,3,0.0
100.455,-3,0,-9,-4,-13,-1,-1,-2,0.0
100.46000000000001,1,0,8,25,1,5,6,-1,0.0
100.465,3,6,13,6,-4,-2,0,3,0.0
100.47,-2,-4,-30,-21,2,-3,-3,10,0.0
100.47500000000001,-4,-5,29,3,8,-5,-3,-6,0.0
100.48,0,-4,-4,-38,-3,-1,-4,-1,0.0
100.485,6,12,2,2,3,1,6,-1,0.0
100.49000000000001,-4,0,11,-4,-7,-4,-1,1,0.0
100.495,1,1,27,50,3,2,-1,1,0.0
100.5,-8,-8,-19,10,-3,-1,1,1,0.0
100.505,4,-5,-26,-42,-12,-15,-16,3,0.0
100.51,-3,-2,2,-5,-2,2,-4,-9,0.0
100.515,-3,3,-45,-30,-6,-3,-4,1,0.0
100.52,1,3,37,36,5,2,-6,-3,0.0
100.525,-2,-6,-4,7,0,10,34,10,0.0
100.53,-3,-2,3,21,-1,0,-14,0,0.0
100.535,2,-2,2,-10,2,-7,-4,-11,0.0
100.54,-6,0,-4,9,-4,-7,6,0,0.0
100.545,-4,-5,-21,-9,-2,1,0,-4,0.0
100.55,4,10,13,14,-1,1,3,-3,0.0
100.555,-4,-8,8,26,3,-1,5,8,0.0
100.56,2,4,0,-51,-2,-4,-1,3,0.0
100.565,-9,-16,-2,-2,-13,-19,-19,-13,0.0
100.57000000000001,2,1,18,35,5,11,-1,3,0.0
100.575,2,4,8,6,1,-2,-4,-1,0.0
100.58,0,-1,50,44,-4,-11,-7,2,0.0
100.58500000000001,2,2,-19,-3,7,17,3,-4,0.0
100.59,-2,1,-2,-36,-5,-2,7,7,0.0
100.595,-2,-2,-15,-17,2,-4,1,1,0.0
100.60000000000001,-2,4,-8,26,-1,1,-9,1,0.0
100.605,-4,-2,15,24,2,-1,-2,3,0.0
100.61,-2,-9,-22,4,-2,-3,2,2,0.0
100.61500000000001,1,3,23,-23,5,5,-6,-10,0.0
100.62,-1,-9,-27,-16,-3,-4,3,0,0.0
100.625,4,8,17,2,-13,-2,-2,1,0.0
100.63,3,1,-26,-19,-1,-1,-3,2,0.0
100.635,10,2,3,-22,0,-1,13,6,0.0
100.64,-9,-2,11,-6,7,-3,-2,-4,0.0
100.645,-25,-12,-8,9,1,-2,-7,-10,0.0
100.65,-5,-9,6,18,2,1,2,-7,0.0
100.655,0,5,-11,-9,-4,-1,0,20,0.0
100.66,12,2,6,-22,-3,-4,-12,-20,0.0
100.665,10,11,25,25,-9,-2,-4,2,0.0
100.67,2,2,-44,-15,6,-2,1,-16,0.0
100.675,10,8,-15,-1,-6,-5,-1,7,0.0
100.68,-26,-25,-24,-6,-14,-10,-12,56,0.0
100.685,1,-10,42,-18,3,-2,1,-19,0.0
100.69,-22,-6,0,12,5,-2,0,-15,0.0
100.69500000000001,0,-1,8,6,8,6,0,-13,0.0
100.7,23,15,-8,-5,1,4,6,-7,0.0
100.705,2,8,-24,-3,-4,-4,-3,6,0.0
100.71000000000001,-27,-14,12,-3,-3,-4,-2,0,0.0
100.715,-3,-3,-24,-9,7,10,0,-1,0.0
100.72,-5,0,-6,12,4,1,2,-8,0.0
100.72500000000001,12,-4,0,13,-23,1,3,6,0.0
100.73,40,17,-13,-1,-1,1,7,9,0.0
100.735,5,19,97,33,14,0,1,1,0.0
100.74000000000001,-54,-53,-98,-96,-36,-13,-17,-36,0.0
100.745,-22,-25,17,-42,4,0,-4,-11,0.0
100.75,12,12,29,27,9,4,6,6,0.0
100.755,9,-1,48,3,11,6,7,32,0.0
100.76,45,28,-3,46,10,0,-4,-33,0.0
100.765,-3,17,-1,2,-15,-4,-8,9,0.0
100.77,88,28,52,42,49,9,8,16,0.0
100.775,-9,0,-50,-48,-76,-16,-2,-18,0.0
100.78,-102,-80,-72,-82,11,-13,-26,-30,0.0
100.785,101,47,89,45,45,10,21,10,0.0
100.79,17,32,-112,23,-64,-8,-3,0,0.0
100.795,-54,-14,104,29,12,-11,-28,-10,0.0
100.8,29,-19,-81,-37,22,-4,-11,-6,0.0
100.805,53,46,57,23,-24,-3,35,-4,0.0
100.81,-1,17,118,-20,127,48,36,60,0.0
100.815,-60,-46,-128,22,-84,-43,-16,-19,0.0
100.82000000000001,-110,-97,26,-11,-2,-48,-70,-59,0.0
100.825,73,18,5,-21,50,1,2,-7,0.0
100.83,127,93,82,35,35,29,44,51,0.0
100.83500000000001,95,22,-8,21,17,15,17,50,0.0
100.84,-42,-33,47,-58,-4,8,26,19,0.0
100.845,41,12,-105,20,-17,1,9,10,0.0
100.85000000000001,-128,-97,24,-8,-94,-52,-77,-105,0.0
100.855,80,6,26,-1,17,32,32,55,0.0
100.86,63,117,117,127,17,51,79,71,0.0
100.86500000000001,23,-30,10,-83,3,-3,0,-54,0.0
100.87,-69,-57,-95,-59,-79,-68,-95,-18,0.0
100.875,-128,-77,-24,-39,20,-36,-67,-89,0.0
100.88,105,63,59,0,-13,4,7,34,0.0
100.885,9,6,-21,36,29,20,16,25,0.0
100.89,35,7,13,-19,21,33,72,46,0.0
100.895,67,29,3,-20,38,15,11,3,0.0
100.9,8,11,50,79,-32,0,5,18,0.0
100.905,-79,-29,-42,-10,-25,-17,-28,-5,0.0
100.91,6,-6,-61,3,1,-19,-13,-25,0.0
100.915,-14,24,105,-17,76,33,26,38,0.0
100.92,47,21,-81,-35,-8,19,31,-10,0.0
100.925,-82,-40,110,42,-36,-46,-66,-74,0.0
100.93,-24,-10,-43,-30,-34,-14,-16,-29,0.0
100.935,18,21,3,13,-4,4,16,-2,0.0
100.94,13,17,49,17,35,7,5,30,0.0
100.94500000000001,22,5,-17,-7,20,16,13,36,0.0
100.95,-56,-41,-29,60,-21,-15,-11,-8,0.0
100.955,-21,1,-33,-55,-10,-7,-7,-29,0.0
100.96000000000001,12,12,-2,45,-16,-5,-6,-12,0.0
100.965,-7,-4,-52,-30,-1,-4,-3,15,0.0
100.97,39,12,45,-10,13,14,14,11,0.0
100.97500000000001,0,-14,-45,19,-27,-12,-6,-11,0.0
100.98,-5,-6,5,1,7,-3,-12,-18,0.0
100.985,-20,-5,-18,11,5,4,3,3,0.0
100.99000000000001,-3,0,6,-16,4,0,2,2,0.0
100.995,-11,-8,-7,-19,-13,1,-2,-13,0.0
101.0,18,10,-6,-13,0,-10,-5,-8,0.0
101.005,-19,3,15,-14,5,19,37,31,0.0
101.01,-4,-8,5,31,-2,1,-61,-28,0.0
101.015,10,-6,-55,-36,-9,-7,-8,-12,0.0
101.02,11,4,14,5,4,0,-1,1,0.0
101.025,-23,-14,-10,-11,-17,-6,-13,-4,0.0
101.03,0,-6,12,26,7,1,21,2,0.0
101.035,12,8,7,-17,12,6,20,25,0.0
101.04,-10,6,24,84,5,-3,-21,-61,0.0
101.045,-23,-9,-30,-43,-9,-5,-9,0,0.0
101.05,10,1,6,-13,-2,3,13,4,0.0
101.055,3,2,11,51,3,1,-7,-7,0.0
101.06,0,-8,-31,-96,-17,-5,20,25,0.0
101.065,-8,-7,-14,70,2,-3,-11,-3,0.0
101.07000000000001,6,2,16,-27,-2,1,7,-4,0.0
101.075,5,6,20,35,1,-1,9,4,0.0
101.08,-5,-6,-34,-54,-3,-1,-3,0,0.0
101.08500000000001,-3,-4,2,3,-1,-1,-8,-6,0.0
101.09,-5,-12,-38,-49,-8,-1,-1,7,0.0
101.095,0,4,11,10,-6,-9,-6,-7,0.0
101.10000000000001,7,7,13,36,6,4,2,2,0.0
101.105,-6,1,-1,7,2,-2,-7,1,0.0
101.11,2,-2,4,-15,-2,-2,12,5,0.0
101.11500000000001,-2,-5,-10,8,-10,1,-6,-9,0.0
101.12,1,-1,7,-6,-4,-7,-9,-1,0.0
101.125,3,-1,-21,-17,5,5,8,8,0.0
101.13,2,2,11,14,6,4,3,-2,0.0
101.135,-6,2,1,-8,2,0,-1,-8,0.0
101.14,1,-12,-17,-10,-10,-5,-4,6,0.0
101.145,-7,5,4,-5,-6,2,-4,-2,0.0
101.15,0,-7,7,8,8,2,3,-5,0.0
101.155,3,-4,-25,-19,-4,-7,-8,-4,0.0
101.16,5,1,29,10,3,1,1,2,0.0
101.165,5,4,-2,0,5,0,1,2,0.0
101.17,31,13,1,-2,-1,1,1,3,0.0
101.175,-7,-6,-2,-1,2,-4,0,-5,0.0
101.18,-53,-36,-8,-1,-12,-7,-10,-13,0.0
101.185,-5,-4,4,1,-11,-6,-8,-4,0.0
101.19,2,7,3,-3,4,6,8,1,0.0
101.19500000000001,17,6,9,7,6,5,5,7,0.0
101.2,10,7,6,4,1,-3,-3,-2,0.0
101.205,-7,-7,-3,-5,1,-5,-3,-2,0.0
101.21000000000001,-4,-6,1,5,-4,7,-2,-1,0.0
101.215,4,-1,-22,5,-6,-2,-3,-3,0.0
101.22,4,4,-7,-28,-2,-4,3,3,0.0
101.22500000000001,-2,0,12,9,-1,7,0,1,0.0
101.23,-2,3,3,6,0,-7,1,-3,0.0
101.235,-10,-6,-1,4,-2,3,-5,-14,0.0
101.24000000000001,4,6,-4,16,4,9,5,5,0.0
101.245,-5,-4,-4,-11,-3,-5,2,15,0.0
101.25,-8,-5,10,-3,-6,0,-7,-41,0.0
101.255,-9,-5,-19,-8,-10,-4,-6,10,0.0
101.26,12,6,8,5,5,-7,0,32,0.0
101.265,1,4,-5,8,13,10,9,-7,0.0
101.27,-9,-2,1,5,6,-3,1,7,0.0
101.275,3,0,-10,-7,-7,-8,-6,2,0.0
101.28,6,1,15,-1,-8,-2,-1,4,0.0
101.285,-6,-8,-12,1,-3,-3,-2,-6,0.0
101.29,-4,2,-2,-10,2,1,1,15,0.0
101.295,1,2,22,25,-3,-5,-1,-6,0.0
101.3,-10,-8,-3,15,3,3,-1,-8,0.0
101.305,1,-6,-26,-39,-9,-6,-1,5,0.0
101.31,-1,-3,7,12,-2,-3,-8,-15,0.0
101.315,-3,1,2,12,4,4,-1,-5,0.0
101.32000000000001,5,10,25,18,4,-2,-1,-12,0.0
101.325,0,-5,3,-5,-2,-1,-6,-8,0.0
101.33,0,2,0,-11,1,1,5,35,0.0
101.33500000000001,-4,-5,-13,-19,-6,-6,-6,-14,0.0
101.34,1,0,-21,-1,0,3,1,2,0.0
101.345,1,-3,4,6,-4,-3,-4,-7,0.0
101.35000000000001,1,3,19,-2,2,-1,1,15,0.0
101.355,-5,-2,-13,-10,-1,-3,0,-2,0.0
101.36,0,-2,-4,-8,-4,0,-3,-11,0.0
101.36500000000001,-2,3,9,4,-1,1,2,9,0.0
101.37,-1,-3,-1,7,-5,-2,-3,-12,0.0
101.375,-1,-4,1,0,1,-4,0,18,0.0
101.38,1,3,-4,-4,5,-2,5,-8,0.0
101.385,1,1,4,14,1,-1,1,-3,0.0
101.39,-2,-3,-14,2,-7,-2,-6,-3,0.0
101.395,-7,-2,5,-12,3,4,-1,-2,0.0
101.4,5,-3,-3,14,-15,-3,-1,6,0.0
101.405,-2,-3,1,-6,3,-2,-1,-5,0.0
101.41,-1,0,0,2,5,-6,-1,-5,0.0
101.415,1,0,-2,10,-7,1,0,2,0.0
101.42,0,4,9,-7,20,1,1,-2,0.0
101.425,4,0,-1,28,-17,2,1,-4,0.0
101.43,2,0,-9,-31,-7,-5,-4,-3,0.0
101.435,-5,-4,-6,-28,-12,-10,-3,-6,0.0
101.44,-15,-11,-5,0,2,12,2,-4,0.0
101.44500000000001,1,-2,14,-7,3,-7,-3,0,0.0
101.45,2,4,-16,7,14,5,6,4,0.0
101.455,7,-1,-3,-9,-1,7,2,-4,0.0
101.46000000000001,-4,0,-1,-11,-8,-9,-4,-1,0.0
101.465,12,5,-3,-22,9,1,-1,3,0.0
101.47,-9,-1,12,27,-21,-4,-2,-3,0.0
101.47500000000001,-10,-7,14,1,-5,-1,-2,-4,0.0
101.48,-12,-11,-23,2,8,-1,-1,-5,0.0
101.485,-2,-3,1,-25,-20,-7,-4,-3,0.0
101.49000000000001,5,1,-1,-14,7,-1,2,0,0.0
101.495,11,7,13,15,7,-5,2,4,0.0
101.5,17,16,1,-3,-5,5,2,6,0.0
101.505,-18,-9,-4,14,2,-3,-6,-3,0.0
101.51,28,-4,-4,-12,17,1,-3,-12,0.0
101.515,-15,7,-10,12,-17,-6,-1,-1,0.0
101.52,-72,-16,-8,-7,-8,-5,-7,-16,0.0
101.525,0,-3,-11,-16,-15,-5,-4,-7,0.0
101.53,15,-1,47,1,4,8,9,12,0.0
101.535,75,38,-33,39,36,10,14,30,0.0
101.54,111,58,74,-19,32,9,7,-6,0.0
101.545,-58,-45,-45,99,-68,-18,-17,-29,0.0
101.55,-51,-94,-59,-89,-26,-17,-19,-12,0.0
101.555,-9,-7,33,-13,12,5,32,21,0.0
101.56,25,40,18,-40,18,10,-12,-6,0.0
101.565,18,51,127,79,48,3,6,60,0.0
101.57000000000001,79,19,-78,-24,-2,14,4,-6,0.0
101.575,-88,-49,-27,-34,-25,0,5,-14,0.0
101.58,-78,-63,53,-34,-44,-30,-30,-16,0.0
101.58500000000001,59,42,27,-17,90,25,9,-57,0.0
101.59,11,8,-44,29,-1,-11,6,45,0.0
101.595,39,72,78,-81,0,5,-14,54,0.0
101.60000000000001,-124,-106,-128,2,-32,-24,-33,-81,0.0
101.605,111,73,98,-20,69,6,-15,-42,0.0
101.61,95,100,100,90,-30,35,44,-3,0.0
101.61500000000001,-30,-33,7,-105,-2,-28,-11,37,0.0
101.62,88,-11,-18,-29,-2,-10,-22,39,0.0
101.625,39,28,2,-3,15,14,31,-8,0.0
101.63,-128,-112,-81,-89,-42,-25,-47,-85,0.0
101.635,102,20,92,127,8,10,22,-33,0.0
101.64,53,30,64,-14,-14,9,-27,23,0.0
101.645,44,-30,-128,-55,-3,-4,12,62,0.0
101.65,40,81,57,29,29,22,21,-35,0.0
101.655,-2,-27,-45,-5,-6,-13,-26,-5,0.0
101.66,-95,-57,27,30,-48,-29,-47,-95,0.0
101.665,-2,-19,103,-15,14,-1,16,42,0.0
101.67,24,0,-82,8,-35,1,7,23,0.0
101.675,-1,2,-12,24,21,8,11,-16,0.0
101.68,37,57,88,46,-31,15,44,40,0.0
101.685,-94,-50,-117,-49,-65,-32,-57,-32,0.0
101.69,-36,-13,77,16,4,-9,-1,13,0.0
101.69500000000001,-10,-2,-31,-21,42,5,-7,-17,0.0
101.7,51,34,-10,14,29,21,48,54,0.0
101.705,-39,-15,-7,37,-25,3,-6,-14,0.0
101.71000000000001,-13,-7,12,0,19,-11,-14,7,0.0
101.715,1,-6,-34,-25,-19,-3,-4,-25,0.0
101.72,6,16,-21,-3,16,9,7,8,0.0
101.72500000000001,-23,-11,-7,-9,-11,1,11,7,0.0
101.73,-6,3,8,24,35,-15,-9,1,0.0
101.735,-5,-4,2,-33,-24,4,-8,-1,0.0
101.74000000000001,-2,-4,-34,-4,3,-3,11,3,0.0
101.745,2,-5,-7,-18,0,6,0,2,0.0
101.75,0,1,22,-1,2,-2,4,17,0.0
101.755,-14,-1,16,54,-2,6,-10,5,0.0
101.76,7,-1,-10,-42,5,-8,4,2,0.0
101.765,-3,-4,-22,-30,-14,-6,3,-2,0.0
101.77,-7,6,38,63,1,-2,-12,-2,0.0
101.775,-9,-13,-39,-57,-9,3,8,-2,0.0
101.78,12,10,-16,32,23,0,9,10,0.0
101.785,-6,-5,10,17,-9,1,-2,17,0.0
101.79,-9,-2,-4,-62,6,-9,11,0,0.0
101.795,0,-1,1,-7,1,8,-8,-14,0.0
101.8,10,10,8,-20,-6,7,7,8,0.0
101.805,-12,-13,-38,24,-12,-6,-3,-4,0.0
101.81,-4,-3,-2,6,2,-7,-9,1,0.0
101.815,-1,-3,-12,56,-6,-6,-2,-14,0.0
101.82000000000001,-1,-1,-27,-17,6,-6,-7,1,0.0
101.825,-2,3,36,55,2,3,2,0,0.0
101.83,0,2,-7,-41,4,1,-1,-2,0.0
101.83500000000001,-2,-3,2,5,-6,-11,-7,-3,0.0
101.84,-1,-4,13,23,6,9,9,-1,0.0
101.845,0,-2,-2,-12,-5,-1,-2,-5,0.0
101.85000000000001,-1,-3,7,2,7,5,3,2,0.0
101.855,-2,-1,-2,-12,2,-2,-4,-3,0.0
101.86,0,-4,-4,20,-7,-2,-1,0,0.0
101.86500000000001,0,0,-4,-28,-6,-5,-6,-5,0.0
101.87,-4,-1,-1,2,-8,-8,-11,-4,0.0
101.875,0,2,13,17,3,6,9,-1,0.0
101.88,0,-2,-20,6,10,3,3,0,0.0
101.885,-1,-2,3,-14,-4,-1,-6,-3,0.0
101.89,-3,-3,-2,-1,-6,-4,1,4,0.0
101.895,-1,-4,5,9,-1,-19,-6,-6,0.0
101.9,0,2,-7,-2,1,17,0,0,0.0
101.905,-4,-1,10,-4,-2,-9,0,0,0.0
101.91,-2,-5,-11,-11,1,3,-1,-1,0.0
101.915,-4,-6,6,6,-9,-3,-6,-9,0.0
101.92,1,2,21,3,3,-7,3,1,0.0
101.925,-1,1,-18,-4,2,3,0,-2,0.0
101.93,-1,-3,5,7,0,3,-5,1,0.0
101.935,-3,-1,-18,17,-2,-2,-2,-6,0.0
101.94,-1,3,12,-12,1,-1,4,1,0.0
101.94500000000001,0,-6,-18,-10,-2,1,-2,-4,0.0
101.95,-1,1,-5,-6,-1,-6,-4,-3,0.0
101.955,-1,1,11,-15,-3,3,-1,-1,0.0
101.96000000000001,0,-2,0,26,1,-4,2,2,0.0
101.965,1,0,-7,-1,-1,2,4,6,0.0
101.97,-8,1,-19,-2,-1,-4,0,0,0.0
101.97500000000001,8,1,27,-9,-2,-3,-4,-4,0.0
101.98,-1,3,2,30,3,1,-1,-1,0.0
101.985,3,0,-15,-31,-1,-5,-3,-1,0.0
101.99000000000001,-5,-2,-5,-3,-10,-5,-3,-2,0.0
101.995,-14,-8,-4,10,2,0,1,-5,0.0
102.0,4,1,2,10,6,6,4,12,0.0
102.005,-2,-5,-6,-8,0,-7,-6,-7,0.0
102.01,5,4,8,4,1,0,0,-2,0.0
102.015,2,1,-3,-8,-4,2,-2,0,0.0
102.02,0,-1,-6,-13,-1,-4,-1,-2,0.0
102.025,-5,-2,4,3,0,3,1,1,0.0
102.03,2,-3,19,7,-3,2,-1,-2,0.0
102.035,-8,-9,-55,-25,-9,-7,-8,-4,0.0
102.04,-2,-1,-7,-9,-3,-4,-5,-4,0.0
102.045,-2,2,2,-4,1,2,3,-1,0.0
102.05,0,1,-13,-13,5,3,3,1,0.0
102.055,0,2,37,22,4,3,-1,0,0.0
102.06,0,0,-21,-16,-5,-8,-2,0,0.0
102.065,-4,-8,-18,-4,-5,-4,-6,-19,0.0
102.07000000000001,-2,-2,15,3,-3,6,-1,2,0.0
102.075,4,6,15,19,4,-5,1,3,0.0
102.08,0,-3,-16,13,1,-3,0,-1,0.0
102.08500000000001,0,0,13,-21,-2,3,-2,3,0.0
102.09,-5,-5,-17,-6,-3,1,0,-3,0.0
102.095,9,5,-8,20,2,7,4,1,0.0
102.10000000000001,57,21,20,15,15,1,4,13,0.0
102.105,-8,9,20,23,-2,1,4,7,0.0
102.11,-86,-39,-39,-53,-6,-13,-19,-31,0.0
102.11500000000001,1,-14,-12,22,-10,-5,-7,-8,0.0
102.12,49,18,12,-1,8,3,10,17,0.0
102.125,60,7,18,24,54,22,18,25,0.0
102.13,-61,-34,-24,-1,-8,-7,-8,-40,0.0
102.135,75,27,18,-17,-60,-13,-6,2,0.0
102.14,-128,-33,2,-16,-27,-20,-22,-9,0.0
102.145,-38,-49,-52,-16,-1,-16,-20,-59,0.0
102.15,61,-3,27,-3,17,-2,-7,74,0.0
102.155,59,37,94,-15,127,24,-8,-70,0.0
102.16,113,85,-104,34,-49,17,57,100,0.0
102.165,66,-10,12,-37,-111,-40,12,98,0.0
102.17,32,70,82,33,82,-1,-30,-39,0.0
102.175,-124,-121,-107,-22,-42,-30,-35,-67,0.0
102.18,74,-65,104,-37,55,-7,-58,36,0.0
102.185,51,85,57,44,28,41,32,-30,0.0
102.19,64,3,-55,-50,25,-8,17,26,0.0
102.19500000000001,36,23,42,-5,-48,-6,11,43,0.0
102.2,-128,-61,-78,27,-83,-12,28,-126,0.0
102.205,16,-45,81,-37,78,-39,-72,66,0.0
102.21000000000001,-49,13,-37,36,-48,9,9,-15,0.0
102.215,49,57,39,-40,46,22,41,40,0.0
102.22,-44,-35,4,46,29,22,17,-5,0.0
102.22500000000001,-35,-8,-28,-23,-47,-7,9,-5,0.0
102.23,35,22,-9,2,11,1,-5,-29,0.0
102.235,-51,-28,-17,12,-21,-8,-12,38,0.0
102.24000000000001,25,33,-2,-36,-27,-2,-2,5,0.0
102.245,-15,14,15,40,32,23,11,-39,0.0
102.25,-5,-15,-1,0,-25,-3,11,8,0.0
102.255,-36,-20,-40,-24,-17,-1,-3,5,0.0
102.26,20,4,31,-12,24,-5,-13,-15,0.0
102.265,-14,4,-45,-3,1,0,5,-25,0.0
102.27,-16,-10,9,2,-16,-8,2,7,0.0
102.275,13,2,6,14,-10,-5,-2,16,0.0
102.28,6,11,0,-27,19,-5,-15,-24,0.0
102.285,-25,-14,-6,-2,-16,-2,-6,-14,0.0
102.29,19,-10,4,14,-17,10,10,26,0.0
102.295,4,10,-5,22,27,8,5,-9,0.0
102.3,-3,-4,-25,-63,-2,-7,-9,-9,0.0
102.305,-11,1,-4,36,-15,-3,-3,-3,0.0
102.31,17,-1,27,-81,-7,-4,-3,-1,0.0
102.315,0,6,2,36,11,12,6,-6,0.0
102.32000000000001,-10,-6,-44,-67,-5,-3,-7,-4,0.0
102.325,1,-3,-4,18,3,-1,1,3,0.0
102.33,7,2,19,30,23,11,1,-5,0.0
102.33500000000001,-10,-7,-23,-15,-15,-14,-9,-3,0.0
102.34,10,6,23,9,7,7,9,24,0.0
102.345,-6,-1,-9,-13,-3,4,-2,-13,0.0
102.35000000000001,2,-5,-18,2,-9,-4,4,2,0.0
102.355,-1,3,4,8,-1,2,1,1,0.0
102.36,6,1,20,38,4,-7,-6,-2,0.0
102.36500000000001,-4,0,-14,0,-2,-8,2,-6,0.0
102.37,-1,3,13,6,-2,11,1,1,0.0
102.375,2,-1,-6,-3,-8,-14,-2,6,0.0
102.38,2,3,-2,-1,7,5,3,-9,0.0
102.385,-5,-4,9,-5,2,5,-2,-3,0.0
102.39,3,-6,5,10,-14,-8,-8,0,0.0
102.395,0,-2,-14,-5,6,0,2,-1,0.0
102.4,0,2,20,9,10,3,0,-2,0.0
102.405,-2,0,-5,-8,-7,2,-1,-3,0.0
102.41,4,-4,-8,10,-6,-7,0,2,0.0
102.415,-3,2,-9,-14,-7,-6,-6,-3,0.0
102.42,-4,-1,0,4,6,0,-2,-5,0.0
102.425,1,-6,-14,-11,-2,-2,-3,0,0.0
102.43,-2,-3,13,16,-4,-10,-1,-5,0.0
102.435,-1,3,11,9,6,11,7,4,0.0
102.44,1,-2,4,10,-2,-6,-4,-1,0.0
102.44500000000001,-1,0,-15,-1,1,0,0,-3,0.0
102.45,-1,-1,-6,-3,3,1,3,1,0.0
102.455,-1,0,-4,-8,0,2,-2,-1,0.0
102.46000000000001,1,-1,5,13,-2,0,-5,-3,0.0
102.465,0,2,-6,-22,-3,-10,-3,-4,0.0
102.47,-2,-3,1,3,-4,14,-2,-1,0.0
102.47500000000001,-2,-3,-7,-6,-1,-3,1,0,0.0
102.48,-2,-2,0,-1,-3,-3,-4,-5,0.0
102.485,1,2,14,2,0,-7,1,0,0.0
102.49000000000001,-4,-1,5,11,4,-1,1,0,0.0
102.495,1,-3,-5,-14,-2,-1,-2,-4,0.0
102.5,-2,0,-11,9,-3,-2,-3,-3,0.0
102.505,-2,1,6,9,0,1,2,-2,0.0
102.51,-1,-6,-25,-23,-5,0,-2,-1,0.0
102.515,-2,-1,8,4,-3,-5,2,-3,0.0
102.52,3,5,10,8,6,-2,2,2,0.0
102.525,-2,2,2,4,2,9,2,3,0.0
102.53,1,-1,-3,18,3,-5,-3,0,0.0
102.535,-3,-6,-15,-23,-5,-3,-6,-5,0.0
102.54,2,0,4,-20,-8,-12,-2,0,0.0
102.545,0,0,1,-1,6,25,4,1,0.0
102.55,0,3,14,5,1,-2,5,3,0.0
102.555,0,-1,-3,4,-2,-6,-5,-1,0.0
102.56,-3,-5,-6,8,0,-1,-4,-4,0.0
102.565,0,-2,-1,-2,-4,0,0,-1,0.0
102.57000000000001,0,-1,9,-2,-2,-12,-5,-2,0.0
102.575,-2,-2,-10,-4,0,5,0,-2,0.0
102.58,2,0,0,-10,-2,-4,-1,0,0.0
102.58500000000001,2,-1,0,3,1,3,2,0,0.0
102.59,-1,-3,-10,-1,-15,3,-4,1,0.0
102.595,29,14,17,-8,-9,-6,5,8,0.0
102.60000000000001,-13,0,3,-5,5,-4,4,-5,0.0
102.605,-37,-20,7,-1,-2,7,-6,-13,0.0
102.61,-32,-16,-16,-10,3,-8,-4,-6,0.0
102.61500000000001,20,13,13,20,9,3,2,7,0.0
102.62,0,-5,-41,-24,-8,0,-1,0,0.0
102.625,-5,-3,-7,-21,-13,-18,-8,-5,0.0
102.63,13,8,39,28,6,10,8,4,0.0
102.635,-13,-10,-57,-34,-4,-5,-4,-4,0.0
102.64,8,8,32,39,6,0,2,7,0.0
102.645,20,4,-7,-20,-2,-3,-1,-15,0.0
102.65,-22,6,20,0,-7,0,-2,1,0.0
102.655,14,-19,37,31,0,6,8,67,0.0
102.66,-22,3,7,21,2,-2,-6,-60,0.0
102.665,16,1,-36,-39,-7,-14,-43,8,0.0
102.67,32,13,3,20,8,3,4,-1,0.0
102.675,-18,1,-13,-14,2,3,5,5,0.0
102.68,-19,-30,5,-5,-10,-3,-12,14,0.0
102.685,12,1,12,12,5,2,25,55,0.0
102.69,3,-6,-7,-11,-2,-1,-8,-75,0.0
102.69500000000001,5,16,-12,12,-5,-3,-12,-24,0.0
102.7,11,4,-4,-21,1,5,17,15,0.0
102.705,-9,3,46,61,1,-9,7,-11,0.0
102.71000000000001,0,-10,-83,-66,8,-2,-4,29,0.0
102.715,-18,-4,15,12,-10,-3,1,-15,0.0
102.72,10,3,-11,-4,-11,8,-5,-7,0.0
102.72500000000001,24,2,-22,1,-13,-4,7,17,0.0
102.73,-27,3,15,19,6,2,-2,6,0.0
102.735,-30,-27,15,3,-4,-10,-11,-30,0.0
102.74000000000001,7,5,8,16,12,1,3,17,0.0
102.745,-2,-1,-12,16,9,2,-7,-15,0.0
102.75,15,-11,-31,-33,6,-3,0,6,0.0
102.755,-1,3,-28,9,-7,-2,-3,-6,0.0
102.76,2,3,5,-19,-46,-11,-5,10,0.0
102.765,-3,3,8,16,11,13,15,-4,0.0
102.77,-4,0,24,31,4,-10,-3,-1,0.0
102.775,-1,-1,0,-43,17,16,6,10,0.0
102.78,-1,-5,1,9,9,-3,-12,-5,0.0
102.785,-9,-4,2,-18,-5,-2,-3,-10,0.0
102.79,-5,-7,-6,-7,-12,-5,-1,10,0.0
102.795,3,0,25,21,7,0,-1,-5,0.0
102.8,6,0,-8,-6,1,3,4,1,0.0
102.805,-11,-2,-3,-12,-2,-1,-4,-16,0.0
102.81,0,0,10,1,-4,-4,1,8,0.0
102.815,3,0,2,3,-3,2,2,-3,0.0
102.82000000000001,-2,-4,-10,-8,2,-2,-1,-6,0.0
102.825,-5,-2,-8,-4,2,-4,-1,5,0.0
102.83,4,3,10,10,-7,-5,-1,3,0.0
102.83500000000001,-2,1,4,5,-4,1,2,-7,0.0
102.84,-7,-7,-10,-10,5,0,-4,6,0.0
102.845,-1,-1,2,-4,-4,-2,-4,-3,0.0
102.85000000000001,5,1,-8,-2,-7,-15,-1,2,0.0
102.855,0,1,-20,-14,0,9,4,0,0.0
102.86,-2,-2,14,20,7,0,2,0,0.0
102.86500000000001,-2,0,5,-4,0,-1,-1,-2,0.0
102.87,-1,-2,-3,5,-6,1,-3,-4,0.0
102.875,-4,0,-9,-3,-3,-7,-2,-1,0.0
102.88,3,1,-12,11,3,-3,0,0,0.0
102.885,0,4,-12,-8,-2,4,2,-3,0.0
102.89,-4,-7,1,-38,-4,-1,-2,2,0.0
102.895,1,3,16,4,3,2,-2,-1,0.0
102.9,2,-1,2,-10,1,-2,-2,1,0.0
102.905,-3,13,65,65,8,3,6,4,0.0
102.91,11,-11,-50,-7,-7,0,-2,-1,0.0
102.915,-3,-13,-76,-71,-19,-18,-15,-16,0.0
102.92,-13,5,25,-2,0,4,4,-2,0.0
102.925,-6,-13,-3,-18,-3,-2,-2,-6,0.0
102.93,21,12,58,52,11,10,8,5,0.0
102.935,38,21,6,10,1,0,1,6,0.0
102.94,-66,3,-12,-10,-2,-1,-5,-11,0.0
102.94500000000001,-9,-23,-11,-1,-4,-9,-7,-7,0.0
102.95,0,-19,-17,-15,-2,0,-5,1,0.0
102.955,81,30,24,16,19,6,13,28,0.0
102.96000000000001,24,43,-11,-17,-5,-2,-5,-29,0.0
102.965,-16,-62,-20,-30,-32,-15,-16,-19,0.0
102.97,12,5,10,-11,-6,-4,-6,-4,0.0
102.97500000000001,12,-4,-1,6,1,5,5,13,0.0
102.98,105,34,25,11,57,20,22,36,0.0
102.985,46,73,19,8,16,14,27,63,0.0
102.99000000000001,37,35,-20,-38,-28,12,-2,-15,0.0
102.995,-103,-99,-29,47,-50,-36,-38,-91,0.0
103.0,10,24,44,-25,-1,-17,-16,24,0.0
103.005,45,-35,-69,3,4,-1,1,-16,0.0
103.01,72,82,122,-19,127,63,50,62,0.0
103.015,19,31,-92,-25,-96,-21,3,-4,0.0
103.02,-111,-108,37,60,-33,-36,-30,-36,0.0
103.025,22,46,97,0,82,30,5,-40,0.0
103.03,-112,-63,-103,54,-112,-59,-24,-44,0.0
103.035,-19,-57,101,-34,92,-9,-38,-2,0.0
103.04,87,26,21,20,32,16,22,70,0.0
103.045,117,86,80,-2,91,33,31,29,0.0
103.05,-22,32,22,27,-41,7,0,-35,0.0
103.055,11,16,127,-23,-4,10,35,27,0.0
103.06,41,-20,-62,-121,4,-15,-7,51,0.0
103.065,19,42,73,84,-30,-24,-41,66,0.0
103.07000000000001,-36,-39,-42,-33,19,-8,-6,-12,0.0
103.075,-2,-41,-17,108,-37,-1,3,-28,0.0
103.08,27,27,-39,-70,46,32,23,-15,0.0
103.08500000000001,-18,5,-43,-25,-57,-13,7,59,0.0
103.09,29,6,-4,24,-11,-4,21,-2,0.0
103.095,17,47,10,-21,29,1,-46,19,0.0
103.10000000000001,26,6,4,70,-3,5,4,-54,0.0
103.105,-45,-9,-37,-16,-39,-8,0,-21,0.0
103.11,-11,-26,8,15,9,-8,-17,1,0.0
103.11500000000001,-4,15,-3,-5,59,13,21,-5,0.0
103.12,-20,14,14,8,-62,-1,7,-2,0.0
103.125,-48,-54,-57,-23,-38,-19,-19,-29,0.0
103.13,10,-2,30,-25,37,6,34,18,0.0
103.135,16,20,10,-14,2,7,-17,-16,0.0
103.14,-30,-22,-28,17,-10,-6,-12,-1,0.0
103.145,-20,-25,-15,-26,1,-11,-8,-35,0.0
103.15,28,-2,22,7,-6,-6,5,6,0.0
103.155,-7,19,-9,-3,2,-1,14,22,0.0
103.16,-16,-17,-11,10,-17,-9,-10,-19,0.0
103.165,-3,-10,-8,-2,8,12,18,14,0.0
103.17,-4,9,22,6,7,-3,-34,-65,0.0
103.175,-4,0,22,17,-5,4,12,1,0.0
103.18,4,-5,-23,-16,5,5,67,46,0.0
103.185,-9,-12,-24,-33,-13,-14,-53,-108,0.0
103.19,-22,-16,26,22,-16,-15,45,59,0.0
103.19500000000001,7,1,-21,50,1,-5,-76,-49,0.0
103.2,22,1,25,-26,-2,11,60,27,0.0
103.205,-18,-14,-69,-67,-5,-7,-56,23,0.0
103.21000000000001,16,-1,-1,-36,-4,-4,-41,-7,0.0
103.215,-7,6,43,45,5,4,5,-56,0.0
103.22,-3,-8,-31,18,-14,-13,-25,7,0.0
103.22500000000001,2,-4,25,0,-5,5,50,11,0.0
103.23,8,4,1,-4,18,8,-32,80,0.0
103.235,2,-1,-14,-68,-7,-2,29,20,0.0
103.24000000000001,-7,7,26,23,1,-3,-36,-24,0.0
103.245,-4,-6,20,23,-5,-4,20,14,0.0
103.25,16,-3,-10,-7,-2,7,117,99,0.0
103.255,-11,-3,-15,-4,13,3,-29,-57,0.0
103.26,-5,-6,-5,-5,-1,-4,12,65,0.0
103.265,-6,-8,1,15,-4,-1,12,20,0.0
103.27,13,5,15,8,-1,7,25,20,0.0
103.275,4,-7,-35,-25,-12,-7,12,101,0.0
103.28,-20,-12,5,-2,-7,-14,-76,-69,0.0
103.285,2,-3,-5,7,4,3,11,-18,0.0
103.29,0,10,-12,1,-9,-2,-4,-23,0.0
103.295,0,1,9,-4,3,9,44,52,0.0
103.3,4,5,4,8,4,8,18,3,0.0
103.305,-4,-3,-1,2,-2,-7,-25,-18,0.0
103.31,-5,-3,-6,-6,3,-4,-11,-47,0.0
103.315,-2,-2,-13,-13,0,-4,1,9,0.0
103.32000000000001,1,8,9,58,-17,-3,12,-9,0.0
103.325,-3,-3,-16,-22,-2,-2,0,-19,0.0
103.33,-4,-5,-10,-10,5,3,-20,-4,0.0
103.33500000000001,0,-3,12,2,-1,1,7,-2,0.0
103.34,-6,-3,-2,-16,3,0,-35,-32,0.0
103.345,3,3,14,12,-1,0,20,19,0.0
103.35000000000001,-3,-3,-3,-5,-3,-11,-37,-29,0.0
103.355,3,5,2,7,1,2,4,3,0.0
103.36,-8,-3,16,-21,-4,3,8,-7,0.0
103.36500000000001,5,-4,-2,8,0,-8,-10,-26,0.0
103.37,-7,-2,0,0,6,0,-12,-15,0.0
103.375,-1,-2,-20,-16,-8,-6,5,-7,0.0
103.38,-1,-1,-3,4,7,-6,4,8,0.0
103.385,-1,-1,-7,-10,-1,7,3,7,0.0
103.39,-2,-6,17,7,-5,-7,-31,-24,0.0
103.395,0,7,19,12,-5,4,16,6,0.0
103.4,-1,-2,7,-20,0,-7,-20,-37,0.0
103.405,-4,-6,4,4,8,2,5,5,0.0
103.41,-1,-7,-37,-11,-15,-1,-4,-9,0.0
103.415,-1,3,11,9,6,0,3,5,0.0
103.42,1,-5,-5,-4,-7,1,-1,0,0.0
103.425,-1,2,6,12,7,-4,4,-2,0.0
103.43,-3,1,6,-7,1,-3,-7,-6,0.0
103.435,0,-1,-6,-18,3,4,2,4,0.0
103.44,-2,-7,-18,6,-9,1,-5,-6,0.0
103.44500000000001,-2,0,3,-4,-1,-10,2,6,0.0
103.45,2,-1,-8,3,-1,-6,-10,-5,0.0
103.455,1,-2,-17,-16,-2,-3,-3,-3,0.0
103.46000000000001,0,2,14,3,2,2,1,-1,0.0
103.465,-6,-4,-15,0,-7,-3,-3,-2,0.0
103.47,2,-3,-4,5,3,11,0,-3,0.0
103.47500000000001,-1,0,8,6,-1,-3,4,-3,0.0
103.48,4,-3,-6,-25,-1,-5,-3,4,0.0
103.485,-1,-3,-8,8,-7,-1,-3,10,0.0
103.49000000000001,-5,-2,7,47,7,3,-2,-11,0.0
103.495,-3,-3,-23,-48,-7,-13,-4,0,0.0
103.5,0,1,-4,15,-2,13,3,5,0.0
103.505,1,2,2,-14,-2,-6,-4,-2,0.0
103.51,0,-2,-4,-7,2,-3,-5,-1,0.0
103.515,-1,-2,-1,5,-3,5,-1,1,0.0
103.52,-1,2,9,2,-5,-15,2,-1,0.0
103.525,4,-3,-22,0,-11,4,51,18,0.0
103.53,5,0,4,4,-1,-2,-42,-25,0.0
103.535,1,7,16,7,1,0,2,1,0.0
103.54,-15,-16,-21,-14,2,4,-5,-7,0.0
103.545,-13,3,9,3,10,-2,1,1,0.0
103.55,85,26,72,0,30,7,25,25,0.0
103.555,48,25,-79,19,-26,3,11,15,0.0
103.56,47,18,122,60,16,1,-8,-14,0.0
103.565,-110,-74,-109,-32,-97,-25,-35,-45,0.0
103.57000000000001,-80,-80,-15,-41,-16,-20,-14,30,0.0
103.575,48,35,108,-42,91,33,37,-16,0.0
103.58,104,45,-54,50,-28,-21,3,3,0.0
103.58500000000001,127,93,100,11,65,36,33,81,0.0
103.59,-30,48,-27,58,-96,-1,16,-58,0.0
103.595,-119,-123,-3,-36,-19,-51,-46,-33,0.0
103.60000000000001,13,-65,35,-62,108,27,-7,45,0.0
103.605,-38,6,-1,6,-92,-44,-25,-45,0.0
103.61,28,34,-58,-4,89,22,84,6,0.0
103.61500000000001,106,83,59,34,-6,20,-74,-84,0.0
103.62,17,23,88,77,45,9,7,44,0.0
103.625,-32,-18,-53,-114,69,11,-20,24,0.0
103.63,54,-76,-47,44,-99,-23,-20,-81,0.0
103.635,-17,25,87,-18,70,22,15,41,0.0
103.64,6,24,-127,-23,-63,-28,5,3,0.0
103.645,8,62,47,23,58,6,-16,-83,0.0
103.65,-101,-62,46,-52,-6,-11,-9,-61,0.0
103.655,-66,-95,9,2,-38,-12,-4,76,0.0
103.66,80,73,0,-26,-33,10,12,-31,0.0
103.665,-57,-23,-32,8,0,-6,-15,-1,0.0
103.67,111,16,25,-14,39,8,-5,30,0.0
103.675,17,13,-35,17,-21,5,33,13,0.0
103.68,52,13,15,-52,43,19,24,29,0.0
103.685,-30,15,8,50,-48,0,7,15,0.0
103.69,42,0,68,-12,33,-2,-29,7,0.0
103.69500000000001,35,16,-102,1,-27,-8,7,17,0.0
103.7,-40,-12,-21,-19,-9,-5,-14,6,0.0
103.705,-3,-32,-7,3,63,5,-9,-18,0.0
103.71000000000001,-35,67,16,-20,-64,-12,-3,47,0.0
103.715,-71,-67,-26,-3,-10,-6,-1,-22,0.0
103.72,-30,-18,-42,-29,-8,-13,-15,-14,0.0
103.72500000000001,-12,-25,30,14,0,7,3,-7,0.0
103.73,5,15,-16,7,29,12,9,53,0.0
103.735,22,21,-7,15,-29,-12,-8,-43,0.0
103.74000000000001,-61,-29,3,3,-4,-5,1,-17,0.0
103.745,56,3,19,16,-14,5,4,28,0.0
103.75,5,21,-17,-10,17,1,0,24,0.0
103.755,-7,8,-12,-2,9,-9,-7,-5,0.0
103.76,-27,-14,14,17,-18,-4,-8,-14,0.0
103.765,26,4,8,-13,1,-3,2,14,0.0
103.77,-12,-8,-18,-12,17,11,11,-2,0.0
103.775,16,10,36,43,4,-2,-51,-2,0.0
103.78,-27,-23,-47,-45,-21,-7,24,22,0.0
103.785,15,-19,-36,-48,-27,-13,-30,-52,0.0
103.79,-25,-6,-3,-10,5,1,-16,-27,0.0
103.795,21,12,15,2,-5,4,28,19,0.0
103.8,-7,4,13,42,-1,-5,-11,-14,0.0
103.805,12,5,26,31,18,9,6,27,0.0
103.81,11,12,20,52,18,7,51,40,0.0
103.815,-5,-7,-35,-71,-15,-17,-20,-25,0.0
103.82000000000001,-18,-15,7,-15,-7,9,-1,5,0.0
103.825,17,3,11,34,7,-2,14,12,0.0
103.83,-6,-3,-5,-25,-4,-6,-10,-2,0.0
103.83500000000001,12,16,30,53,4,4,22,30,0.0
103.84,-10,-1,55,66,10,4,-7,-14,0.0
103.845,2,-19,-50,-90,-29,-15,-7,-1,0.0
103.85000000000001,6,13,12,-1,3,1,-12,-3,0.0
103.855,-1,-1,-28,-10,3,-3,4,1,0.0
103.86,-4,-2,11,-10,-5,2,-8,-7,0.0
103.86500000000001,9,9,25,33,12,10,10,0,0.0
103.87,-4,-12,-38,-20,-2,-9,-2,13,0.0
103.875,-2,-2,1,-16,-7,-2,-65,-31,0.0
103.88,-4,0,-10,-2,-4,-7,7,-2,0.0
103.885,4,-1,12,14,2,-2,-14,11,0.0
103.89,-3,-5,-11,-15,2,1,-10,-7,0.0
103.895,4,4,-2,12,-1,5,30,12,0.0
103.9,-8,-3,-7,-12,-4,-5,-4,-13,0.0
103.905,4,-2,-5,3,0,0,-6,0,0.0
103.91,-2,1,4,1,-3,-5,-9,0,0.0
103.915,1,3,1,-3,1,0,12,5,0.0
103.92,-5,-7,-2,-10,-5,-3,-10,-4,0.0
103.925,5,3,7,-1,2,-1,14,10,0.0
103.93,1,5,-8,18,12,4,-7,-5,0.0
103.935,0,-3,-11,0,-5,-5,18,9,0.0
103.94,-7,-6,-11,-25,-17,-6,-10,-10,0.0
103.94500000000001,3,1,14,9,1,3,1,0,0.0
103.95,-1,-1,2,9,1,-1,-6,-5,0.0
103.955,1,2,6,9,7,-5,3,-1,0.0
103.96000000000001,-8,-9,-40,-32,-6,-8,-4,-4,0.0
103.965,-1,0,1,6,-5,-2,5,2,0.0
103.97,-1,0,7,-4,2,0,-5,1,0.0
103.97500000000001,-1,-3,2,-2,-3,3,8,2,0.0
103.98,0,2,13,26,-6,-9,-8,-3,0.0
103.985,7,0,-15,-29,2,-4,3,5,0.0
103.99000000000001,-11,-7,7,11,-3,0,0,16,0.0
103.995,3,7,21,7,5,2,-5,-55,0.0
104.0,-6,-3,-4,3,2,4,-3,-18,0.0
104.005,-1,-5,-1,-7,-5,-2,-10,1,0.0
104.01,-1,7,17,-10,-7,-14,-1,-3,0.0
104.015,4,-4,-6,36,8,8,15,29,0.0
104.02,-1,0,10,6,2,4,2,5,0.0
104.025,-12,-11,-50,-51,-3,-1,-4,-18,0.0
104.03,6,-4,-7,-16,-11,-3,-13,-1,0.0
104.035,-5,-4,-13,-13,-3,0,0,7,0.0
104.04,0,3,6,3,3,0,7,5,0.0
104.045,-5,2,21,56,10,4,7,6,0.0
104.05,3,-3,-21,-11,0,-3,-12,-10,0.0
104.055,-2,-2,-28,-39,-5,-4,2,6,0.0
104.06,-2,2,22,23,-3,9,4,4,0.0
104.065,-5,3,64,13,0,-1,3,2,0.0
104.07000000000001,-2,-10,-91,7,1,2,-6,-14,0.0
104.075,-1,1,30,5,1,-8,-1,0,0.0
104.08,2,4,-21,-38,12,-8,-2,5,0.0
104.08500000000001,11,11,17,21,-10,15,2,1,0.0
104.09,-8,-1,32,15,2,-4,1,-5,0.0
104.095,2,-7,-85,-13,-1,5,3,11,0.0
104.10000000000001,-9,-12,35,-2,-10,-6,-7,-7,0.0
104.105,7,4,9,10,1,0,-2,0,0.0
104.11,3,6,6,-4,0,9,3,0,0.0
104.11500000000001,-3,-11,89,2,14,-2,3,1,0.0
104.12,-2,6,72,-12,-14,-3,-2,0,0.0
104.125,0,-8,-78,-9,-9,-4,-8,-6,0.0
104.13,2,21,93,6,-5,4,2,4,0.0
104.135,-20,-33,-86,-25,-2,-4,-3,-6,0.0
104.14,13,-1,17,3,15,6,-3,-4,0.0
104.145,-16,28,39,14,14,-6,1,0,0.0
104.15,19,-6,-69,-43,-21,-3,-1,-2,0.0
104.155,-18,18,59,11,29,4,0,-4,0.0
104.16,-12,-60,33,-29,-55,-21,-12,-6,0.0
104.165,5,29,79,10,1,3,3,2,0.0
104.17,8,-9,-58,-5,15,7,5,5,0.0
104.175,19,20,64,29,-9,-3,-1,8,0.0
104.18,42,67,52,13,20,18,11,6,0.0
104.185,-79,-71,-64,-3,11,-4,-2,-9,0.0
104.19,61,0,119,-2,19,3,0,5,0.0
104.19500000000001,-75,-2,-10,5,-65,-16,-7,-7,0.0
104.2,-65,-34,-74,-8,40,14,6,2,0.0
104.205,49,-16,68,33,-39,-3,12,11,0.0
104.21000000000001,75,54,1,-1,76,24,19,1,0.0
104.215,-78,2,44,-2,-95,-18,-2,4,0.0
104.22,-89,-2,42,-2,0,-43,-67,-56,0.0
104.22500000000001,32,-21,71,-21,9,-13,-13,-51,0.0
104.23,-70,-10,-45,-11,85,26,10,-3,0.0
104.235,-23,37,-39,2,-69,4,30,36,0.0
104.24000000000001,53,-10,-128,-4,2,9,20,30,0.0
104.245,-79,-93,86,18,2,-17,-43,-76,0.0
104.25,91,-6,-22,-60,79,9,13,10,0.0
104.255,127,59,11,36,-18,29,52,91,0.0
104.26,-72,42,-57,47,-53,-33,-24,60,0.0
104.265,21,-63,-8,53,60,-11,-65,-45,0.0
104.27,53,75,-100,-67,-46,-12,62,69,0.0
104.275,-110,-61,29,-57,69,14,-63,-67,0.0
104.28,127,34,37,44,18,3,24,56,0.0
104.285,22,127,65,77,-19,10,10,49,0.0
104.29,-128,-128,-25,-1,-99,-51,-75,-87,0.0
104.295,127,115,102,9,70,23,52,97,0.0
104.3,37,26,-97,-26,-3,18,26,-26,0.0
104.305,0,14,56,27,-41,11,42,104,0.0
104.31,-35,58,-1,10,-95,-16,-21,36,0.0
104.315,-37,-67,39,-49,37,-37,-56,-114,0.0
104.32000000000001,-26,-6,-12,18,15,7,6,-18,0.0
104.325,-22,-53,-70,-56,0,-4,-2,-42,0.0
104.33,-24,-15,36,37,13,11,32,15,0.0
104.33500000000001,-31,-47,-26,8,-6,-1,-60,-4,0.0
104.34,46,48,48,2,35,22,55,27,0.0
104.345,-49,-5,-79,-21,-10,0,-1,-19,0.0
104.35000000000001,-36,4,13,-41,-32,-14,-27,6,0.0
104.355,-33,-41,50,40,21,-7,-1,-39,0.0
104.36,18,-25,-72,33,-16,5,6,7,0.0
104.36500000000001,1,23,-26,-104,-1,-4,1,27,0.0
104.37,14,-17,48,49,-8,-7,-4,-10,0.0
104.375,33,22,-39,-3,3,2,23,-1,0.0
104.38,-30,-20,50,-14,-4,-2,-21,-18,0.0
104.385,18,33,64,17,2,0,23,24,0.0
104.39,16,-13,-66,0,7,2,-14,-33,0.0
104.395,5,17,-29,-12,-11,-1,14,33,0.0
104.4,-34,-26,39,-15,-4,-13,-26,-26,0.0
104.405,19,17,-75,-14,2,3,0,0,0.0
104.41,9,3,65,28,-5,2,2,5,0.0
104.415,-7,-8,-39,18,5,-5,2,3,0.0
104.42,-5,-24,-7,-59,-4,-5,-7,-11,0.0
104.425,21,7,-30,0,7,5,7,1,0.0
104.43,-13,4,8,6,7,-9,-5,-4,0.0
104.435,5,-9,-27,27,-2,9,11,-1,0.0
104.44,-4,-1,7,2,-2,4,0,-12,0.0
104.44500000000001,21,18,-13,-3,-3,1,5,13,0.0
104.45,-22,-16,39,6,-15,-7,-14,-8,0.0
104.455,8,-9,-54,-35,-4,-17,-11,-11,0.0
104.46000000000001,-2,-3,35,18,-1,8,6,2,0.0
104.465,-4,1,-14,-3,-1,-4,-1,4,0.0
104.47,-3,-14,-16,-15,-12,-3,-5,-7,0.0
104.47500000000001,20,1,-8,7,4,2,4,-5,0.0
104.48,10,5,21,-2,11,10,7,10,0.0
104.485,-15,7,-5,26,2,6,30,30,0.0
104.49000000000001,-24,-3,22,25,2,-6,-39,-26,0.0
104.495,11,3,-21,-7,-1,3,16,28,0.0
104.5,-3,-10,-27,-52,-19,-11,-6,39,0.0
104.505,0,-3,-3,36,-1,-7,-39,-32,0.0
104.51,1,7,-2,-38,1,14,21,9,0.0
104.515,-4,-4,3,15,1,-1,3,1,0.0
104.52,-12,-4,12,28,8,1,0,2,0.0
104.525,8,-3,-31,-58,-7,-13,13,14,0.0
104.53,11,12,37,42,2,2,14,24,0.0
104.535,2,-4,-9,13,1,-1,-43,-3,0.0
104.54,-2,-8,-18,-11,-1,-2,1,-24,0.0
104.545,13,-4,-20,-65,-6,-1,-1,-2,0.0
104.55,-13,13,10,41,-3,-8,-13,-13,0.0
104.555,4,-2,-5,-4,4,3,15,8,0.0
104.56,-12,-13,2,-3,-2,-2,4,28,0.0
104.565,-1,-2,-9,0,-1,0,-3,-10,0.0
104.57000000000001,16,6,20,22,6,3,15,21,0.0
104.575,5,1,-17,-29,-4,-4,5,-8,0.0
104.58,-10,-8,-6,-15,-9,-1,-7,-47,0.0
104.58500000000001,-7,-1,2,20,12,16,9,27,0.0
104.59,-7,-25,-46,-81,-6,-6,-34,-2,0.0
104.595,-15,12,22,27,-4,-21,-30,-22,0.0
104.60000000000001,35,7,10,-14,-3,-3,-15,6,0.0
104.605,-10,3,1,-1,-1,3,9,38,0.0
104.61,4,4,8,24,4,10,29,9,0.0
104.61500000000001,-1,-13,-35,-31,-7,-6,-10,-23,0.0
104.62,-11,0,20,26,-2,-6,8,-10,0.0
104.625,8,5,-6,-47,-2,-1,5,1,0.0
104.63,-7,-19,1,6,-2,-3,-7,1,0.0
104.635,-13,-5,-9,-21,-6,1,21,7,0.0
104.64,-8,0,10,36,9,4,-29,-25,0.0
104.645,10,7,-4,1,-2,0,3,-24,0.0
104.65,-23,-8,6,16,-1,-5,-9,-18,0.0
104.655,-2,-2,-23,-47,-5,-4,0,-3,0.0
104.66,-3,-6,28,17,-6,-5,-3,-10,0.0
104.665,3,18,-10,9,-2,0,-14,-12,0.0
104.67,-9,-18,16,33,-5,-8,-1,-17,0.0
104.675,2,2,15,34,8,8,11,16,0.0
104.68,-2,-9,-56,-62,-4,-4,-1,0,0.0
104.685,2,3,27,40,1,-1,-2,-11,0.0
104.69,26,15,14,23,9,8,14,27,0.0
104.69500000000001,5,-5,-34,-50,-5,-8,5,-4,0.0
104.7,-11,3,45,-18,-9,-12,-72,-21,0.0
104.705,3,-12,-94,28,4,7,3,-9,0.0
104.71000000000001,-7,0,3,-6,-6,0,10,9,0.0
104.715,4,15,127,46,19,7,-8,-14,0.0
104.72,5,-3,-65,-12,-6,0,18,0,0.0
104.72500000000001,-7,-5,3,-6,-27,-9,0,10,0.0
104.73,6,7,14,4,1,-8,-12,-11,0.0
104.735,10,0,-12,-7,-2,2,8,5,0.0
104.74000000000001,-40,-3,35,13,9,-3,15,-2,0.0
104.745,-1,-6,14,1,3,-2,-5,-8,0.0
104.75,5,-2,-28,-9,1,3,5,-5,0.0
104.755,1,2,13,5,19,4,-2,-3,0.0
104.76,13,10,-23,21,-16,9,17,14,0.0
104.765,4,-6,24,0,-11,-8,-10,-11,0.0
104.77,14,5,15,-21,-2,0,-7,-7,0.0
104.775,-41,-19,-109,-14,-8,-4,-10,-5,0.0
104.78,-15,-16,27,9,20,0,2,-11,0.0
104.785,-3,-1,14,-11,9,5,12,7,0.0
104.79,23,11,49,-2,10,5,2,-1,0.0
104.795,6,4,-23,7,41,13,35,24,0.0
104.8,14,2,25,-31,-57,-16,6,2,0.0
104.805,30,4,-105,24,-27,-1,8,1,0.0
104.81,-35,-11,84,-4,5,0,-9,-27,0.0
104.815,-16,-12,33,-6,-8,-12,-5,27,0.0
104.82000000000001,2,-16,-19,-22,14,-3,-8,-37,0.0
104.825,-65,-12,-50,-22,-13,-2,-4,-4,0.0
104.83,35,23,5,-6,-6,5,13,16,0.0
104.83500000000001,40,-6,65,41,-9,1,1,-17,0.0
104.84,100,58,-50,-50,119,40,40,41,0.0
104.845,-82,23,73,82,-86,-29,-1,7,0.0
104.85000000000001,-107,-96,-101,-45,1,-45,-62,-56,0.0
104.855,-6,18,8,-33,-12,-15,-38,-43,0.0
104.86,103,28,37,-31,29,22,23,23,0.0
104.86500000000001,104,114,64,-64,127,56,46,57,0.0
104.87,-56,-58,-115,49,-99,-37,1,21,0.0
104.875,11,-55,-18,25,-57,-42,-58,-51,0.0
104.88,-95,-22,43,95,5,-17,-33,-57,0.0
104.885,105,2,-71,-19,51,9,0,10,0.0
104.89,89,56,58,-77,15,18,29,28,0.0
104.895,51,72,-5,67,20,25,25,17,0.0
104.9,-75,-91,-74,-4,-65,-27,-24,-30,0.0
104.905,0,-36,127,-22,-47,-16,-19,-32,0.0
104.91,79,28,30,87,43,14,-5,11,0.0
104.915,49,27,-81,40,-6,2,21,20,0.0
104.92,3,-4,-93,-79,10,12,14,29,0.0
104.925,-12,-6,111,93,-3,-12,-14,4,0.0
104.93,-1,21,-15,58,-26,8,8,-33,0.0
104.935,-93,-51,92,59,-60,-30,-28,-10,0.0
104.94,26,40,56,117,57,9,8,-19,0.0
104.94500000000001,52,-32,-128,-114,-35,-7,-12,-6,0.0
104.95,4,-13,100,5,1,0,1,13,0.0
104.955,-27,10,-44,-48,82,30,23,21,0.0
104.96000000000001,-9,-50,-57,25,-89,-22,-11,-20,0.0
104.965,7,23,71,6,-24,-18,-16,-23,0.0
104.97,-14,32,-2,-5,48,15,8,10,0.0
104.97500000000001,-10,-10,-10,-54,-20,-2,1,-3,0.0
104.98,36,35,46,22,-11,5,15,59,0.0
104.985,-4,3,-35,10,23,7,7,3,0.0
104.99000000000001,-21,-10,-59,-24,-17,-6,-9,-18,0.0
104.995,-3,-6,12,-25,27,5,-6,-2,0.0
105.0,16,31,36,32,-12,-2,10,13,0.0
105.005,-53,-30,3,-24,-6,2,-9,-21,0.0
105.01,-21,-11,-18,-12,14,-7,-8,-8,0.0
105.015,27,6,20,-4,-25,8,9,6,0.0
105.02,-17,11,9,5,9,-2,-4,3,0.0
105.025,-30,-27,-39,13,-3,-13,-7,-11,0.0
105.03,27,12,12,-10,6,6,5,10,0.0
105.035,14,16,3,4,0,-3,7,0,0.0
105.04,-18,-4,-2,-30,-10,3,-8,-6,0.0
105.045,-15,-16,9,-11,15,-9,-7,-3,0.0
105.05,16,10,-34,-1,-7,6,8,5,0.0
105.055,-10,-4,25,1,-6,-2,-2,-9,0.0
105.06,-16,-4,10,-2,13,0,-3,0,0.0
105.065,7,-1,4,30,-3,9,-1,4,0.0
105.07000000000001,-1,2,-11,-10,-3,-5,0,-2,0.0
105.075,-7,-7,-17,-16,-6,-6,-4,-3,0.0
105.08,6,6,21,3,1,-7,2,4,0.0
105.08500000000001,0,0,-8,0,5,4,3,-1,0.0
105.09,-6,-5,11,3,-7,1,-4,-6,0.0
105.095,-2,-2,6,-8,0,-6,3,5,0.0
105.10000000000001,-2,8,2,-18,0,6,4,-19,0.0
105.105,-12,-10,1,6,0,-3,-5,-5,0.0
105.11,-1,-2,-6,-4,0,-3,-3,2,0.0
105.11500000000001,10,4,-16,-19,-3,5,1,3,0.0
105.12,-9,-4,15,-13,-5,-2,2,5,0.0
105.125,-9,-6,-6,26,9,-5,-4,-6,0.0
105.13,9,6,-4,-17,6,3,6,2,0.0
105.135,-1,1,3,14,-8,-5,-4,-2,0.0
105.14,-7,-7,-17,-42,-2,-6,-2,1,0.0
105.145,11,3,12,11,3,6,7,8,0.0
105.15,-3,-2,4,15,-6,-7,0,-4,0.0
105.155,-11,-2,3,4,0,18,-5,-8,0.0
105.16,2,-4,-8,14,4,-10,-8,-2,0.0
105.165,-24,-5,-22,-42,-7,-8,-1,10,0.0
105.17,5,8,3,4,-4,2,3,7,0.0
105.175,-2,-6,-21,-26,-3,-7,-2,-13,0.0
105.18,0,-1,-3,23,1,0,-3,10,0.0
105.185,10,7,26,45,5,6,1,-2,0.0
105.19,-12,-7,-21,-80,-4,-5,-3,1,0.0
105.19500000000001,-3,-8,-24,-20,-5,-2,1,1,0.0
105.2,10,6,28,26,-2,3,4,13,0.0
105.205,-2,2,14,15,-2,-4,19,26,0.0
105.21000000000001,-9,-12,-37,34,2,-1,-11,-14,0.0
105.215,11,11,61,97,12,5,64,87,0.0
105.22,-23,-18,-91,-108,-23,-11,-26,-93,0.0
105.22500000000001,7,-10,-46,-12,-7,-7,-32,-16,0.0
105.23,0,12,49,11,9,0,6,6,0.0
105.235,9,0,-19,35,6,2,17,78,0.0
105.24000000000001,-3,11,60,85,5,1,5,-44,0.0
105.245,-5,-9,-31,-56,-11,2,79,66,0.0
105.25,-8,-9,-34,-49,-6,-12,-122,-102,0.0
105.255,0,0,-2,-39,-2,-6,27,-1,0.0
105.26,4,8,26,25,10,6,13,39,0.0
105.265,-3,-6,5,-23,-4,4,-10,-27,0.0
105.27,7,7,39,93,6,8,30,21,0.0
105.275,-2,-8,-46,-87,-15,-10,-7,-14,0.0
105.28,-2,-6,6,-30,-4,-6,-23,2,0.0
105.285,-1,2,21,7,-4,-6,-34,-28,0.0
105.29,6,6,23,19,5,6,51,46,0.0
105.295,-4,-2,1,7,7,4,-33,-46,0.0
105.3,2,0,-27,3,-1,-3,3,15,0.0
105.305,-4,-10,8,20,-14,-7,-11,-17,0.0
105.31,4,2,18,-14,-2,-1,15,13,0.0
105.315,-4,-8,-11,6,1,-1,-18,-32,0.0
105.32000000000001,-5,-9,-48,-30,4,-5,1,12,0.0
105.325,5,6,7,8,10,-3,4,8,0.0
105.33,1,-2,5,3,-3,2,0,-2,0.0
105.33500000000001,-1,2,6,-12,-1,2,-14,-17,0.0
105.34,11,7,26,35,-7,10,19,29,0.0
105.345,-9,-7,-29,-65,-2,-5,-13,-18,0.0
105.35000000000001,-3,-9,-20,-2,-3,-7,2,1,0.0
105.355,-2,5,6,-16,2,-2,-6,-8,0.0
105.36,-2,1,10,8,12,5,7,13,0.0
105.36500000000001,8,8,16,26,-8,2,0,-4,0.0
105.37,8,3,-8,5,3,4,6,8,0.0
105.375,-25,-5,-17,-15,-3,-2,-8,-6,0.0
105.38,-9,-8,14,-10,-16,-11,-8,-7,0.0
105.385,-13,-6,1,16,10,3,0,-4,0.0
105.39,7,-5,-25,-25,2,1,7,8,0.0
105.395,30,13,34,4,-3,-2,-2,-2,0.0
105.4,-3,4,-4,10,-12,-5,0,5,0.0
105.405,-31,-9,-1,20,26,0,-5,-8,0.0
105.41,-32,-16,-23,-5,-39,-10,-1,-12,0.0
105.415,-1,-1,9,-13,7,-1,-4,-8,0.0
105.42,16,7,11,-9,3,1,0,9,0.0
105.425,23,13,-3,14,-10,1,7,9,0.0
105.43,24,15,26,23,14,1,2,7,0.0
105.435,-49,-29,-39,-39,-5,0,38,7,0.0
105.44,-18,-15,14,-34,-4,-7,-61,-53,0.0
105.44500000000001,-10,-8,-36,8,-2,-7,-7,-4,0.0
105.45,6,6,9,-14,3,2,3,7,0.0
105.455,19,8,6,32,22,6,5,8,0.0
105.46000000000001,10,7,0,-3,-37,0,16,21,0.0
105.465,13,0,5,-11,-3,-9,-8,-15,0.0
105.47,-3,-2,-13,-10,0,-2,-2,-4,0.0
105.47500000000001,0,-3,3,26,5,-4,-16,-13,0.0
105.48,-28,-20,-4,19,12,-2,8,5,0.0
105.485,4,-7,-27,-25,-11,0,-8,3,0.0
105.49000000000001,2,-4,-18,-12,2,-1,17,9,0.0
105.495,104,42,63,37,-3,3,-24,8,0.0
105.5,91,47,-38,-8,34,13,23,21,0.0
105.505,-80,-55,2,11,-48,-6,22,-13,0.0
105.51,-39,-34,-53,-23,41,-8,-87,-44,0.0
105.515,-22,-39,69,-13,-70,-14,-9,-26,0.0
105.52,10,-7,-78,-16,-3,-6,5,-9,0.0
105.525,103,33,50,39,28,11,0,2,0.0
105.53,114,48,73,-5,12,3,32,70,0.0
105.535,-56,32,39,16,26,8,-3,-33,0.0
105.54,-111,-40,-65,-59,-18,-4,-12,-24,0.0
105.545,52,7,107,23,-5,-2,-7,20,0.0
105.55,-92,-29,80,23,-6,-11,-8,-37,0.0
105.555,127,85,96,29,42,28,23,58,0.0
105.56,-2,-2,-26,-24,-3,4,30,3,0.0
105.565,-101,-56,26,-55,2,-28,-25,33,0.0
105.57000000000001,108,-5,-99,36,73,16,-49,-50,0.0
105.575,-128,-6,90,67,-99,-25,8,-77,0.0
105.58,53,-25,-77,-34,16,-37,-66,84,0.0
105.58500000000001,54,16,-38,-33,83,32,12,-60,0.0
105.59,30,10,92,11,-77,-20,50,68,0.0
105.595,1,30,-48,-29,58,9,-29,-85,0.0
105.60000000000001,22,7,32,19,-22,16,32,22,0.0
105.605,8,13,59,7,56,8,9,-5,0.0
105.61,-65,-33,-95,1,-98,-28,16,-6,0.0
105.61500000000001,101,30,44,28,58,14,-54,10,0.0
105.62,25,-14,2,-47,-70,-6,20,12,0.0
105.625,26,24,28,-34,83,5,0,0,0.0
105.63,-105,-63,-25,28,-78,-6,-4,-53,0.0
105.635,-81,-72,-70,-33,-29,-29,-22,-24,0.0
105.64,115,62,127,38,127,23,13,43,0.0
105.645,127,87,-69,81,-92,67,85,56,0.0
105.65,-108,-82,-39,-39,-62,-60,-75,-62,0.0
105.655,85,-6,-12,-45,2,-28,-33,-13,0.0
105.66,98,50,32,10,14,6,24,-12,0.0
105.665,13,8,-55,-7,9,-2,25,24,0.0
105.67,8,17,42,11,41,21,-25,10,0.0
105.675,-55,-59,-45,-20,-22,-1,-7,45,0.0
105.68,-40,-11,13,23,11,9,2,-49,0.0
105.685,-32,2,8,15,-24,-9,-5,10,0.0
105.69,24,39,0,-16,28,11,20,26,0.0
105.69500000000001,-6,-17,-63,-18,16,2,17,13,0.0
105.7,-46,-2,14,29,-17,1,-5,-4,0.0
105.705,-47,-26,-26,-15,-33,-27,-39,-13,0.0
105.71000000000001,31,20,0,-48,19,13,19,10,0.0
105.715,0,-3,-38,-3,-6,-5,25,45,0.0
105.72,-45,-13,29,24,-15,-8,-6,-43,0.0
105.72500000000001,-30,-16,-2,8,-18,-10,-16,0,0.0
105.73,37,23,10,-6,38,16,35,-1,0.0
105.735,5,7,20,27,12,11,12,30,0.0
105.74000000000001,-27,-12,22,9,-15,-12,-22,-6,0.0
105.745,-12,-14,-67,-100,-13,-12,7,18,0.0
105.75,15,19,25,55,12,3,-12,-55,0.0
105.755,-4,-2,-19,-64,-16,-2,4,24,0.0
105.76,-12,-3,37,107,5,5,7,2,0.0
105.765,-17,-19,-52,-66,-11,-18,-20,-22,0.0
105.77,30,24,13,19,23,15,27,34,0.0
105.775,-9,-7,-14,-11,-5,1,2,-14,0.0
105.78,-1,-1,32,50,2,1,-11,-18,0.0
105.785,-2,10,25,48,7,3,43,29,0.0
105.79,5,2,-27,-48,-5,-7,-28,-5,0.0
105.795,4,-8,-36,-18,-1,-1,39,16,0.0
105.8,-12,0,-12,-19,-9,-4,-59,-8,0.0
105.805,-5,-6,24,12,-9,-5,-11,-5,0.0
105.81,7,6,0,15,1,2,24,24,0.0
105.815,6,10,-9,-6,3,5,-2,-15,0.0
105.82000000000001,-20,-16,-43,-43,-17,-6,20,15,0.0
105.825,-9,-8,35,28,-1,-14,-21,-18,0.0
105.83,6,5,3,-1,14,9,-4,36,0.0
105.83500000000001,-4,-5,0,23,-2,4,12,19,0.0
105.84,13,4,-18,-20,0,-6,6,9,0.0
105.845,-17,4,-8,0,-2,5,3,-7,0.0
105.85000000000001,-11,-13,3,-13,0,-3,-55,-33,0.0
105.855,-1,-6,-4,10,-1,-6,4,-1,0.0
105.86,-8,-2,-4,-12,-4,-3,4,-5,0.0
105.86500000000001,9,-1,7,-3,-7,-1,-8,-8,0.0
105.87,8,12,4,-14,5,7,31,17,0.0
105.875,-5,-1,-3,4,-2,-1,-8,-7,0.0
105.88,-2,-6,-16,-16,-2,-9,-16,-27,0.0
105.885,-8,-8,1,15,-5,1,-9,-4,0.0
105.89,5,4,-4,-12,-4,-3,12,4,0.0
105.895,-8,-6,-7,12,6,7,-9,-15,0.0
105.9,1,2,7,-7,1,-1,20,17,0.0
105.905,3,2,18,6,2,1,-11,-15,0.0
105.91,2,-6,-25,4,-2,0,8,4,0.0
105.915,3,2,-8,-26,-4,-4,-5,3,0.0
105.92,-10,-10,7,31,-9,3,1,-4,0.0
105.925,0,2,18,14,-3,-9,4,1,0.0
105.93,-2,2,16,-4,5,1,-4,-20,0.0
105.935,2,-5,-20,-27,-8,-9,-1,13,0.0
105.94,-6,-2,-22,-32,-4,3,3,-5,0.0
105.94500000000001,8,10,36,54,4,0,40,20,0.0
105.95,0,-6,-57,-17,-2,-5,-36,-41,0.0
105.955,-6,-1,3,-21,5,5,3,-2,0.0
105.96000000000001,-2,0,6,-12,-2,0,1,-1,0.0
105.965,1,-3,-11,-3,-4,-3,-6,-4,0.0
105.97,7,11,19,21,2,0,25,16,0.0
105.97500000000001,-5,-8,-34,24,-5,-6,-9,-7,0.0
105.98,-6,-5,-6,-19,-1,-5,-11,-13,0.0
105.985,0,1,1,-6,3,0,-19,-12,0.0
105.99000000000001,1,0,22,4,-3,0,17,27,0.0
105.995,0,-4,-16,-5,-6,-7,-21,-11,0.0
106.0,-7,2,16,-1,5,0,9,10,0.0
106.005,-5,-3,-11,-18,-11,-5,-20,-12,0.0
106.01,3,2,7,-2,0,3,10,27,0.0
106.015,5,7,22,22,6,2,12,-18,0.0
106.02,-6,-7,-25,-3,-3,-9,-7,-3,0.0
106.025,-8,-8,-23,-16,-5,-2,-16,-12,0.0
106.03,4,2,4,1,7,8,13,8,0.0
106.035,-2,2,27,10,-5,-4,0,5,0.0
106.04,3,5,16,37,5,4,1,-4,0.0
106.045,4,4,12,-8,6,0,-6,-3,0.0
106.05,-14,-17,-48,-53,-10,-9,-7,-11,0.0
106.055,-5,-11,-59,-49,-17,-6,-1,-2,0.0
106.06,9,3,5,-15,-2,-5,-1,0,0.0
106.065,11,3,7,8,4,6,1,2,0.0
106.07000000000001,-1,10,44,31,7,0,5,8,0.0
106.075,-3,-2,22,17,4,5,-1,-1,0.0
106.08,-4,-5,-1,10,2,0,1,4,0.0
106.08500000000001,23,3,12,20,0,1,-2,0,0.0
106.09,-2,4,35,5,-3,-6,-3,-11,0.0
106.095,-4,-7,-9,-4,-4,-3,-2,-3,0.0
106.10000000000001,-5,0,0,-7,-2,1,5,2,0.0
106.105,-5,-4,-6,-5,5,3,-4,-1,0.0
106.11,1,0,2,13,1,2,2,0,0.0
106.11500000000001,2,-4,-21,-13,-3,-8,-3,-1,0.0
106.12,6,4,8,-11,-3,-4,-3,0,0.0
106.125,-14,-9,-1,-23,-5,-5,-9,-9,0.0
106.13,-3,-5,-18,-16,-9,-9,-4,-1,0.0
106.135,1,7,35,35,11,8,8,5,0.0
106.14,0,0,-8,3,4,9,1,-2,0.0
106.145,-9,-8,-10,-13,-5,-5,-11,-10,0.0
106.15,5,5,-5,-12,-4,-4,5,5,0.0
106.155,-4,0,13,12,-6,-6,-2,0,0.0
106.16,-8,-7,-17,0,-10,-8,-6,-7,0.0
106.165,-8,-4,-6,-8,-2,-2,-3,-4,0.0
106.17,2,-4,9,17,6,3,2,-3,0.0
106.175,8,5,-5,2,5,1,1,3,0.0
106.18,2,8,22,25,6,7,8,2,0.0
106.185,-4,-1,-11,-20,0,-2,-4,-4,0.0
106.19,-4,-9,-30,-20,-11,-8,-4,-2,0.0
106.19500000000001,-2,-1,4,3,11,-2,1,0,0.0
106.2,30,2,-2,-4,-9,-3,0,0,0.0
106.205,-10,3,26,8,-13,-2,-2,1,0.0
106.21000000000001,-11,-8,-25,3,9,6,1,3,0.0
106.215,1,0,1,15,-4,-1,-3,-1,0.0
106.22,-6,-5,10,5,-2,-8,-3,-1,0.0
