78.005,11,21,6,15,2,3,2,2
78.01,2,49,15,10,0,0,6,2
78.015,8,19,26,52,7,4,11,5
78.02,19,35,56,113,26,11,14,4
78.025,5,7,21,19,4,0,2,1
78.03,1,29,3,7,1,3,1,3
78.035,4,10,19,30,6,4,0,0
78.04,7,21,52,12,6,8,5,4
78.045,7,60,0,45,7,5,2,3
78.05,1,24,3,38,6,2,0,2
78.055,2,3,61,5,4,1,1,2
78.06,9,58,84,9,2,1,1,3
78.065,9,46,20,7,1,1,2,1
78.07,1,6,5,7,4,3,3,3
78.075,2,3,38,16,2,2,2,1
78.08,2,12,45,20,3,1,1,1
78.085,14,66,3,26,8,5,11,6
78.09,3,19,83,39,12,6,16,3
78.095,9,20,23,39,6,6,6,4
78.1,1,3,93,39,11,8,3,1
78.105,8,41,104,65,15,6,1,3
78.11,5,9,70,40,4,3,5,2
78.115,6,5,64,24,5,3,4,1
78.12,1,9,55,7,1,1,1,1
78.125,3,8,20,31,5,4,1,1
78.13,2,60,14,1,5,4,0,0
78.135,14,47,10,11,4,6,1,7
78.14,7,26,2,9,2,4,3,1
78.145,1,31,5,2,4,3,3,0
78.15,0,38,9,11,1,1,3,2
78.155,3,0,7,7,1,1,1,2
78.16,1,3,20,3,1,4,4,1
78.165,6,11,31,1,1,0,2,4
78.17,2,3,5,4,2,1,3,0
78.175,6,22,18,4,0,1,0,3
78.18,13,5,5,16,5,3,2,5
78.185,5,0,6,1,3,2,2,2
78.19,2,19,15,17,2,0,10,2
78.195,0,1,15,12,6,2,17,0
78.2,1,1,11,1,1,2,3,1
78.205,5,12,3,7,5,1,1,1
78.21,6,6,13,2,5,4,1,1
78.215,2,6,2,2,1,3,6,0
78.22,4,78,10,5,3,3,3,4
78.225,1,7,12,3,1,3,3,1
78.23,3,31,11,2,0,1,0,2
78.235,10,7,5,10,6,1,1,1
78.24,2,7,6,6,1,2,4,1
78.245,0,0,14,0,1,2,0,2
78.25,1,12,6,2,0,2,2,2
78.255,8,43,7,1,2,2,1,0
78.26,4,18,9,3,6,1,0,2
78.265,10,12,3,5,2,1,2,2
78.27,4,24,3,7,3,0,5,2
78.275,3,8,13,2,0,3,2,1
78.28,4,13,1,4,1,1,1,0
78.285,0,13,3,0,3,0,1,4
78.29,5,15,7,1,3,5,4,4
78.295,12,30,27,2,0,2,4,2
78.3,5,62,52,6,1,4,1,0
78.305,10,5,3,0,1,0,1,1
78.31,7,1,2,3,4,3,4,6
78.315,9,5,1,0,3,5,4,2
78.32,1,6,8,0,0,0,1,1
78.325,5,4,2,1,2,2,3,0
78.33,3,22,3,2,2,2,1,2
78.335,6,4,12,4,3,4,1,3
78.34,5,22,11,0,2,1,1,0
78.345,1,1,8,0,2,1,1,1
78.35,1,6,4,1,0,1,4,1
78.355,0,3,4,1,3,2,3,2
78.36,0,2,14,0,1,2,1,2
78.365,4,9,10,1,3,2,0,1
78.37,2,6,2,3,2,2,2,3
78.375,2,3,1,1,2,1,2,1
78.38,1,3,2,3,0,1,3,2
78.385,4,12,1,0,1,1,1,2
78.39,3,1,2,0,3,3,2,1
78.395,4,3,8,1,0,1,1,2
78.4,2,3,2,1,1,1,2,1
78.405,2,1,13,2,1,1,1,0
78.41,1,4,7,0,2,3,1,1
78.415,4,12,2,1,0,0,0,2
78.42,2,21,7,0,1,1,1,3
78.425,1,38,4,2,2,0,3,1
78.43,10,1,2,2,2,0,2,0
78.435,0,3,2,3,4,4,2,1
78.44,0,14,1,1,2,1,1,2
78.445,2,5,2,0,0,3,2,0
78.45,5,5,3,0,1,2,2,1
78.455,10,27,11,2,1,1,1,0
78.46,2,1,23,1,4,4,2,1
78.465,1,9,0,2,0,3,1,3
78.47,0,3,12,5,1,0,1,0
78.475,0,4,3,0,0,3,1,2
78.48,1,3,9,1,0,0,2,1
78.485,2,5,7,0,2,2,1,2
78.49,3,11,8,4,3,4,1,1
78.495,4,10,2,3,4,4,1,3
78.5,4,25,5,0,0,1,1,1
78.505,2,46,5,4,1,0,1,2
78.51,0,8,2,1,2,1,1,2
78.515,2,4,1,2,1,0,2,2
78.52,8,15,5,3,0,0,0,2
78.525,0,14,2,0,1,1,1,0
78.53,0,1,0,0,1,1,0,0
78.535,0,9,7,0,0,0,1,3
78.54,0,10,0,2,1,0,2,3
78.545,0,16,1,2,2,2,2,3
78.55,2,1,1,1,1,1,1,2
78.555,2,0,4,2,0,1,1,0
78.56,2,4,1,4,3,1,0,2
78.565,5,2,19,3,0,1,1,2
78.57,5,34,28,6,2,2,3,4
78.575,10,11,1,1,1,2,1,1
78.58,5,7,16,2,3,1,0,0
78.585,1,10,3,2,0,2,3,2
78.59,2,1,4,0,1,1,1,0
78.595,6,9,3,1,2,0,1,2
78.6,6,17,1,2,5,3,2,1
78.605,6,7,3,4,1,1,1,0
78.61,5,0,5,1,4,0,1,2
78.615,2,36,1,1,1,2,2,5
78.62,3,1,2,1,6,4,1,1
78.625,0,6,5,0,1,1,4,2
78.63,1,21,1,0,2,3,3,4
78.635,9,17,2,3,2,0,0,2
78.64,0,0,2,1,3,2,1,2
78.645,1,13,10,4,2,1,1,2
78.65,2,11,4,2,0,1,0,1
78.655,0,9,9,2,1,2,2,4
78.66,1,1,6,4,4,1,3,2
78.665,1,0,7,1,0,1,0,1
78.67,2,25,3,0,4,1,0,3
78.675,7,13,11,2,2,2,0,1
78.68,5,1,1,0,1,0,2,1
78.685,3,4,1,5,4,2,2,2
78.69,1,2,1,1,2,1,0,2
78.695,1,1,5,0,5,2,1,1
78.7,4,10,1,0,1,0,0,1
78.705,1,9,4,3,1,1,1,0
78.71,1,17,1,1,1,1,1,4
78.715,1,10,4,1,4,2,2,0
78.72,2,47,5,1,2,0,1,2
78.725,1,16,4,3,4,2,2,0
78.73,9,3,4,1,2,3,0,1
78.735,3,6,9,0,2,0,1,2
78.74,2,19,14,3,2,2,2,0
78.745,1,14,3,2,2,1,3,3
78.75,1,16,4,0,1,3,2,0
78.755,3,23,5,5,0,2,3,4
78.76,14,8,15,2,1,2,1,8
78.765,0,12,4,2,2,1,2,1
78.77,3,16,8,2,5,3,2,1
78.775,3,16,0,1,0,1,2,2
78.78,2,19,9,1,0,3,3,0
78.785,11,38,9,1,2,4,5,4
78.79,6,2,0,1,2,3,2,6
78.795,0,5,5,0,4,1,3,2
78.8,0,6,4,1,0,1,0,1
78.805,1,13,2,1,1,1,1,3
78.81,1,54,27,3,2,1,1,1
78.815,17,22,10,1,4,1,2,1
78.82,2,6,10,2,4,0,1,3
78.825,1,7,22,1,0,3,0,1
78.83,1,8,3,5,0,3,3,3
78.835,2,9,0,0,2,3,3,6
78.84,6,1,4,2,1,1,1,5
78.845,9,21,12,1,2,2,0,5
78.85,6,11,7,1,2,3,1,1
78.855,0,2,5,0,1,0,1,2
78.86,3,24,1,1,1,2,2,0
78.865,1,6,4,2,5,3,2,0
78.87,0,6,9,0,0,2,0,3
78.875,0,7,3,2,2,1,2,4
78.88,1,8,2,3,4,2,0,0
78.885,1,5,7,2,2,1,1,2
78.89,2,11,18,6,1,2,1,2
78.895,1,1,0,2,5,2,0,3
78.9,8,21,1,1,1,0,3,2
78.905,0,5,13,5,1,1,1,1
78.91,0,1,4,2,2,1,0,1
78.915,2,1,5,2,1,0,1,1
78.92,14,2,7,2,1,0,1,5
78.925,26,16,7,2,1,0,1,9
78.93,15,8,1,1,5,4,7,4
78.935,1,3,5,0,1,1,1,4
78.94,2,3,3,1,0,0,2,3
78.945,2,0,0,1,3,0,1,4
78.95,5,14,1,1,0,0,0,1
78.955,4,3,0,1,3,1,1,4
78.96,7,41,7,1,1,1,1,10
78.965,10,7,2,2,3,3,1,5
78.97,14,5,4,1,3,0,1,15
78.975,6,5,3,5,0,3,6,8
78.98,12,4,0,1,1,1,1,7
78.985,4,14,0,0,5,1,1,5
78.99,13,19,1,0,0,0,2,4
78.995,5,17,4,2,1,1,3,7
79,3,1,3,0,0,0,4,8
79.005,9,0,0,0,1,1,8,1
79.01,2,7,2,1,4,7,33,25
79.015,4,46,1,0,1,1,1,0
79.02,13,13,5,4,4,2,4,4
79.025,6,5,4,0,0,0,5,4
79.03,1,5,2,1,1,3,11,9
79.035,2,11,1,2,2,2,4,6
79.04,0,5,3,2,1,4,1,0
79.045,5,20,3,2,4,0,3,6
79.05,3,61,19,7,1,2,5,6
79.055,0,5,2,1,2,2,4,3
79.06,5,11,0,1,2,0,3,1
79.065,5,13,2,4,1,1,5,2
79.07,1,29,3,3,1,1,0,4
79.075,10,6,7,3,4,1,2,3
79.08,2,3,6,5,2,1,3,6
79.085,3,15,0,1,3,4,8,5
79.09,3,8,8,0,2,0,3,4
79.095,0,14,8,1,2,1,0,3
79.1,1,46,8,1,2,3,4,8
79.105,10,28,5,3,1,0,2,1
79.11,6,20,5,0,0,2,7,14
79.115,1,4,6,1,1,4,3,4
79.12,12,41,7,4,2,2,0,6
79.125,5,37,1,2,2,3,3,1
79.13,4,5,2,0,3,3,1,4
79.135,6,5,0,7,7,1,0,11
79.14,7,5,2,1,0,2,2,5
79.145,50,35,16,4,3,1,0,7
79.15,4,30,3,1,3,3,11,6
79.155,0,4,5,1,3,3,14,11
79.16,0,12,1,2,3,1,1,1
79.165,13,7,2,1,1,2,2,6
79.17,11,6,2,0,1,1,3,9
79.175,0,6,2,2,0,0,4,1
79.18,7,16,7,4,3,0,2,2
79.185,9,2,1,1,2,0,3,2
79.19,6,9,3,1,2,0,3,2
79.195,2,5,1,2,2,0,0,2
79.2,6,9,3,1,3,2,4,2
79.205,4,5,1,1,2,0,0,6
79.21,1,13,2,1,2,3,1,8
79.215,5,1,1,1,0,0,2,4
79.22,3,3,2,3,1,5,6,3
79.225,2,7,2,1,0,1,3,0
79.23,5,0,1,2,1,0,1,4
79.235,3,2,2,2,1,0,4,5
79.24,5,0,3,3,2,1,2,8
79.245,3,4,1,1,0,0,2,3
79.25,15,9,1,1,2,0,4,25
79.255,29,7,2,0,2,3,29,6
79.26,6,4,0,3,4,2,6,7
79.265,0,1,0,1,3,5,4,11
79.27,5,1,1,0,0,1,19,5
79.275,3,3,3,0,1,2,0,6
79.28,4,3,1,2,2,2,2,11
79.285,3,1,0,2,0,3,7,6
79.29,2,3,0,1,1,1,4,4
79.295,6,3,3,1,4,2,7,2
79.3,2,3,0,1,1,2,0,2
79.305,6,1,2,3,3,3,8,11
79.31,4,4,0,2,1,5,11,10
79.315,0,3,4,4,3,3,1,6
79.32,1,0,2,2,3,1,5,4
79.325,0,2,2,4,4,2,21,4
79.33,2,1,2,2,3,1,29,12
79.335,1,1,1,0,2,5,6,10
79.34,3,2,2,1,4,1,6,7
79.345,1,0,1,0,6,10,25,10
79.35,2,5,1,1,1,1,13,12
79.355,3,1,1,4,9,7,6,17
79.36,1,2,5,10,19,12,23,10
79.365,0,0,1,5,5,1,11,4
79.37,3,6,8,14,18,0,30,14
79.375,7,2,18,8,20,1,22,7
79.38,2,1,6,5,3,10,8,6
79.385,6,7,12,6,5,11,29,9
79.39,7,3,21,8,15,13,26,3
79.395,4,4,3,1,1,22,29,11
79.4,12,2,37,7,13,2,6,4
79.405,5,3,13,3,5,11,14,6
79.41,6,9,6,5,7,6,1,12
79.415,1,3,21,6,13,13,9,1
79.42,2,0,10,5,6,3,1,3
79.425,2,4,12,0,5,7,4,7
79.43,4,2,0,2,1,7,5,6
79.435,2,1,5,3,6,7,3,1
79.44,1,4,8,4,1,9,3,1
79.445,2,7,10,12,5,11,11,1
79.45,2,1,7,23,0,4,11,0
79.455,4,1,5,6,2,4,4,0
79.46,1,2,3,5,1,0,3,1
79.465,1,7,50,9,3,3,3,1
79.47,7,6,57,13,8,12,13,3
79.475,5,9,2,6,1,8,6,2
79.48,2,2,8,1,1,2,3,2
79.485,1,1,6,5,1,1,0,0
79.49,0,3,29,14,3,3,3,5
79.495,0,0,10,10,2,1,7,0
79.5,0,1,1,2,1,2,2,1
79.505,3,4,7,13,4,3,2,0
79.51,9,11,6,1,7,5,2,3
79.515,2,4,14,8,11,7,4,2
79.52,1,1,6,18,3,3,1,3
79.525,1,5,3,25,3,0,0,0
79.53,1,2,1,18,0,2,1,2
79.535,8,4,18,23,1,4,1,5
79.54,1,12,56,4,5,2,4,9
79.545,14,9,7,12,9,9,8,4
79.55,2,4,0,19,0,0,1,1
79.555,3,8,1,29,7,6,2,1
79.56,11,14,2,18,6,5,2,8
79.565,52,34,72,94,24,16,12,31
79.57,5,5,21,1,1,4,1,1
79.575,3,1,11,1,0,2,3,0
79.58,1,4,0,12,3,4,2,3
79.585,16,15,19,35,6,2,3,13
79.59,6,1,12,6,4,3,1,1
79.595,8,6,14,15,5,2,2,6
79.6,5,5,7,11,1,2,2,1
79.605,7,4,21,4,4,2,0,3
79.61,2,2,9,38,3,1,1,1
79.615,2,8,20,12,4,7,2,1
79.62,2,16,16,12,9,9,8,4
79.625,6,11,22,7,1,1,1,0
79.63,5,15,52,55,10,4,3,3
79.635,5,12,98,19,10,6,3,2
79.64,17,18,18,37,18,7,7,11
79.645,10,3,4,21,2,2,0,4
79.65,9,1,25,12,3,2,1,1
79.655,1,12,64,14,2,3,3,1
79.66,4,7,0,6,4,3,4,0
79.665,3,5,27,13,1,4,1,3
79.67,1,4,37,7,1,5,1,0
79.675,3,2,0,11,11,2,1,0
79.68,2,7,8,21,8,10,4,3
79.685,2,10,23,26,22,2,3,1
79.69,2,4,6,21,1,2,3,4
79.695,2,7,16,4,5,5,2,1
79.7,2,9,38,16,15,5,0,1
79.705,1,1,12,2,4,1,2,2
79.71,8,12,42,12,13,2,6,1
79.715,2,7,9,16,9,4,6,6
79.72,3,3,28,20,7,6,2,1
79.725,7,32,4,37,17,8,11,5
79.73,14,38,93,42,10,7,1,3
79.735,6,11,21,38,8,3,6,0
79.74,10,5,4,29,8,6,1,1
79.745,22,1,21,16,11,11,8,2
79.75,57,7,80,26,13,1,3,6
79.755,10,9,53,14,4,0,0,1
79.76,12,8,23,3,5,1,2,3
79.765,13,6,54,5,1,8,4,4
79.77,43,24,13,7,11,9,6,7
79.775,5,15,27,1,12,4,8,2
79.78,12,3,9,22,16,9,7,2
79.785,9,3,21,16,1,6,1,25
79.79,15,3,2,15,9,7,4,39
79.795,23,21,27,13,12,7,1,54
79.8,49,11,31,38,13,8,7,7
79.805,38,16,55,17,3,5,1,3
79.81,25,3,73,13,0,2,10,6
79.815,43,16,49,4,2,9,7,31
79.82,9,0,50,4,3,9,14,3
79.825,50,43,72,21,16,17,16,13
79.83,29,5,40,9,5,2,1,16
79.835,44,7,0,9,6,3,10,64
79.84,1,11,26,1,4,2,7,90
79.845,15,2,12,2,1,0,6,4
79.85,22,8,2,8,9,3,6,2
79.855,120,19,15,3,3,6,1,15
79.86,19,0,13,6,3,4,7,38
79.865,22,3,24,6,0,2,1,12
79.87,16,10,18,1,2,0,1,11
79.875,35,15,13,3,2,1,2,8
79.88,4,4,11,11,15,1,5,9
79.885,33,5,10,2,2,2,1,11
79.89,8,3,24,2,0,1,1,2
79.895,15,10,6,6,2,2,2,4
79.9,5,3,13,1,6,6,6,4
79.905,43,14,3,1,6,6,5,5
79.91,17,6,3,8,10,9,11,4
79.915,55,3,1,9,11,7,6,21
79.92,8,13,18,3,12,3,9,2
79.925,7,17,12,10,6,4,11,15
79.93,14,8,6,4,1,0,3,4
79.935,22,5,7,0,4,1,6,7
79.94,10,1,4,4,9,2,3,12
79.945,10,5,34,4,3,1,3,7
79.95,29,7,22,2,5,3,3,11
79.955,55,2,0,8,1,2,2,1
79.96,7,6,7,3,5,2,2,5
79.965,3,6,10,4,2,7,5,6
79.97,34,38,6,6,5,4,2,13
79.975,8,4,17,2,2,1,2,0
79.98,2,8,29,3,1,4,3,1
79.985,11,4,13,11,5,2,3,1
79.99,9,22,11,4,7,5,7,7
79.995,16,0,0,8,6,1,4,6
80,1,3,5,7,2,1,3,5
80.005,27,6,3,5,9,1,5,29
80.01,16,5,11,8,5,4,5,5
80.015,9,8,0,7,2,2,5,3
80.02,11,15,25,3,1,2,0,6
80.025,6,10,42,13,5,0,0,9
80.03,11,10,5,25,17,4,5,3
80.035,14,3,4,4,1,0,1,8
80.04,11,9,9,12,4,2,1,1
80.045,14,1,30,4,4,5,3,6
80.05,5,16,28,9,5,2,3,4
80.055,19,0,16,2,1,9,2,7
80.06,6,15,15,9,2,4,1,7
80.065,9,22,9,10,8,1,4,3
80.07,24,33,16,1,8,0,3,0
80.075,4,14,45,15,5,2,5,3
80.08,2,19,11,7,7,1,3,2
80.085,6,2,10,16,10,2,1,0
80.09,11,2,13,3,3,0,0,2
80.095,1,5,3,7,3,0,8,4
80.1,2,3,17,4,0,3,1,6
80.105,4,3,4,4,7,4,4,4
80.11,4,4,10,4,2,0,3,1
80.115,18,69,2,3,8,9,9,6
80.12,0,21,8,1,3,2,0,2
80.125,0,23,19,5,3,2,5,0
80.13,14,3,12,9,12,4,6,3
80.135,2,8,2,0,3,5,0,4
80.14,14,3,1,10,2,11,3,9
80.145,11,9,1,15,16,4,2,3
80.15,4,15,2,7,1,1,4,3
80.155,21,24,2,3,5,3,3,6
80.16,16,13,5,5,8,0,3,8
80.165,43,3,1,8,2,6,2,7
80.17,24,9,2,2,2,0,0,4
80.175,3,0,6,5,5,0,2,4
80.18,2,1,15,5,0,1,1,0
80.185,28,1,22,5,2,1,0,6
80.19,0,11,6,0,1,1,1,6
80.195,35,3,6,2,3,6,9,7
80.2,18,17,11,0,4,0,4,0
80.205,4,7,8,4,7,1,3,2
80.21,0,11,0,6,2,1,4,1
80.215,11,11,9,5,6,1,5,5
80.22,10,18,11,5,9,1,7,1
80.225,5,4,30,6,1,2,4,0
80.23,1,8,8,4,2,1,0,2
80.235,5,1,3,0,1,2,1,2
80.24,8,2,1,9,6,2,3,7
80.245,8,28,10,7,11,4,4,7
80.25,1,13,17,2,6,4,4,1
80.255,1,7,4,1,2,2,1,0
80.26,1,2,17,1,1,1,3,5
80.265,1,4,1,4,1,0,2,3
80.27,1,6,3,2,1,3,1,1
80.275,9,10,4,1,5,3,1,0
80.28,1,26,6,5,5,1,3,2
80.285,4,3,6,1,9,1,7,1
80.29,5,61,10,1,4,1,4,3
80.295,7,3,3,3,3,4,1,2
80.3,2,5,12,4,1,2,5,2
80.305,9,51,4,2,3,0,0,1
80.31,0,10,26,1,2,2,1,0
80.315,3,15,26,3,3,3,1,1
80.32,1,15,4,2,2,1,2,1
80.325,7,9,21,1,4,1,4,0
80.33,4,16,2,0,3,3,5,2
80.335,2,77,54,2,0,1,7,1
80.34,7,38,53,2,10,0,2,1
80.345,20,11,46,1,4,1,4,1
80.35,18,53,14,3,4,3,5,6
80.355,3,18,16,4,1,3,4,1
80.36,2,5,25,4,5,1,5,2
80.365,3,3,14,1,2,1,3,1
80.37,6,11,11,0,2,2,1,2
80.375,5,2,3,4,0,4,1,3
80.38,2,22,14,2,6,5,0,3
80.385,7,12,2,3,5,3,2,2
80.39,0,33,20,0,1,0,1,1
80.395,4,21,3,1,3,1,0,0
80.4,3,7,1,0,2,3,4,3
80.405,2,10,2,1,2,2,5,0
80.41,2,19,3,3,3,0,1,0
80.415,6,8,26,6,1,1,3,1
80.42,1,17,16,3,1,1,1,2
80.425,5,4,11,1,2,0,2,2
80.43,7,0,8,2,0,1,2,2
80.435,1,23,0,2,1,1,3,0
80.44,3,10,1,2,1,2,4,1
80.445,2,11,6,1,3,1,1,1
80.45,4,7,8,4,1,0,2,3
80.455,4,4,4,1,1,1,3,2
80.46,1,4,2,3,1,2,2,1
80.465,0,4,13,0,0,1,0,2
80.47,0,5,1,1,5,1,2,0
80.475,5,7,13,0,2,1,2,2
80.48,1,9,7,2,4,1,2,0
80.485,1,10,3,0,3,1,1,1
80.49,5,12,1,1,2,0,2,1
80.495,3,16,9,2,2,0,1,1
80.5,0,1,7,0,1,3,2,1
80.505,3,8,4,3,4,0,3,1
80.51,5,15,11,1,0,1,1,2
80.515,1,11,1,1,4,2,1,1
80.52,5,21,0,3,1,0,1,1
80.525,2,2,5,1,1,0,1,1
80.53,1,1,3,2,0,0,1,0
80.535,3,6,3,3,3,2,3,2
80.54,1,3,0,0,2,2,1,0
80.545,0,3,3,0,0,1,1,0
80.55,2,17,3,0,3,3,4,1
80.555,3,1,2,1,3,0,1,3
80.56,0,21,2,3,3,2,2,1
80.565,2,9,4,2,2,2,1,1
80.57,2,2,3,1,1,1,1,1
80.575,1,7,2,1,2,0,1,0
80.58,0,16,4,2,1,0,1,1
80.585,1,3,3,0,0,2,2,2
80.59,0,10,14,5,2,1,1,1
80.595,7,8,13,1,5,0,1,2
80.6,0,12,12,3,9,5,3,1
80.605,4,11,5,3,1,1,2,2
80.61,1,4,1,0,0,1,0,2
80.615,2,4,0,1,1,0,0,1
80.62,1,1,2,0,2,1,0,2
80.625,2,6,0,4,1,2,1,1
80.63,0,4,2,0,3,0,0,2
80.635,0,6,5,3,4,3,2,1
80.64,2,5,2,0,1,2,2,1
80.645,0,3,3,0,2,3,1,1
80.65,2,4,0,1,0,0,1,0
80.655,1,3,1,0,5,1,2,0
80.66,4,3,6,0,0,0,1,2
80.665,1,3,2,2,0,0,1,0
80.67,2,7,3,1,1,2,0,1
80.675,1,2,6,0,2,1,4,0
80.68,4,0,1,0,0,0,0,2
80.685,0,3,3,0,1,1,2,1
80.69,0,3,2,2,2,1,2,1
80.695,1,2,0,2,4,2,3,2
80.7,0,1,2,1,0,1,0,1
80.705,2,2,0,2,1,1,3,2
80.71,5,1,2,0,0,1,2,1
80.715,1,1,3,3,1,1,1,1
80.72,6,1,2,2,2,0,1,1
80.725,4,2,3,2,1,1,0,1
80.73,2,1,2,2,2,1,0,1
80.735,1,1,3,0,2,1,1,2
80.74,2,1,3,2,1,2,0,1
80.745,1,1,0,2,2,1,2,1
80.75,3,1,2,1,1,1,2,1
80.755,1,3,0,1,2,2,1,2
80.76,1,1,3,2,2,2,2,1
80.765,0,2,0,0,2,0,2,3
80.77,1,1,0,2,2,0,2,1
80.775,2,1,2,2,1,1,0,0
80.78,0,1,1,2,1,2,1,1
80.785,2,1,1,1,1,1,1,2
80.79,0,2,1,0,1,1,2,2
80.795,1,1,2,1,3,1,1,3
80.8,0,0,2,0,1,1,2,0
80.805,0,1,1,2,1,1,1,0
80.81,1,3,1,1,0,1,1,0
80.815,1,0,0,2,2,2,1,2
80.82,0,2,3,2,1,2,2,2
80.825,3,1,0,1,2,1,1,2
80.83,1,1,1,0,1,1,1,2
80.835,1,2,1,2,1,1,2,1
80.84,3,0,2,0,2,0,0,1
80.845,3,1,1,1,1,0,2,0
80.85,0,0,1,1,1,1,0,2
80.855,0,1,1,1,1,2,0,1
80.86,3,2,0,0,1,2,1,2
80.865,1,0,1,0,1,1,2,1
80.87,1,2,0,1,2,1,1,0
80.875,0,1,1,1,0,0,0,1
80.88,2,0,0,2,2,1,1,0
80.885,4,1,1,0,0,1,1,1
80.89,1,1,1,2,2,2,1,1
80.895,0,0,2,0,1,2,0,2
80.9,8,0,0,2,1,0,3,5
80.905,6,2,3,0,2,1,0,1
80.91,3,0,2,2,0,2,2,1
80.915,3,1,4,5,2,1,1,3
80.92,0,1,3,1,4,8,3,3
80.925,4,0,1,2,2,4,1,2
80.93,2,1,0,1,1,0,0,1
80.935,5,1,3,0,1,0,2,5
80.94,3,4,2,2,1,2,0,2
80.945,2,1,2,2,0,2,1,1
80.95,1,1,2,1,0,1,0,0
80.955,3,1,6,2,1,0,2,3
80.96,4,5,7,0,2,4,4,3
80.965,2,0,1,2,4,4,1,6
80.97,21,3,3,3,2,3,5,23
80.975,1,3,20,3,1,1,2,3
80.98,1,2,3,14,0,1,6,2
80.985,2,0,13,7,6,5,10,7
80.99,1,11,3,3,10,6,5,3
80.995,0,5,5,34,6,6,12,6
81,1,1,2,28,9,0,6,7
81.005,8,8,8,49,4,6,3,7
81.01,2,4,2,4,3,3,2,3
81.015,4,2,9,22,2,7,1,1
81.02,4,9,30,49,9,17,4,4
81.025,10,4,48,26,3,2,2,1
81.03,3,2,27,52,2,5,9,3
81.035,8,18,58,70,17,10,8,5
81.04,4,18,14,113,25,14,7,3
81.045,1,8,18,39,6,8,2,1
81.05,0,12,22,41,5,5,2,0
81.055,5,2,27,94,2,3,13,3
81.06,4,5,35,10,10,9,5,17
81.065,1,16,30,44,10,9,1,6
81.07,11,18,36,6,27,22,26,15
81.075,12,9,32,5,4,2,5,0
81.08,0,7,29,5,2,7,4,2
81.085,1,4,78,44,4,9,5,3
81.09,15,9,57,54,13,8,6,15
81.095,48,21,40,34,14,10,19,54
81.1,0,1,1,27,5,0,3,3
81.105,7,6,4,29,4,4,2,1
81.11,3,2,1,23,1,2,1,7
81.115,11,5,4,8,1,4,5,14
81.12,1,1,15,8,2,3,1,3
81.125,9,1,1,6,3,3,0,3
81.13,0,4,23,24,6,6,3,3
81.135,5,1,15,6,0,4,0,2
81.14,2,1,3,1,1,2,1,4
81.145,2,3,8,7,9,0,1,8
81.15,11,11,51,36,3,4,2,10
81.155,3,2,5,6,2,1,2,3
81.16,1,6,13,12,5,1,1,3
81.165,0,1,2,18,2,2,0,6
81.17,6,2,1,18,1,3,3,7
81.175,4,21,60,70,12,8,3,7
81.18,4,1,15,31,1,3,2,5
81.185,16,32,73,53,22,12,11,8
81.19,5,18,20,17,6,4,2,4
81.195,7,10,7,12,1,4,2,8
81.2,2,8,35,38,7,1,0,2
81.205,2,10,25,34,10,4,0,5
81.21,4,1,12,4,4,4,2,1
81.215,5,18,21,17,0,3,0,3
81.22,2,2,17,6,7,0,1,0
81.225,4,3,17,23,1,5,2,2
81.23,0,2,23,15,3,2,1,2
81.235,1,1,11,7,1,0,0,3
81.24,5,6,12,13,2,0,0,1
81.245,4,6,10,6,4,2,0,1
81.25,1,2,13,3,1,1,3,1
81.255,2,4,23,1,1,1,1,1
81.26,1,3,46,29,2,6,3,6
81.265,4,12,9,61,10,7,5,2
81.27,2,1,54,78,5,1,3,1
81.275,15,24,33,104,22,19,13,11
81.28,7,16,2,21,12,5,1,0
81.285,5,6,10,30,0,3,3,6
81.29,8,3,93,71,10,1,2,2
81.295,8,8,23,28,4,6,5,5
81.3,4,6,3,39,1,5,5,5
81.305,3,7,21,11,2,3,3,0
81.31,1,2,11,3,2,1,0,5
81.315,4,4,3,1,3,3,2,0
81.32,3,1,10,3,1,1,1,1
81.325,2,0,0,7,1,2,1,3
81.33,1,2,2,8,6,2,2,1
81.335,2,1,24,13,3,4,23,7
81.34,3,1,20,2,2,2,2,3
81.345,0,3,19,5,5,6,7,4
81.35,0,4,5,4,3,2,7,1
81.355,1,9,11,6,0,1,5,2
81.36,5,6,5,29,6,4,3,4
81.365,2,3,16,32,6,4,5,3
81.37,8,7,4,35,16,6,8,7
81.375,0,12,21,43,5,1,4,6
81.38,3,4,1,7,2,4,2,8
81.385,4,18,22,9,3,1,1,9
81.39,7,23,23,1,3,2,1,4
81.395,10,23,3,11,4,1,2,4
81.4,18,61,16,21,2,2,1,3
81.405,29,12,23,11,4,6,10,17
81.41,14,5,0,0,2,3,6,1
81.415,1,2,5,63,10,5,3,0
81.42,7,1,32,42,6,5,3,7
81.425,0,24,6,46,8,4,1,2
81.43,1,1,21,19,7,2,1,2
81.435,4,10,17,1,3,1,3,3
81.44,11,18,29,1,5,2,1,3
81.445,2,6,8,4,2,1,1,0
81.45,5,16,5,15,2,2,1,1
81.455,10,9,6,8,5,5,4,1
81.46,0,10,6,7,4,2,3,0
81.465,8,1,39,46,11,3,3,3
81.47,5,2,19,18,2,1,1,3
81.475,5,11,12,16,5,7,2,5
81.48,3,9,1,28,7,6,0,1
81.485,4,2,23,30,7,6,2,1
81.49,1,7,12,13,7,4,2,2
81.495,2,5,24,1,5,2,9,7
81.5,2,0,45,42,3,3,9,3
81.505,2,8,1,85,5,4,10,0
81.51,4,3,12,1,13,9,12,11
81.515,16,6,8,22,1,5,1,1
81.52,52,37,42,39,3,5,6,0
81.525,89,20,8,67,5,2,7,13
81.53,8,18,26,39,19,9,2,4
81.535,11,24,43,14,11,2,2,5
81.54,22,0,3,11,17,1,2,6
81.545,33,16,24,26,16,2,4,9
81.55,2,13,8,34,17,0,2,0
81.555,4,1,45,18,11,6,2,0
81.56,13,6,56,0,5,2,5,1
81.565,11,5,67,15,7,3,7,4
81.57,12,10,19,6,17,3,16,10
81.575,1,15,81,62,15,4,4,5
81.58,21,6,7,17,6,6,5,1
81.585,5,11,35,36,8,1,1,1
81.59,16,1,5,18,14,13,14,11
81.595,0,1,9,26,7,2,3,5
81.6,16,7,45,7,4,6,12,7
81.605,7,14,0,12,18,4,10,4
81.61,4,4,10,33,5,2,6,6
81.615,3,4,81,23,6,15,4,5
81.62,13,27,64,32,13,3,1,2
81.625,18,6,53,17,5,2,4,2
81.63,3,0,13,3,0,7,1,2
81.635,13,5,8,6,4,1,1,1
81.64,2,0,6,4,6,5,4,0
81.645,1,3,10,9,2,5,8,3
81.65,5,2,0,0,3,2,5,3
81.655,1,2,31,12,1,1,1,0
81.66,4,3,25,7,2,3,1,1
81.665,1,7,37,2,3,1,8,4
81.67,2,6,12,18,5,1,2,0
81.675,9,14,18,19,7,2,6,1
81.68,5,10,5,19,12,8,10,6
81.685,0,6,25,5,2,4,2,1
81.69,3,3,6,11,8,4,5,7
81.695,5,3,8,8,4,7,4,4
81.7,3,3,3,3,1,3,4,2
81.705,1,4,8,6,4,7,0,1
81.71,2,1,6,4,1,2,2,2
81.715,4,1,2,1,4,1,3,1
81.72,1,7,10,6,1,1,0,3
81.725,10,1,7,4,1,9,4,2
81.73,1,0,5,22,13,1,1,1
81.735,4,1,9,12,2,3,0,2
81.74,8,1,6,3,1,3,2,1
81.745,1,4,14,7,1,1,4,5
81.75,2,3,19,5,2,4,5,2
81.755,14,8,4,15,1,4,1,1
81.76,4,3,5,26,3,6,8,2
81.765,0,1,2,4,1,10,3,1
81.77,3,2,23,5,2,1,1,1
81.775,12,7,16,4,5,0,5,4
81.78,3,4,19,3,3,4,6,4
81.785,2,7,34,3,3,4,3,4
81.79,2,5,7,1,5,6,6,0
81.795,3,3,13,2,2,0,3,3
81.8,0,0,4,1,7,3,7,2
81.805,2,0,9,7,9,5,8,3
81.81,2,4,14,4,4,2,3,1
81.815,2,6,25,9,1,1,2,2
81.82,1,2,35,20,3,1,1,2
81.825,2,0,1,1,4,0,0,1
81.83,4,1,9,2,2,3,0,2
81.835,7,3,3,3,0,0,2,0
81.84,4,3,10,14,4,2,6,3
81.845,3,0,4,3,8,4,7,3
81.85,10,10,0,3,8,5,8,4
81.855,20,7,2,17,7,4,4,4
81.86,18,2,20,6,2,6,2,5
81.865,26,9,20,7,3,7,0,2
81.87,16,14,23,8,1,1,5,5
81.875,0,1,18,2,3,0,2,0
81.88,14,5,3,3,0,3,4,3
81.885,14,0,18,4,8,0,8,1
81.89,0,7,26,3,12,5,6,2
81.895,14,16,38,13,10,3,4,5
81.9,1,4,35,14,9,1,0,0
81.905,8,5,8,18,4,4,8,3
81.91,16,12,18,3,3,1,0,3
81.915,8,9,42,27,3,0,8,4
81.92,35,25,8,9,9,6,8,11
81.925,2,2,3,15,10,0,6,0
81.93,15,0,13,1,3,3,3,13
81.935,31,8,19,0,2,0,4,12
81.94,46,9,31,8,7,1,1,6
81.945,4,2,23,20,8,5,10,6
81.95,1,5,8,6,1,4,2,4
81.955,14,8,6,8,5,4,2,9
81.96,25,8,10,8,1,0,0,8
81.965,33,16,17,16,12,6,8,11
81.97,18,15,16,14,10,7,4,6
81.975,4,1,2,6,1,3,2,1
81.98,27,10,17,8,6,3,6,7
81.985,20,7,6,9,3,4,4,13
81.99,18,2,10,7,2,2,2,1
81.995,55,2,3,22,7,4,3,27
82,23,14,33,20,8,3,2,6
82.005,17,4,13,20,10,1,3,2
82.01,22,2,5,3,1,6,3,2
82.015,32,6,33,3,4,1,3,5
82.02,10,2,4,8,4,1,3,11
82.025,14,1,20,2,1,3,1,23
82.03,12,0,6,16,11,10,5,8
82.035,18,11,9,11,10,6,3,3
82.04,33,10,13,11,11,8,8,8
82.045,10,13,5,9,2,2,2,1
82.05,16,8,1,6,4,1,4,1
82.055,34,0,3,15,7,12,8,9
82.06,36,8,1,21,1,6,2,7
82.065,2,3,10,3,3,3,6,6
82.07,19,7,5,1,4,9,9,12
82.075,3,1,17,0,4,2,5,10
82.08,17,4,13,10,2,2,1,0
82.085,2,1,18,8,1,7,4,2
82.09,9,8,14,9,4,6,2,2
82.095,5,4,46,6,1,0,2,5
82.1,16,13,33,5,4,8,2,0
82.105,17,9,3,4,4,4,5,2
82.11,1,7,20,5,8,2,5,4
82.115,12,5,21,1,0,5,2,0
82.12,12,2,15,11,1,6,1,1
82.125,44,12,2,10,2,3,1,8
82.13,43,5,4,6,3,2,1,4
82.135,41,34,3,12,9,9,9,9
82.14,5,11,7,12,0,2,2,2
82.145,9,1,9,8,5,1,8,5
82.15,49,12,1,3,5,5,3,16
82.155,6,7,1,8,3,2,2,11
82.16,42,32,2,0,7,6,13,10
82.165,8,6,2,4,15,1,8,10
82.17,0,2,3,6,4,3,6,4
82.175,9,11,1,2,5,2,7,6
82.18,22,17,10,7,8,1,3,3
82.185,15,3,3,0,6,10,10,3
82.19,4,8,8,1,6,0,4,7
82.195,6,9,11,10,7,2,7,8
82.2,17,17,17,23,8,6,4,0
82.205,17,10,29,12,1,4,3,11
82.21,22,28,63,107,28,16,18,33
82.215,17,1,6,18,3,2,1,3
82.22,4,0,5,1,1,3,1,2
82.225,12,34,102,72,16,10,4,2
82.23,3,12,12,78,18,14,8,8
82.235,5,34,99,96,32,17,8,7
82.24,44,33,12,34,20,13,16,10
82.245,1,1,56,8,1,5,5,4
82.25,11,6,14,24,6,2,0,2
82.255,12,25,19,55,20,21,6,10
82.26,28,23,47,75,6,9,4,19
82.265,21,41,41,76,26,29,13,18
82.27,17,8,24,21,5,5,2,5
82.275,11,8,49,5,12,7,5,15
82.28,6,50,121,115,38,18,19,11
82.285,7,11,27,33,3,1,4,8
82.29,6,10,59,78,5,4,4,8
82.295,5,20,33,82,18,14,9,9
82.3,3,4,40,46,1,1,5,5
82.305,11,21,53,62,7,6,0,1
82.31,8,17,82,76,16,4,6,5
82.315,4,25,89,91,19,8,1,3
82.32,5,13,7,27,7,5,1,1
82.325,4,2,46,24,5,2,3,6
82.33,2,7,37,42,7,1,1,1
82.335,7,11,7,33,8,1,3,5
82.34,6,4,32,52,1,1,5,5
82.345,3,8,35,59,10,5,4,3
82.35,6,4,11,6,1,2,0,3
82.355,1,5,45,2,7,5,10,4
82.36,2,14,13,13,2,0,0,9
82.365,2,4,40,51,2,8,4,4
82.37,7,1,45,19,2,7,0,3
82.375,1,7,23,40,8,11,1,5
82.38,1,13,19,24,13,12,4,4
82.385,2,6,24,56,4,4,2,3
82.39,5,18,55,38,15,7,8,6
82.395,10,20,91,97,9,7,4,0
82.4,9,13,1,62,11,11,5,5
82.405,1,1,44,21,1,1,1,0
82.41,2,0,25,3,1,4,4,2
82.415,1,4,1,47,1,4,1,3
82.42,8,19,18,50,13,9,9,2
82.425,12,10,16,33,6,3,0,6
82.43,0,7,15,29,5,8,9,4
82.435,3,14,41,84,15,10,4,4
82.44,4,11,7,25,11,11,7,3
82.445,0,11,0,25,12,11,5,1
82.45,0,9,29,22,5,4,4,3
82.455,1,8,4,78,17,9,6,5
82.46,15,39,58,101,42,28,18,15
82.465,7,1,28,48,1,5,0,1
82.47,2,1,34,26,1,1,3,1
82.475,2,0,9,1,3,1,5,2
82.48,6,2,36,40,7,6,1,0
82.485,1,2,19,16,1,5,3,3
82.49,9,8,27,54,1,5,3,1
82.495,2,9,51,28,2,0,1,3
82.5,4,1,24,73,13,1,6,6
82.505,4,9,27,60,15,7,7,6
82.51,5,4,10,1,6,6,4,2
82.515,3,6,25,19,2,1,0,2
82.52,1,14,78,73,12,7,2,1
82.525,3,5,39,42,12,9,7,7
82.53,0,7,35,19,1,2,4,3
82.535,10,17,25,47,9,5,3,4
82.54,6,16,28,20,7,5,1,2
82.545,1,1,17,42,4,2,0,2
82.55,1,5,19,16,8,1,5,4
82.555,4,12,2,9,6,5,5,5
82.56,3,10,9,9,9,4,4,3
82.565,11,19,33,46,8,2,3,4
82.57,1,4,12,6,4,2,4,1
82.575,1,2,9,29,4,2,0,3
82.58,0,1,3,33,0,3,2,1
82.585,1,3,35,41,2,3,3,2
82.59,3,6,3,30,10,7,4,6
82.595,5,7,15,4,4,3,5,2
82.6,5,3,37,32,6,6,3,1
82.605,2,7,2,20,12,14,13,5
82.61,6,6,1,2,1,5,5,1
82.615,1,3,17,7,0,2,3,2
82.62,6,0,25,16,2,2,6,2
82.625,1,1,14,0,3,1,4,3
82.63,5,1,20,24,0,0,1,2
82.635,2,0,2,18,9,8,7,1
82.64,1,0,31,1,4,7,6,1
82.645,7,3,6,20,3,2,3,0
82.65,0,1,22,28,4,4,3,3
82.655,3,3,4,19,2,3,0,0
82.66,10,16,65,7,8,10,7,4
82.665,5,5,2,12,2,0,1,2
82.67,6,2,19,11,2,4,1,2
82.675,1,6,34,2,2,2,5,3
82.68,5,21,61,58,8,4,1,2
82.685,2,11,21,4,5,6,6,3
82.69,0,4,16,10,2,3,3,2
82.695,10,13,47,69,17,9,8,4
82.7,4,1,33,5,2,3,0,2
82.705,1,8,14,29,8,5,4,1
82.71,3,10,36,27,5,2,2,2
82.715,3,3,0,22,1,1,1,0
82.72,5,9,44,40,10,5,6,1
82.725,4,7,49,22,0,2,4,2
82.73,3,8,4,20,7,0,3,2
82.735,9,16,14,55,13,9,2,0
82.74,5,8,30,31,2,3,0,0
82.745,6,5,51,51,10,0,0,0
82.75,4,4,50,21,5,4,4,1
82.755,3,12,66,76,8,7,0,1
82.76,5,18,81,36,10,3,3,3
82.765,2,6,22,57,7,8,3,3
82.77,2,6,24,11,1,0,2,4
82.775,4,5,57,48,7,11,2,3
82.78,0,4,66,34,9,7,4,2
82.785,1,3,9,16,1,3,0,1
82.79,0,1,4,6,0,2,4,2
82.795,2,4,10,25,7,9,4,0
82.8,3,9,64,33,1,4,4,0
82.805,8,16,85,73,14,12,7,5
82.81,1,7,14,13,4,3,3,2
82.815,7,12,30,21,6,4,1,1
82.82,0,4,11,7,1,0,2,3
82.825,2,0,18,28,4,2,3,3
82.83,4,11,25,80,9,2,4,6
82.835,12,23,58,99,16,9,3,8
82.84,1,5,8,14,4,0,6,0
82.845,5,11,47,29,5,7,4,2
82.85,3,1,17,12,1,3,0,1
82.855,4,12,13,47,9,0,1,0
82.86,1,11,42,63,13,6,1,3
82.865,13,6,48,16,4,2,2,1
82.87,10,5,5,32,12,1,3,3
82.875,71,28,19,10,0,2,6,8
82.88,5,1,39,2,0,3,3,4
82.885,3,14,2,9,8,7,0,3
82.89,8,7,6,24,3,1,1,0
82.895,19,6,11,40,6,3,6,4
82.9,1,1,55,4,4,1,2,2
82.905,4,5,17,5,3,4,2,1
82.91,2,5,6,12,8,0,2,2
82.915,0,3,38,11,23,0,1,0
82.92,1,5,28,26,11,8,1,0
82.925,7,9,3,16,4,0,4,2
82.93,2,2,17,4,7,10,6,1
82.935,51,1,38,15,9,1,4,13
82.94,2,7,47,16,0,4,3,3
82.945,10,4,14,8,0,0,3,5
82.95,41,7,2,2,5,7,4,15
82.955,106,29,18,18,8,9,1,13
82.96,89,17,7,24,17,15,15,27
82.965,56,55,8,20,17,18,15,34
82.97,41,1,7,7,1,0,6,2
82.975,49,6,24,18,7,7,13,17
82.98,66,15,3,7,5,5,5,19
82.985,0,15,3,15,4,6,2,4
82.99,77,19,10,24,22,15,14,18
82.995,4,10,13,10,3,1,3,4
83,1,7,2,12,4,2,4,1
83.005,4,2,10,28,3,2,6,6
83.01,3,2,18,9,2,4,1,0
83.015,18,8,3,1,3,2,6,4
83.02,4,4,1,23,1,6,4,2
83.025,9,8,4,2,2,2,5,0
83.03,2,2,1,21,10,6,2,1
83.035,14,8,4,0,7,3,2,3
83.04,0,1,6,27,9,0,1,2
83.045,6,1,10,25,1,1,1,2
83.05,9,1,6,1,5,2,1,2
83.055,6,3,22,5,5,7,7,7
83.06,13,1,4,14,1,3,3,1
83.065,34,1,11,16,0,6,3,3
83.07,2,1,1,3,3,3,2,2
83.075,14,1,1,1,2,6,2,1
83.08,17,6,11,5,10,15,9,7
83.085,3,2,15,5,4,4,4,4
83.09,6,3,3,9,5,1,0,5
83.095,2,8,8,12,8,5,4,2
83.1,4,5,30,10,0,1,3,3
83.105,10,1,21,6,2,0,1,4
83.11,15,23,25,89,17,8,2,6
83.115,0,1,14,7,3,1,1,0
83.12,6,0,3,3,3,2,2,2
83.125,11,13,30,40,10,4,6,0
83.13,2,2,12,25,1,0,2,3
83.135,16,4,2,24,11,5,6,3
83.14,8,2,6,3,6,1,2,11
83.145,16,5,0,0,3,1,2,6
83.15,50,17,17,29,17,14,13,15
83.155,3,9,23,25,13,8,5,6
83.16,95,28,27,6,6,9,10,4
83.165,34,21,6,10,2,8,11,75
83.17,6,12,4,2,3,2,2,4
83.175,36,15,19,12,8,8,8,5
83.18,40,22,7,11,4,2,8,14
83.185,4,1,4,1,7,2,2,19
83.19,8,5,16,9,4,2,1,4
83.195,7,9,18,4,7,4,6,7
83.2,8,5,4,13,7,0,2,1
83.205,0,3,9,1,0,4,2,11
83.21,5,2,1,4,4,7,7,10
83.215,9,2,2,10,2,2,0,3
83.22,6,9,9,34,18,0,1,2
83.225,11,6,9,17,8,4,4,8
83.23,14,10,22,4,3,6,5,2
83.235,7,2,7,10,7,4,4,8
83.24,62,24,24,24,26,6,8,9
83.245,14,3,3,30,29,9,3,3
83.25,62,21,8,1,10,14,15,34
83.255,37,11,1,2,7,1,0,9
83.26,14,6,7,0,0,4,1,0
83.265,47,10,2,5,10,7,4,19
83.27,39,17,2,5,1,6,3,12
83.275,38,0,3,1,15,8,7,11
83.28,2,8,4,4,8,2,3,4
83.285,4,10,5,1,1,1,2,5
83.29,6,5,4,14,2,1,4,0
83.295,16,3,5,31,9,5,2,3
83.3,11,4,1,12,8,1,5,2
83.305,15,4,21,6,0,10,4,6
83.31,2,6,21,2,2,1,2,0
83.315,30,2,13,7,6,0,1,6
83.32,22,1,1,3,1,3,3,0
83.325,98,24,11,14,16,3,4,12
83.33,14,5,2,3,3,1,2,1
83.335,6,2,3,5,5,3,8,13
83.34,17,2,1,4,8,2,2,10
83.345,14,1,10,0,2,2,8,13
83.35,36,17,14,9,3,9,8,13
83.355,8,4,29,5,1,1,0,0
83.36,6,0,0,9,0,0,1,0
83.365,34,3,20,3,2,1,4,21
83.37,8,4,4,7,3,4,3,4
83.375,11,5,4,13,1,4,1,7
83.38,31,15,4,5,5,5,6,8
83.385,9,1,23,3,1,6,2,3
83.39,11,2,4,2,9,2,5,4
83.395,60,19,11,12,4,0,3,4
83.4,77,10,6,25,18,1,1,4
83.405,7,3,16,0,3,7,0,8
83.41,18,3,16,8,3,5,1,1
83.415,0,0,7,4,1,2,3,1
83.42,29,8,2,0,2,2,3,4
83.425,7,2,1,3,0,2,2,5
83.43,19,3,4,11,3,1,2,4
83.435,2,4,0,12,7,7,6,10
83.44,7,4,3,3,4,2,2,7
83.445,5,0,3,2,8,5,5,4
83.45,7,1,3,2,1,3,2,4
83.455,9,9,4,9,0,1,0,2
83.46,11,2,4,6,8,7,4,8
83.465,6,3,3,3,1,3,2,1
83.47,2,2,10,8,4,4,2,1
83.475,15,4,5,10,4,2,0,2
83.48,19,4,5,5,0,3,1,1
83.485,8,5,8,6,4,8,3,3
83.49,22,6,19,1,1,2,5,3
83.495,5,4,2,2,6,6,3,3
83.5,20,7,7,17,15,0,0,1
83.505,43,9,7,30,26,7,6,3
83.51,4,6,8,8,2,3,1,3
83.515,25,2,7,3,3,4,0,4
83.52,10,5,7,0,1,3,3,1
83.525,23,9,3,14,6,4,6,15
83.53,26,10,2,1,0,7,10,28
83.535,71,20,7,3,3,3,9,22
83.54,3,5,1,1,6,10,17,24
83.545,23,0,1,3,1,2,4,3
83.55,46,10,6,2,4,3,1,12
83.555,66,15,5,2,3,1,5,11
83.56,33,6,2,9,8,3,2,5
83.565,10,11,3,5,2,9,0,9
83.57,8,1,1,4,3,5,1,0
83.575,38,0,4,2,3,3,0,3
83.58,3,0,1,6,0,2,1,3
83.585,2,4,3,1,6,2,6,3
83.59,1,4,7,10,5,9,3,3
83.595,20,1,1,7,12,1,0,1
83.6,33,9,16,2,2,6,3,3
83.605,18,7,2,6,6,3,0,3
83.61,24,7,8,3,3,0,5,13
83.615,20,6,11,3,2,10,1,2
83.62,13,1,30,1,1,3,4,9
83.625,8,2,2,1,1,0,1,5
83.63,7,4,1,3,0,1,4,7
83.635,2,8,4,1,3,2,2,1
83.64,15,7,0,0,2,3,1,0
83.645,20,4,3,2,0,1,4,8
83.65,3,8,1,3,2,2,1,2
83.655,8,7,6,4,0,8,0,4
83.66,7,12,6,6,4,0,0,1
83.665,13,6,4,1,1,3,1,15
83.67,47,7,6,2,4,4,8,39
83.675,6,1,4,5,3,6,1,3
83.68,10,2,13,6,8,6,5,7
83.685,11,1,7,13,7,8,2,1
83.69,3,4,5,4,2,1,1,8
83.695,5,4,1,13,4,5,4,2
83.7,0,3,13,3,0,2,1,4
83.705,2,4,6,1,2,1,1,1
83.71,4,2,1,5,2,3,1,2
83.715,8,8,6,5,1,1,2,4
83.72,4,9,3,3,1,3,3,6
83.725,8,5,1,1,2,1,2,4
83.73,4,2,10,11,7,7,7,2
83.735,3,2,24,3,1,1,0,1
83.74,0,4,11,3,2,3,5,2
83.745,3,10,21,1,5,3,2,3
83.75,5,3,9,4,6,2,3,3
83.755,11,2,4,10,3,5,3,1
83.76,5,0,1,7,3,2,3,0
83.765,2,0,1,3,7,11,1,4
83.77,54,5,7,5,6,0,1,2
83.775,1,4,1,1,0,0,0,1
83.78,0,7,6,1,3,1,1,2
83.785,8,4,4,5,0,4,1,1
83.79,19,1,7,4,0,2,0,4
83.795,1,2,8,15,16,11,2,1
83.8,28,1,2,1,2,10,1,7
83.805,8,8,3,6,1,2,0,4
83.81,8,6,3,3,8,7,4,3
83.815,7,2,4,0,2,7,1,0
83.82,15,2,7,4,5,2,3,2
83.825,3,1,1,0,3,7,3,1
83.83,7,0,3,2,1,1,1,15
83.835,8,5,16,5,0,1,4,32
83.84,2,1,5,4,2,0,1,1
83.845,13,5,3,2,1,1,1,3
83.85,9,7,3,2,3,1,1,0
83.855,3,3,1,4,6,4,5,11
83.86,0,5,11,6,3,5,5,1
83.865,6,7,4,2,0,1,1,6
83.87,8,8,1,2,0,2,1,1
83.875,6,1,7,7,4,5,5,0
83.88,3,11,13,16,17,2,3,4
83.885,2,1,9,1,4,8,4,6
83.89,1,1,20,7,1,11,3,4
83.895,6,1,1,10,7,5,6,1
83.9,6,4,7,4,0,1,3,2
83.905,2,5,3,2,5,3,6,0
83.91,1,2,6,3,4,0,2,3
83.915,8,8,12,14,7,8,6,4
83.92,8,6,4,8,6,3,3,0
83.925,12,5,1,9,5,8,2,2
83.93,6,6,3,0,1,0,1,5
83.935,3,6,0,2,2,2,1,6
83.94,1,3,1,8,1,1,2,1
83.945,12,4,11,2,6,7,3,2
83.95,6,3,11,1,2,3,4,1
83.955,24,10,2,3,8,5,3,1
83.96,1,7,4,8,1,5,1,2
83.965,4,3,0,0,1,5,1,5
83.97,7,3,4,7,4,1,0,4
83.975,1,4,3,13,5,6,4,1
83.98,5,2,2,4,1,1,2,0
83.985,4,9,9,7,6,3,6,4
83.99,3,1,2,3,4,2,1,0
83.995,4,8,7,9,4,5,4,2
84,3,3,0,9,1,3,0,1
84.005,1,3,9,6,1,0,1,2
84.01,1,2,1,6,9,3,4,1
84.015,2,2,3,1,2,7,5,0
84.02,4,1,1,7,8,4,4,2
84.025,6,2,0,2,4,3,2,1
84.03,7,2,2,1,5,3,2,2
84.035,2,3,2,3,3,3,4,1
84.04,3,3,5,2,3,4,5,3
84.045,3,2,13,4,3,5,0,1
84.05,15,1,6,0,2,3,1,2
84.055,2,2,3,4,1,2,0,1
84.06,4,1,1,2,1,2,2,4
84.065,3,2,5,6,1,1,1,2
84.07,1,3,6,5,4,4,3,1
84.075,4,1,2,1,3,7,0,0
84.08,10,2,1,3,1,1,2,0
84.085,44,10,1,2,3,1,2,2
84.09,5,3,3,4,2,0,0,2
84.095,1,2,1,1,1,9,2,1
84.1,4,0,1,3,0,2,1,1
84.105,15,5,3,9,5,2,2,2
84.11,10,3,6,20,14,0,2,0
84.115,9,11,1,3,1,2,1,3
84.12,4,3,5,3,4,2,3,1
84.125,5,2,0,5,0,3,6,5
84.13,1,0,2,4,2,1,0,1
84.135,1,0,2,3,1,11,8,1
84.14,1,3,1,1,1,6,3,3
84.145,0,2,5,7,2,0,3,5
84.15,1,2,5,2,2,5,1,1
84.155,0,1,17,2,2,8,4,3
84.16,7,7,4,1,5,3,2,1
84.165,10,1,1,3,2,1,3,3
84.17,7,0,2,1,3,3,0,2
84.175,0,3,1,5,5,3,2,1
84.18,4,0,5,7,8,2,0,0
84.185,7,2,12,1,5,8,6,3
84.19,1,2,0,14,2,0,1,1
84.195,5,2,4,2,4,1,4,3
84.2,6,1,3,3,3,0,3,1
84.205,4,3,8,7,8,7,5,3
84.21,5,6,4,2,2,2,1,1
84.215,3,3,1,5,5,4,6,3
84.22,2,2,3,2,2,1,0,1
84.225,5,3,2,1,3,1,1,1
84.23,1,1,2,4,3,6,2,1
84.235,1,4,4,5,3,1,2,2
84.24,3,6,2,3,0,4,1,1
84.245,6,2,1,6,3,1,1,2
84.25,3,2,2,1,2,3,3,4
84.255,2,0,1,2,5,5,2,1
84.26,2,2,1,0,2,1,3,2
84.265,1,3,7,0,3,5,4,3
84.27,10,3,5,7,3,4,4,1
84.275,3,2,5,8,0,3,1,0
84.28,12,10,8,4,1,3,2,1
84.285,1,3,4,3,2,6,3,1
84.29,1,1,2,2,0,1,2,4
84.295,7,1,9,1,1,1,2,2
84.3,1,0,2,2,0,3,1,2
84.305,2,2,10,6,5,2,2,2
84.31,1,5,10,3,1,3,2,2
84.315,1,1,1,4,4,0,2,2
84.32,15,3,1,0,0,2,0,9
84.325,3,14,5,8,8,11,7,5
84.33,2,1,3,2,1,2,0,2
84.335,6,1,4,4,5,7,4,2
84.34,4,1,3,0,1,1,1,4
84.345,4,9,10,8,1,5,0,5
84.35,11,1,16,15,2,1,3,16
84.355,27,9,25,3,7,8,9,34
84.36,4,3,1,7,0,4,2,1
84.365,4,3,5,1,4,8,5,2
84.37,2,4,10,8,2,2,0,2
84.375,5,10,3,27,5,5,2,15
84.38,27,11,19,41,3,4,0,1
84.385,42,26,1,45,16,17,11,19
84.39,6,13,39,39,8,8,2,10
84.395,2,8,20,4,5,4,2,11
84.4,17,25,56,90,18,15,9,15
84.405,34,25,20,35,8,20,11,35
84.41,64,59,88,90,41,37,30,46
84.415,2,1,76,84,12,8,6,21
84.42,3,17,47,24,13,0,9,16
84.425,10,25,26,46,17,13,2,11
84.43,12,24,23,82,21,20,3,3
84.435,4,1,5,11,11,13,3,2
84.44,11,27,74,57,22,10,4,3
84.445,11,5,39,1,7,10,6,5
84.45,4,13,3,52,10,3,6,24
84.455,3,36,55,97,16,22,1,22
84.46,35,38,91,90,26,25,12,8
84.465,84,25,58,42,25,20,15,45
84.47,23,21,127,82,18,14,10,18
84.475,19,54,114,82,29,29,9,7
84.48,11,16,86,51,4,4,1,6
84.485,32,32,31,81,30,18,8,14
84.49,13,19,69,75,9,3,4,1
84.495,7,16,94,27,9,15,12,16
84.5,7,2,18,35,6,1,4,9
84.505,20,16,101,45,8,1,2,4
84.51,12,22,46,45,11,7,6,6
84.515,3,14,30,38,10,13,2,3
84.52,97,94,87,128,64,54,38,52
84.525,53,38,105,127,38,14,15,8
84.53,1,3,32,75,18,3,2,8
84.535,27,26,52,26,3,0,3,7
84.54,13,16,38,24,12,2,6,3
84.545,14,1,30,31,3,5,5,6
84.55,2,3,26,26,2,6,4,2
84.555,3,18,47,64,21,6,8,12
84.56,0,24,26,54,17,15,5,5
84.565,4,12,17,20,10,9,4,3
84.57,8,12,28,44,15,13,12,11
84.575,23,27,11,37,24,19,6,11
84.58,11,12,60,58,10,1,3,0
84.585,4,14,27,41,14,2,5,0
84.59,2,10,27,62,16,2,1,1
84.595,2,3,9,14,13,1,1,0
84.6,4,4,41,46,2,4,0,0
84.605,3,9,46,53,12,5,1,5
84.61,20,21,47,67,27,7,9,9
84.615,3,18,59,23,2,9,1,2
84.62,12,4,4,64,2,8,0,2
84.625,9,7,10,6,9,5,2,0
84.63,23,1,7,7,23,2,1,3
84.635,55,5,25,11,11,2,5,7
84.64,1,4,23,91,14,6,6,4
84.645,9,28,87,98,27,22,12,6
84.65,5,3,5,9,10,3,2,5
84.655,40,23,57,21,16,6,10,8
84.66,3,10,21,12,4,7,5,5
84.665,1,10,40,36,6,2,5,2
84.67,10,5,25,53,9,11,18,10
84.675,21,20,63,35,21,16,46,14
84.68,56,33,18,51,30,21,26,26
84.685,107,29,38,13,18,14,4,18
84.69,57,24,67,6,50,24,22,12
84.695,80,48,25,3,0,20,7,48
84.7,17,4,20,41,13,18,8,34
84.705,49,4,10,29,12,11,21,30
84.71,127,82,62,29,82,66,57,87
84.715,127,97,49,14,14,22,17,127
84.72,114,102,70,2,59,55,71,67
84.725,57,54,106,38,6,37,30,14
84.73,77,6,87,13,11,15,24,105
84.735,96,64,31,2,83,45,55,84
84.74,24,36,17,23,19,17,11,80
84.745,19,5,19,74,86,17,17,73
84.75,128,128,84,31,15,40,52,20
84.755,21,9,58,19,0,44,44,91
84.76,114,112,47,10,113,27,26,83
84.765,84,68,20,64,54,33,81,127
84.77,76,32,38,60,5,3,2,13
84.775,70,67,35,77,50,10,14,100
84.78,91,58,53,42,1,50,60,114
84.785,100,17,20,56,56,13,25,4
84.79,111,16,43,52,26,32,36,59
84.795,53,40,8,20,15,19,19,108
84.8,17,45,27,60,22,27,20,76
84.805,63,14,12,67,14,7,23,27
84.81,128,46,12,10,1,15,13,35
84.815,4,24,13,9,12,6,2,12
84.82,2,38,22,8,16,17,22,10
84.825,79,14,39,14,19,1,11,6
84.83,18,28,33,4,25,0,6,126
84.835,98,44,28,20,30,21,47,127
84.84,72,17,2,13,8,10,39,127
84.845,29,0,22,25,2,8,12,4
84.85,28,33,11,33,27,7,7,47
84.855,94,1,41,29,20,15,22,31
84.86,99,39,33,23,41,19,62,111
84.865,32,65,109,61,78,0,10,80
84.87,34,10,64,27,6,7,5,48
84.875,37,19,7,25,5,7,14,64
84.88,5,77,80,8,1,2,17,34
84.885,13,15,32,15,18,1,22,36
84.89,48,47,31,13,21,0,20,29
84.895,106,50,21,6,12,0,20,98
84.9,28,108,27,10,32,9,9,42
84.905,15,26,47,5,35,4,14,47
84.91,31,116,42,10,36,11,33,86
84.915,39,24,4,26,10,3,13,128
84.92,103,126,12,32,45,2,5,98
84.925,59,6,14,12,75,8,26,74
84.93,3,34,106,9,57,10,22,94
84.935,33,16,9,34,16,8,10,73
84.94,102,9,46,76,38,20,44,127
84.945,48,49,10,17,13,26,69,128
84.95,125,44,16,13,22,15,27,127
84.955,128,17,40,13,10,22,43,107
84.96,117,66,27,35,27,24,46,107
84.965,89,94,1,8,29,5,10,18
84.97,77,39,24,3,18,7,15,18
84.975,40,36,20,7,12,11,14,56
84.98,15,16,24,11,6,6,3,36
84.985,85,40,19,5,9,16,29,17
84.99,100,15,1,21,7,7,13,18
84.995,127,66,48,19,35,18,20,86
85,122,53,60,66,82,21,14,41
85.005,122,34,17,2,32,5,19,9
85.01,11,20,13,17,19,16,20,18
85.015,45,27,12,12,26,6,14,47
85.02,16,19,12,30,5,1,11,0
85.025,4,46,14,12,8,7,16,56
85.03,41,42,0,38,20,18,51,123
85.035,0,51,1,2,32,3,19,75
85.04,42,43,7,6,0,9,23,66
85.045,87,31,7,3,19,1,12,72
85.05,31,9,22,9,3,5,33,2
85.055,20,32,16,33,28,17,29,39
85.06,94,15,25,4,4,14,8,9
85.065,128,18,52,34,19,21,44,100
85.07,80,9,18,27,17,2,3,44
85.075,1,39,11,2,3,13,45,69
85.08,51,1,12,5,3,5,11,3
85.085,22,14,20,11,10,16,31,36
85.09,45,18,20,9,18,7,7,12
85.095,39,31,21,6,14,8,6,33
85.1,0,13,52,15,15,8,26,26
85.105,42,58,15,40,31,39,62,54
85.11,65,33,84,100,21,17,54,3
85.115,29,45,95,94,32,18,0,56
85.12,16,23,16,18,14,25,37,93
85.125,84,72,82,10,30,60,106,102
85.13,66,10,32,8,1,4,64,40
85.135,11,38,90,72,6,7,33,20
85.14,33,2,42,6,1,17,26,52
85.145,17,18,28,20,12,14,42,41
85.15,6,29,40,58,21,24,79,71
85.155,31,9,43,6,4,12,16,14
85.16,44,8,21,10,3,10,3,32
85.165,11,12,28,51,24,28,35,27
85.17,22,35,42,52,10,11,6,13
85.175,33,29,61,44,22,18,13,15
85.18,6,13,28,47,13,16,11,19
85.185,9,8,33,16,7,13,4,1
85.19,21,16,74,41,22,2,2,15
85.195,3,37,65,41,14,15,10,22
85.2,17,14,11,30,9,7,26,31
85.205,16,8,2,14,0,2,18,1
85.21,24,20,31,50,12,13,2,9
85.215,2,7,36,16,4,3,1,19
85.22,7,4,53,7,2,3,9,20
85.225,29,5,67,3,6,1,3,4
85.23,12,13,42,3,1,2,1,4
85.235,2,13,12,4,1,8,3,11
85.24,19,5,26,12,3,9,2,15
85.245,1,4,22,4,4,4,3,1
85.25,22,19,35,60,21,13,9,11
85.255,24,6,28,71,8,4,8,2
85.26,12,10,45,50,21,3,22,3
85.265,56,67,83,92,46,34,59,42
85.27,42,24,75,81,12,16,3,8
85.275,43,4,9,4,7,9,6,7
85.28,28,8,80,59,11,2,6,1
85.285,19,18,32,51,15,14,18,11
85.29,20,14,49,98,11,4,2,4
85.295,18,30,88,127,25,16,5,8
85.3,40,39,83,112,42,34,20,20
85.305,9,8,1,4,1,2,4,3
85.31,2,10,8,7,3,13,6,6
85.315,7,4,36,1,4,5,1,7
85.32,0,9,32,50,5,4,7,13
85.325,6,4,8,4,3,5,6,7
85.33,9,12,53,22,1,0,3,4
85.335,0,5,20,15,12,5,3,6
85.34,12,8,13,31,3,9,6,8
85.345,5,1,11,12,2,1,1,3
85.35,6,1,30,48,7,1,1,0
85.355,1,4,19,16,2,5,2,3
85.36,7,19,25,14,11,6,0,3
85.365,5,8,22,20,8,10,4,2
85.37,4,6,37,33,12,10,1,7
85.375,15,4,1,12,6,5,4,1
85.38,10,16,52,0,3,1,2,10
85.385,10,8,26,2,7,3,2,6
85.39,2,26,110,97,16,10,4,4
85.395,8,35,97,109,34,16,12,5
85.4,22,18,52,1,3,3,6,2
85.405,30,17,22,27,0,4,3,8
85.41,5,4,20,5,5,2,5,20
85.415,22,27,55,52,18,8,10,11
85.42,4,9,45,5,3,2,3,0
85.425,11,1,25,10,3,4,2,2
85.43,6,13,27,14,2,0,2,6
85.435,11,19,17,5,3,4,0,1
85.44,3,25,26,61,11,11,13,9
85.445,3,6,73,32,12,9,3,9
85.45,3,8,17,33,15,7,2,2
85.455,1,16,45,2,18,9,5,9
85.46,4,29,58,52,15,11,7,5
85.465,7,22,72,26,5,6,3,3
85.47,3,14,35,50,13,10,5,1
85.475,10,7,32,10,16,12,5,16
85.48,20,14,29,40,12,12,8,9
85.485,12,21,25,3,1,1,1,0
85.49,10,18,86,24,6,1,1,10
85.495,20,13,4,20,1,1,3,3
85.5,27,26,2,69,19,16,11,42
85.505,13,13,39,24,8,4,8,4
85.51,6,12,61,13,3,4,1,3
85.515,8,2,23,4,2,1,2,3
85.52,4,11,4,25,0,0,2,8
85.525,4,11,8,17,1,4,2,7
85.53,31,9,43,45,9,10,5,32
85.535,20,13,40,0,6,8,0,0
85.54,8,9,48,66,16,9,4,10
85.545,1,0,11,43,14,0,3,6
85.55,1,8,40,16,4,5,0,8
85.555,2,16,41,17,3,0,5,6
85.56,6,9,84,15,2,9,6,4
85.565,12,7,22,80,8,7,5,5
85.57,7,28,87,62,10,10,5,1
85.575,11,7,2,13,2,5,4,0
85.58,29,16,64,45,11,5,1,13
85.585,9,7,36,16,4,4,5,9
85.59,39,25,48,5,27,4,3,5
85.595,14,9,39,41,1,2,0,4
85.6,8,21,67,53,15,4,5,9
85.605,14,21,45,91,16,16,9,7
85.61,21,13,28,26,7,4,0,5
85.615,12,3,32,13,8,0,2,3
85.62,16,2,14,7,3,1,3,1
85.625,43,3,5,19,1,0,5,6
85.63,18,15,28,3,11,10,6,7
85.635,23,11,6,13,5,4,5,5
85.64,18,1,6,65,7,2,1,0
85.645,0,7,11,18,3,8,6,9
85.65,12,3,36,21,0,3,6,0
85.655,21,23,13,1,6,4,6,5
85.66,45,1,92,121,40,16,13,5
85.665,51,52,109,87,61,28,11,49
85.67,93,3,15,52,13,14,7,11
85.675,107,20,36,52,3,0,16,20
85.68,91,37,6,0,11,33,29,67
85.685,63,12,31,3,15,1,6,9
85.69,82,8,21,3,16,4,11,24
85.695,79,28,4,16,4,8,7,21
85.7,69,49,12,29,6,13,11,36
85.705,36,9,8,18,8,3,0,19
85.71,46,3,42,52,38,14,16,17
85.715,27,30,19,13,8,3,4,18
85.72,8,33,6,14,7,3,3,2
85.725,85,50,36,30,23,2,22,14
85.73,61,17,0,16,18,12,29,43
85.735,41,44,46,9,16,5,10,67
85.74,25,78,7,8,52,20,83,88
85.745,61,41,19,2,9,6,2,63
85.75,55,12,44,6,13,4,6,36
85.755,32,15,24,18,1,10,44,108
85.76,22,26,65,70,7,3,10,11
85.765,78,20,47,54,12,6,26,17
85.77,128,24,29,81,31,9,1,39
85.775,104,56,32,20,14,10,17,33
85.78,8,11,42,12,27,22,42,53
85.785,64,4,48,41,16,3,0,45
85.79,69,83,48,20,6,9,25,109
85.795,97,27,24,3,17,12,21,18
85.8,76,17,63,8,7,11,13,77
85.805,64,22,93,36,2,2,10,0
85.81,90,13,26,17,30,9,9,3
85.815,37,31,31,81,16,20,39,46
85.82,35,26,12,9,23,4,33,65
85.825,9,17,41,53,28,21,32,97
85.83,64,66,12,21,15,2,20,31
85.835,69,8,4,33,2,19,11,5
85.84,127,28,91,36,17,5,9,36
85.845,0,22,9,2,21,10,16,54
85.85,17,42,30,17,14,15,12,60
85.855,76,16,13,29,32,7,36,51
85.86,37,4,48,25,11,17,62,127
85.865,13,53,54,16,76,26,5,81
85.87,85,72,101,11,88,53,84,100
85.875,89,103,103,24,36,3,24,44
85.88,128,91,75,30,75,3,26,108
85.885,19,62,114,1,43,3,18,25
85.89,127,12,13,26,20,22,38,38
85.895,9,68,102,20,25,29,20,21
85.9,95,39,0,31,46,51,94,77
85.905,124,14,45,4,7,1,16,51
85.91,40,7,72,12,7,2,20,19
85.915,69,57,5,9,4,5,18,68
85.92,60,55,33,18,28,21,19,57
85.925,128,104,47,17,28,18,27,4
85.93,113,127,20,16,19,6,25,95
85.935,37,84,5,29,8,5,9,128
85.94,8,28,1,33,5,11,28,87
85.945,97,16,69,21,23,1,7,74
85.95,7,15,68,43,29,31,13,25
85.955,72,28,10,24,57,17,15,6
85.96,84,12,71,4,21,27,54,78
85.965,8,99,15,24,0,10,9,1
85.97,118,38,36,3,25,18,58,127
85.975,66,13,31,24,21,3,22,54
85.98,31,31,10,17,4,2,7,17
85.985,92,42,17,18,6,3,16,19
85.99,121,10,44,15,18,16,7,42
85.995,104,34,7,28,11,14,19,13
86,71,82,18,15,9,32,51,127
86.005,98,5,28,50,19,50,96,72
86.01,43,22,31,27,10,5,3,95
86.015,31,27,28,0,0,32,16,29
86.02,127,25,8,12,14,19,42,109
86.025,12,8,35,40,1,21,29,65
86.03,25,8,24,21,6,9,17,37
86.035,25,5,1,28,23,4,19,62
86.04,67,41,39,27,4,9,17,16
86.045,63,25,41,4,8,4,11,13
86.05,71,45,26,2,24,7,18,82
86.055,11,65,10,3,2,6,5,15
86.06,24,12,21,4,4,6,6,4
86.065,37,8,7,0,15,6,10,19
86.07,13,5,16,15,12,3,15,45
86.075,61,12,3,12,2,6,31,124
86.08,43,12,15,27,15,5,6,2
86.085,26,42,14,8,11,4,10,29
86.09,37,10,15,17,9,6,14,17
86.095,5,8,4,10,8,12,5,2
86.1,7,11,3,4,1,1,1,2
86.105,46,4,11,5,8,4,11,3
86.11,69,16,12,3,3,1,20,6
86.115,27,17,8,15,15,3,10,22
86.12,3,2,13,5,11,0,3,19
86.125,6,1,4,2,8,2,9,6
86.13,23,12,7,4,2,1,12,9
86.135,14,7,7,1,2,3,0,27
86.14,17,14,3,4,6,6,12,22
86.145,5,7,20,5,4,1,6,20
86.15,4,52,46,13,5,0,8,19
86.155,13,11,6,7,8,2,1,2
86.16,8,0,6,3,4,2,5,9
86.165,19,7,8,1,4,7,7,17
86.17,13,14,19,16,13,8,11,2
86.175,2,2,11,0,5,2,2,12
86.18,0,6,44,9,10,5,13,11
86.185,3,16,1,4,5,11,13,5
86.19,2,5,15,1,3,4,0,7
86.195,25,2,7,3,7,9,18,14
86.2,27,4,13,6,4,0,4,1
86.205,29,11,13,19,12,16,24,7
86.21,19,14,18,25,1,0,3,4
86.215,9,15,9,33,6,3,20,6
86.22,62,49,90,66,26,26,29,40
86.225,5,11,0,9,1,4,12,7
86.23,67,22,67,49,7,7,23,29
86.235,16,2,45,50,6,0,38,1
86.24,49,6,12,6,2,19,67,32
86.245,32,4,25,23,14,2,21,16
86.25,69,54,112,116,58,25,19,1
86.255,27,34,81,119,42,27,25,36
86.26,22,17,1,31,23,28,47,7
86.265,27,59,84,81,58,35,38,10
86.27,10,6,43,24,3,10,1,19
86.275,8,20,23,20,11,10,2,11
86.28,30,33,127,127,29,13,0,25
86.285,40,46,42,67,41,31,42,1
86.29,53,102,120,118,98,67,76,64
86.295,4,2,40,64,15,8,0,14
86.3,29,57,61,99,42,33,31,35
86.305,11,22,91,110,14,15,11,24
86.31,0,50,50,18,47,27,14,28
86.315,44,76,75,102,67,48,34,17
86.32,60,26,60,8,29,25,39,2
86.325,38,10,49,2,4,3,16,9
86.33,25,29,127,62,23,13,24,43
86.335,59,7,64,73,13,12,22,7
86.34,20,24,25,23,22,17,14,24
86.345,7,34,54,58,22,12,5,18
86.35,47,29,51,24,21,18,2,5
86.355,22,7,22,24,9,1,11,10
86.36,21,6,6,11,2,3,4,8
86.365,14,4,38,20,6,13,13,9
86.37,5,19,16,7,16,14,13,6
86.375,3,39,97,110,21,7,17,17
86.38,4,15,18,4,6,8,15,6
86.385,19,26,2,55,12,9,21,6
86.39,12,11,91,27,2,4,9,6
86.395,4,33,11,18,16,10,2,12
86.4,6,5,46,12,7,3,1,1
86.405,5,56,47,47,16,13,7,12
86.41,3,39,5,3,8,0,0,13
86.415,2,2,43,13,7,4,5,8
86.42,5,22,71,95,10,7,11,14
86.425,9,21,24,43,18,13,13,4
86.43,0,2,8,46,0,3,7,11
86.435,3,13,18,10,4,0,5,2
86.44,4,1,26,15,6,7,5,3
86.445,2,8,25,5,7,2,3,1
86.45,2,12,17,19,7,3,0,4
86.455,4,7,11,15,2,1,3,1
86.46,1,4,17,34,6,5,2,0
86.465,8,7,13,71,12,12,10,6
86.47,0,3,34,20,4,2,2,1
86.475,3,8,25,15,3,1,3,2
86.48,0,7,9,13,0,1,2,3
86.485,3,0,35,18,1,3,5,0
86.49,5,1,38,2,3,2,0,2
86.495,4,9,25,1,4,2,1,4
86.5,1,2,12,6,3,2,2,1
86.505,3,1,2,14,0,0,2,4
86.51,12,13,21,5,5,4,4,1
86.515,33,20,90,14,5,8,13,16
86.52,4,9,17,32,8,2,4,6
86.525,4,4,25,1,1,5,3,2
86.53,6,2,7,21,4,0,3,2
86.535,4,14,24,0,4,2,1,0
86.54,0,1,23,5,1,4,3,0
86.545,1,8,59,38,2,0,3,14
86.55,23,7,6,12,5,5,4,41
86.555,14,8,9,7,7,2,2,6
86.56,9,10,4,46,14,1,8,2
86.565,3,5,43,25,0,4,3,1
86.57,5,1,4,25,1,1,2,2
86.575,4,3,13,14,7,12,9,1
86.58,4,4,0,3,11,5,1,1
86.585,0,0,18,5,0,0,5,2
86.59,12,6,20,18,6,2,5,3
86.595,28,4,26,2,1,9,7,11
86.6,16,4,19,2,3,4,2,1
86.605,33,5,1,23,9,3,2,8
86.61,11,21,24,3,1,1,2,7
86.615,29,8,37,12,3,2,1,1
86.62,3,2,32,2,0,3,1,2
86.625,0,6,5,14,4,3,5,1
86.63,5,2,27,47,7,7,3,3
86.635,10,0,30,36,4,7,4,1
86.64,4,3,16,11,6,9,1,0
86.645,3,2,5,1,2,1,3,3
86.65,6,2,16,9,4,6,1,6
86.655,1,8,20,26,20,1,4,2
86.66,12,2,9,26,11,6,1,3
86.665,1,0,26,31,2,8,2,0
86.67,1,14,42,56,1,2,3,1
86.675,17,6,13,15,6,2,0,2
86.68,6,4,0,14,7,5,8,2
86.685,16,16,46,4,10,1,9,12
86.69,33,12,8,12,0,2,1,8
86.695,2,6,1,27,2,9,1,2
86.7,1,5,15,8,9,10,10,6
86.705,27,1,7,3,4,3,3,8
86.71,25,6,15,10,1,2,3,9
86.715,7,2,5,24,17,1,7,1
86.72,46,6,11,9,4,0,3,11
86.725,3,6,21,18,5,4,9,5
86.73,4,6,26,48,9,3,11,38
86.735,78,23,20,49,21,24,39,112
86.74,84,10,23,20,7,9,17,34
86.745,94,21,4,19,17,32,52,98
86.75,115,68,14,20,6,46,65,125
86.755,77,44,36,56,31,1,13,8
86.76,98,4,41,30,15,24,74,122
86.765,127,27,10,30,2,56,55,23
86.77,70,40,34,35,7,8,13,120
86.775,128,62,18,7,40,116,128,128
86.78,96,69,21,41,23,33,16,35
86.785,94,34,50,5,15,26,77,125
86.79,19,8,13,66,18,27,5,89
86.795,58,57,4,45,27,78,84,127
86.8,115,19,78,59,69,31,18,71
86.805,30,36,3,51,10,35,50,39
86.81,17,24,91,14,0,8,34,33
86.815,23,5,42,36,19,5,21,128
86.82,9,89,21,40,7,10,4,72
86.825,38,39,2,22,3,8,16,106
86.83,94,37,18,11,8,14,50,127
86.835,20,50,32,36,18,22,34,7
86.84,28,14,12,11,10,2,1,26
86.845,20,33,73,22,14,7,18,83
86.85,75,81,35,14,8,19,21,107
86.855,23,25,51,20,5,17,21,44
86.86,56,28,9,12,5,5,17,20
86.865,113,25,41,28,0,29,55,78
86.87,41,7,13,10,22,3,31,77
86.875,30,95,57,42,5,5,23,51
86.88,24,24,67,43,20,7,42,41
86.885,75,41,12,15,14,11,14,29
86.89,95,24,14,27,11,19,19,20
86.895,121,13,74,1,15,8,14,33
86.9,102,20,42,2,26,5,6,8
86.905,32,41,29,5,76,7,1,93
86.91,116,95,4,2,10,4,3,50
86.915,16,24,54,8,3,8,9,8
86.92,100,61,31,2,20,27,75,105
86.925,57,15,24,28,18,1,2,72
86.93,95,100,33,15,15,15,19,72
86.935,127,101,31,9,8,4,16,36
86.94,33,54,50,16,15,16,29,61
86.945,48,77,8,21,21,24,34,57
86.95,77,16,19,1,1,20,36,87
86.955,107,113,27,62,47,14,23,1
86.96,22,54,27,20,17,8,13,62
86.965,96,42,8,20,2,23,31,111
86.97,108,35,14,10,26,22,58,127
86.975,31,39,44,41,2,3,25,89
86.98,87,8,21,12,2,10,25,105
86.985,13,9,3,13,8,20,34,22
86.99,46,2,6,14,18,4,9,57
86.995,66,2,9,13,9,3,10,19
87,11,11,35,7,1,6,8,0
87.005,20,16,53,38,23,11,24,35
87.01,90,10,11,15,15,25,57,88
87.015,60,6,39,14,12,7,9,18
87.02,4,16,19,6,3,4,2,14
87.025,15,8,6,7,18,9,32,42
87.03,20,3,14,0,10,8,11,28
87.035,20,1,15,6,2,0,14,8
87.04,25,19,2,14,10,2,1,42
87.045,15,29,7,8,10,11,30,13
87.05,12,13,7,11,19,9,1,28
87.055,1,12,4,5,19,3,10,2
87.06,18,4,0,1,4,9,5,25
87.065,22,24,6,10,6,6,5,14
87.07,23,2,11,10,1,5,16,25
87.075,1,12,6,4,7,0,10,44
87.08,25,30,26,5,10,13,23,32
87.085,13,23,35,4,9,1,3,6
87.09,31,14,11,8,5,5,10,18
87.095,48,15,21,9,4,14,32,41
87.1,36,35,38,1,11,5,23,42
87.105,6,20,17,1,1,21,37,3
87.11,21,2,11,6,3,6,9,31
87.115,1,2,1,8,5,5,10,33
87.12,7,26,45,5,6,10,24,4
87.125,4,21,3,1,2,12,21,27
87.13,1,4,29,8,11,1,2,2
87.135,3,14,19,2,2,1,0,0
87.14,18,10,1,12,2,5,10,14
87.145,20,7,15,11,5,10,5,35
87.15,7,1,5,14,2,3,11,22
87.155,13,7,17,39,7,7,8,22
87.16,3,3,3,11,2,7,16,19
87.165,7,1,3,13,11,7,10,7
87.17,4,1,2,2,1,4,14,15
87.175,2,10,34,14,2,6,17,13
87.18,5,6,9,11,17,9,7,12
87.185,9,6,1,0,1,0,5,0
87.19,11,7,3,1,4,3,5,8
87.195,1,1,8,8,1,5,8,11
87.2,6,0,1,13,7,9,2,1
87.205,6,2,3,6,6,12,35,20
87.21,10,2,12,4,1,4,50,35
87.215,1,11,0,2,6,7,9,33
87.22,19,2,10,1,6,9,26,24
87.225,5,3,2,2,2,3,0,5
87.23,3,3,7,6,2,7,32,23
87.235,10,2,6,3,2,0,1,4
87.24,3,1,9,2,2,1,2,1
87.245,4,2,3,2,1,0,3,7
87.25,2,4,48,13,0,4,5,7
87.255,3,11,77,23,11,1,10,4
87.26,5,1,7,3,0,1,9,5
87.265,0,2,15,3,4,0,7,0
87.27,7,7,90,2,8,13,7,8
87.275,2,0,6,19,4,4,19,9
87.28,3,0,2,2,1,7,4,10
87.285,10,3,20,7,4,5,15,19
87.29,7,3,26,6,1,3,3,7
87.295,0,6,23,2,2,0,4,7
87.3,9,5,6,11,7,1,37,25
87.305,25,14,5,2,1,3,38,14
87.31,12,16,83,11,1,3,20,32
87.315,2,3,40,11,2,5,3,3
87.32,4,5,14,2,0,3,22,5
87.325,16,17,34,28,4,9,9,24
87.33,3,3,6,3,1,14,14,15
87.335,24,7,37,48,2,1,5,16
87.34,39,3,38,5,9,5,13,39
87.345,18,2,12,15,1,5,8,12
87.35,7,6,55,68,9,13,15,14
87.355,4,6,57,29,3,4,5,3
87.36,8,0,30,14,10,2,6,12
87.365,6,29,49,79,23,19,3,12
87.37,6,2,26,33,10,3,2,16
87.375,19,28,95,126,26,17,10,13
87.38,19,13,79,80,23,9,15,11
87.385,44,34,56,56,30,14,10,23
87.39,20,7,34,40,4,6,14,14
87.395,2,13,91,105,20,7,8,11
87.4,6,13,40,6,2,8,12,3
87.405,3,24,74,45,19,13,17,19
87.41,6,25,110,44,30,11,18,33
87.415,8,16,21,38,25,20,57,76
87.42,6,27,77,121,38,20,10,22
87.425,28,37,83,64,24,13,10,26
87.43,40,72,68,70,58,28,8,39
87.435,17,7,22,92,25,6,13,29
87.44,38,19,9,57,11,11,12,14
87.445,11,49,127,127,66,27,9,13
87.45,49,36,23,16,4,8,10,18
87.455,80,71,128,76,57,28,20,22
87.46,18,21,115,66,30,9,5,17
87.465,6,24,125,89,28,9,1,34
87.47,17,32,41,52,37,11,2,23
87.475,29,6,35,127,25,3,0,20
87.48,20,9,0,74,2,5,6,11
87.485,9,2,21,15,0,1,5,21
87.49,15,17,100,71,20,1,10,8
87.495,36,2,30,43,1,2,2,33
87.5,10,5,7,46,4,0,3,15
87.505,18,10,25,6,14,8,11,31
87.51,27,5,7,7,9,10,4,22
87.515,36,48,93,120,51,28,27,38
87.52,6,14,78,28,14,5,4,0
87.525,9,14,42,4,18,15,7,18
87.53,15,10,8,31,7,9,5,10
87.535,4,4,6,41,8,4,1,12
87.54,2,6,29,51,4,0,0,9
87.545,0,2,1,48,3,0,2,2
87.55,9,10,28,10,19,11,2,6
87.555,3,29,7,23,27,18,7,1
87.56,13,0,6,65,8,7,0,9
87.565,6,4,7,25,9,3,5,2
87.57,15,7,6,3,3,1,5,11
87.575,18,16,12,81,21,12,6,12
87.58,6,16,34,52,34,14,7,6
87.585,12,0,73,52,0,0,1,4
87.59,17,29,62,40,10,4,4,11
87.595,29,14,13,47,19,8,6,16
87.6,5,16,45,64,17,8,4,1
87.605,12,10,43,44,10,5,8,7
87.61,8,12,23,52,3,2,1,4
87.615,1,4,22,4,12,4,2,2
87.62,10,5,3,57,2,9,7,1
87.625,11,21,70,68,25,7,10,20
87.63,11,17,71,61,10,0,2,0
87.635,9,8,6,26,5,0,1,2
87.64,12,12,13,16,5,5,2,0
87.645,5,13,26,22,3,4,2,8
87.65,32,3,3,6,1,4,1,6
87.655,8,13,2,23,8,7,5,0
87.66,4,3,4,9,4,2,1,5
87.665,0,4,10,26,1,2,2,1
87.67,11,1,28,0,6,1,4,5
87.675,5,1,5,30,3,8,3,2
87.68,0,8,12,7,6,1,3,4
87.685,26,25,28,73,13,6,3,5
87.69,3,7,5,14,9,5,2,2
87.695,6,1,6,24,3,3,2,0
87.7,2,1,15,29,4,1,4,1
87.705,6,16,2,37,8,1,0,4
87.71,20,3,35,7,8,10,4,2
87.715,49,25,10,88,27,15,8,13
87.72,15,8,23,44,14,6,6,6
87.725,8,3,3,9,3,3,1,2
87.73,11,4,22,18,5,2,4,1
87.735,58,6,17,52,10,3,1,1
87.74,3,0,5,18,4,4,1,7
87.745,8,12,7,69,17,11,7,3
87.75,17,4,18,14,6,6,3,2
87.755,34,13,8,34,9,7,5,6
87.76,12,6,16,9,6,4,4,2
87.765,1,5,13,45,9,5,2,3
87.77,7,9,22,39,13,6,2,4
87.775,14,13,5,9,9,5,28,5
87.78,5,2,51,48,2,8,23,8
87.785,37,19,68,61,21,10,6,36
87.79,1,4,28,2,5,2,2,5
87.795,39,3,50,4,4,1,1,3
87.8,28,6,11,13,8,8,3,6
87.805,56,21,5,32,5,1,0,3
87.81,11,16,18,37,12,15,4,6
87.815,55,17,73,25,4,3,4,11
87.82,83,15,5,15,2,8,5,9
87.825,82,4,14,1,4,2,12,8
87.83,18,15,36,9,10,4,5,13
87.835,24,3,45,62,11,7,8,1
87.84,13,12,10,78,14,13,3,1
87.845,78,24,15,38,13,11,15,27
87.85,18,4,19,3,4,11,1,8
87.855,99,12,48,105,17,1,7,16
87.86,51,12,22,91,20,9,4,17
87.865,24,22,30,57,19,11,1,8
87.87,68,16,7,26,10,12,2,25
87.875,109,3,4,19,5,7,4,11
87.88,25,48,9,43,12,2,1,19
87.885,34,44,20,18,6,12,9,4
87.89,64,23,7,40,16,17,31,84
87.895,91,54,24,17,3,4,11,41
87.9,71,45,11,6,4,14,29,27
87.905,65,12,17,1,5,1,16,51
87.91,72,34,46,3,20,23,29,90
87.915,41,24,85,15,1,11,13,16
87.92,59,33,37,9,3,8,7,6
87.925,100,75,80,31,24,31,50,100
87.93,9,13,69,6,2,13,13,50
87.935,124,25,32,45,12,28,58,109
87.94,48,58,99,51,23,22,6,57
87.945,110,53,58,32,9,20,31,60
87.95,38,43,89,12,2,18,44,127
87.955,78,30,12,4,15,4,30,63
87.96,39,25,3,25,19,35,63,118
87.965,17,37,46,63,24,35,29,16
87.97,114,33,12,42,24,37,93,106
87.975,17,1,12,7,35,33,35,127
87.98,87,61,49,16,38,28,67,19
87.985,36,14,54,6,7,7,1,59
87.99,38,8,19,16,5,14,27,40
87.995,21,13,6,17,3,9,26,47
88,29,21,31,39,9,14,28,17
88.005,35,9,34,4,1,4,5,43
88.01,20,14,74,19,11,9,14,36
88.015,31,9,21,4,6,1,2,17
88.02,1,1,35,15,4,29,40,31
88.025,79,18,15,6,5,16,24,67
88.03,83,35,42,0,26,21,37,110
88.035,38,14,7,14,6,5,17,116
88.04,50,43,23,0,11,3,12,77
88.045,29,79,12,20,17,10,23,5
88.05,55,48,34,5,6,1,8,62
88.055,42,36,38,7,0,0,2,42
88.06,83,22,64,39,9,24,42,88
88.065,120,49,12,37,23,1,14,95
88.07,23,0,49,7,6,4,6,26
88.075,18,69,36,17,3,12,6,15
88.08,49,107,29,1,18,16,35,94
88.085,14,21,23,0,16,4,25,128
88.09,92,21,103,25,27,21,26,43
88.095,49,12,58,13,5,7,5,30
88.1,26,9,13,29,14,10,18,77
88.105,85,22,14,18,4,13,13,19
88.11,17,17,11,0,4,2,2,31
88.115,98,41,29,23,13,8,3,69
88.12,20,4,23,7,2,9,15,35
88.125,66,49,10,4,1,3,16,63
88.13,38,12,8,5,4,2,10,66
88.135,1,36,14,24,14,1,5,26
88.14,61,52,11,11,13,16,20,46
88.145,42,3,14,2,8,3,5,13
88.15,45,8,9,8,6,5,3,17
88.155,117,2,1,2,1,14,18,14
88.16,17,14,14,10,1,0,8,13
88.165,80,15,27,8,8,13,20,28
88.17,31,26,7,6,3,10,11,9
88.175,32,29,14,16,13,4,3,21
88.18,81,2,15,17,16,24,26,25
88.185,47,14,23,5,1,3,13,15
88.19,57,9,8,19,8,1,4,46
88.195,87,20,17,26,23,12,12,43
88.2,52,6,7,4,11,5,14,11
88.205,66,42,16,1,1,4,5,4
88.21,25,7,55,10,4,4,3,1
88.215,61,7,17,0,3,3,2,12
88.22,33,14,5,7,2,9,1,12
88.225,62,41,9,2,1,0,5,14
88.23,8,54,21,19,2,5,17,13
88.235,26,8,21,3,1,10,7,0
88.24,95,30,10,12,14,9,49,29
88.245,8,16,12,5,1,6,19,13
88.25,75,6,12,0,4,12,7,27
88.255,88,18,0,14,12,1,37,38
88.26,5,14,5,25,25,2,28,6
88.265,4,1,3,6,4,9,6,2
88.27,50,20,12,1,7,0,8,7
88.275,9,2,0,14,19,1,13,35
88.28,69,10,1,24,15,0,3,1
88.285,33,10,1,10,2,6,10,15
88.29,93,52,15,4,29,2,9,2
88.295,28,2,4,1,10,2,1,6
88.3,0,9,4,5,17,4,4,1
88.305,52,52,20,20,7,3,2,9
88.31,81,7,28,11,1,6,10,24
88.315,75,13,14,8,10,5,6,37
88.32,4,6,5,1,3,7,48,14
88.325,63,9,9,4,4,5,41,31
88.33,2,32,7,7,3,15,44,3
88.335,66,15,2,2,5,3,7,0
88.34,31,12,10,5,5,1,23,55
88.345,40,16,10,6,12,2,22,24
88.35,6,8,10,5,3,6,3,6
88.355,8,26,6,7,3,1,2,8
88.36,22,26,1,7,1,4,0,4
88.365,31,16,7,1,6,3,1,22
88.37,20,3,6,5,12,4,1,12
88.375,6,33,4,1,5,9,7,10
88.38,3,13,8,10,7,0,9,10
88.385,5,18,27,28,12,3,13,3
88.39,2,13,7,5,8,5,8,7
88.395,13,4,2,3,6,4,8,11
88.4,38,24,13,6,16,7,21,23
88.405,27,2,7,4,8,6,5,13
88.41,28,8,6,3,2,3,8,29
88.415,18,16,3,1,5,1,4,17
88.42,31,5,7,7,4,1,7,13
88.425,69,12,3,3,4,4,42,27
88.43,7,6,13,4,4,4,55,4
88.435,35,23,15,11,8,9,19,23
88.44,7,3,22,15,2,1,2,0
88.445,13,6,7,4,8,6,0,8
88.45,22,4,2,0,2,2,22,27
88.455,34,18,40,47,17,10,10,32
88.46,27,18,73,39,14,0,10,20
88.465,33,21,83,51,6,6,7,9
88.47,15,11,39,49,9,9,16,7
88.475,16,23,108,116,33,19,15,16
88.48,7,6,72,91,8,0,17,3
88.485,50,28,128,128,25,16,19,9
88.49,3,3,127,63,7,1,5,5
88.495,25,22,82,27,20,23,22,18
88.5,4,20,4,64,29,18,27,12
88.505,7,5,58,67,17,1,0,8
88.51,9,5,18,0,5,2,12,3
88.515,4,3,15,0,3,1,1,4
88.52,5,15,2,9,10,13,6,2
88.525,17,1,19,24,3,2,15,10
88.53,1,1,5,1,2,4,9,2
88.535,10,13,42,47,14,4,7,6
88.54,0,1,1,3,2,0,3,4
88.545,7,13,25,70,13,11,8,8
88.55,7,6,16,16,5,5,9,3
88.555,13,10,19,23,3,2,2,5
88.56,5,5,26,18,5,4,2,6
88.565,23,16,36,50,7,2,1,6
88.57,6,11,14,1,10,6,3,12
88.575,62,29,2,28,17,10,12,15
88.58,17,10,28,30,11,5,4,6
88.585,11,2,69,23,10,2,1,2
88.59,40,9,5,23,13,2,3,6
88.595,27,8,33,2,7,12,4,12
88.6,26,1,49,41,11,4,4,6
88.605,1,0,35,15,0,0,0,4
88.61,2,18,44,61,7,4,6,3
88.615,34,9,1,19,2,4,2,4
88.62,4,4,6,8,5,3,0,2
88.625,11,12,57,42,8,6,0,2
88.63,18,15,9,33,8,7,1,3
88.635,7,6,22,35,2,1,8,2
88.64,11,4,10,20,4,1,12,3
88.645,17,7,7,24,8,3,4,3
88.65,28,5,29,15,2,0,2,4
88.655,10,8,26,5,3,3,2,1
88.66,17,1,22,27,4,6,2,4
88.665,10,8,52,4,9,4,4,3
88.67,10,5,0,1,3,1,4,6
88.675,19,35,26,78,32,17,12,15
88.68,15,39,44,90,39,30,22,23
88.685,16,3,33,36,4,2,2,6
88.69,0,0,29,19,3,0,0,0
88.695,4,11,34,84,8,5,1,5
88.7,9,11,14,33,8,6,5,12
88.705,3,7,24,50,6,3,2,1
88.71,18,32,33,70,25,15,10,1
88.715,28,91,67,81,68,43,26,15
88.72,12,4,57,71,3,1,2,1
88.725,3,10,32,27,2,3,4,0
88.73,3,7,28,44,11,7,1,5
88.735,19,21,22,41,14,12,3,16
88.74,20,6,38,19,1,2,3,39
88.745,0,3,20,36,7,3,8,9
88.75,8,1,19,21,2,11,2,3
88.755,2,6,5,41,4,3,2,6
88.76,12,4,27,3,0,0,0,11
88.765,0,7,13,8,4,7,1,2
88.77,12,18,12,57,20,8,7,5
88.775,9,20,55,33,17,7,3,2
88.78,3,11,36,41,11,8,4,12
88.785,6,11,34,44,12,9,7,7
88.79,3,12,37,55,13,9,4,2
88.795,9,11,7,37,13,5,0,4
88.8,15,9,5,24,1,3,3,1
88.805,47,21,46,92,17,12,10,9
88.81,9,3,3,9,3,4,1,1
88.815,32,17,15,18,14,9,4,2
88.82,31,16,5,18,8,10,5,13
88.825,2,2,2,19,20,7,9,8
88.83,107,43,6,2,7,13,10,23
88.835,32,1,9,8,1,3,0,13
88.84,44,9,7,8,4,4,10,12
88.845,113,50,56,17,58,26,26,37
88.85,127,29,74,5,46,6,0,30
88.855,91,36,94,41,28,12,24,57
88.86,54,21,0,29,5,16,13,33
88.865,39,39,15,8,31,4,4,11
88.87,34,31,27,70,6,9,6,6
88.875,127,77,75,10,89,64,38,64
88.88,94,2,29,94,94,49,45,14
88.885,126,76,68,12,45,10,12,65
88.89,42,61,102,12,0,22,10,15
88.895,83,2,80,19,8,8,11,18
88.9,54,21,64,128,7,26,27,47
88.905,14,12,60,24,25,5,16,2
88.91,4,6,19,23,9,9,4,18
88.915,96,21,68,7,17,5,7,5
88.92,44,20,39,13,11,7,6,14
88.925,8,28,9,26,36,13,12,0
88.93,31,29,45,15,31,15,12,20
88.935,0,12,44,24,22,10,1,2
88.94,20,7,8,12,13,9,1,3
88.945,12,7,8,9,8,6,5,2
88.95,0,36,46,25,17,9,0,7
88.955,21,36,37,11,21,9,8,5
88.96,20,17,73,1,1,7,7,16
88.965,31,1,12,4,9,3,2,1
88.97,6,2,12,9,3,1,2,7
88.975,3,15,21,7,16,6,1,7
88.98,66,9,13,11,24,5,14,6
88.985,26,32,11,22,4,1,4,1
88.99,42,11,67,10,3,7,4,11
88.995,1,48,69,19,25,8,7,7
89,5,1,7,8,12,5,3,3
89.005,44,15,30,11,4,8,0,18
89.01,17,3,35,2,2,3,8,9
89.015,15,5,18,15,11,6,5,6
89.02,13,0,14,1,3,5,2,10
89.025,38,67,31,2,11,9,7,4
89.03,35,16,12,8,1,3,3,9
89.035,35,27,13,23,2,1,8,3
89.04,30,17,14,2,18,2,1,1
89.045,38,40,27,10,8,5,8,16
89.05,44,25,18,4,4,1,2,14
89.055,18,16,2,3,1,8,11,10
89.06,101,47,43,7,0,7,12,25
89.065,57,11,1,4,1,4,13,8
89.07,41,14,39,3,4,1,2,5
89.075,10,14,27,8,1,2,6,18
89.08,12,11,13,0,4,1,3,1
89.085,2,17,2,7,3,2,3,2
89.09,43,44,19,1,4,7,7,17
89.095,75,23,6,7,21,3,7,5
89.1,78,0,11,44,36,11,15,17
89.105,82,29,13,71,5,2,7,2
89.11,26,22,1,105,39,1,1,6
89.115,107,91,14,10,7,14,22,48
89.12,127,35,12,10,10,4,12,23
89.125,59,52,9,0,1,4,2,23
89.13,127,48,55,23,7,19,17,52
89.135,88,2,109,28,35,31,44,78
89.14,65,42,64,1,2,11,4,8
89.145,55,9,28,9,1,1,8,8
89.15,58,40,0,18,3,2,7,4
89.155,79,6,32,4,5,20,24,72
89.16,98,28,6,18,1,6,23,41
89.165,39,23,4,17,4,1,6,12
89.17,40,22,5,30,9,4,0,8
89.175,90,6,49,67,13,4,2,11
89.18,115,96,59,74,13,7,7,24
89.185,45,13,78,32,17,14,6,19
89.19,67,76,17,10,23,5,10,16
89.195,79,28,53,23,42,14,17,1
89.2,62,64,30,9,8,25,53,77
89.205,63,30,13,53,6,27,56,49
89.21,60,56,5,83,7,2,11,88
89.215,103,48,17,40,31,7,38,104
89.22,26,2,61,1,8,4,32,69
89.225,52,44,0,0,6,3,15,83
89.23,65,38,13,8,31,10,11,10
89.235,52,28,3,13,5,6,4,25
89.24,42,7,9,0,4,3,9,6
89.245,13,12,11,2,18,6,19,51
89.25,124,20,27,40,3,13,19,37
89.255,12,12,26,27,10,7,7,26
89.26,19,13,24,21,9,6,4,58
89.265,34,26,24,22,6,3,5,36
89.27,24,14,27,4,9,1,2,7
89.275,31,38,16,33,0,2,14,15
89.28,37,53,5,8,6,6,7,7
89.285,23,1,40,33,2,0,5,4
89.29,38,3,18,5,11,0,4,19
89.295,13,13,17,21,5,0,11,10
89.3,4,16,11,1,7,4,17,13
89.305,14,7,35,10,1,1,13,11
89.31,1,7,3,16,8,3,7,27
89.315,28,5,17,24,8,3,24,39
89.32,20,9,67,94,1,15,6,20
89.325,26,3,45,58,13,12,8,51
89.33,16,21,49,0,23,9,4,30
89.335,24,3,15,11,1,10,4,22
89.34,35,11,14,14,8,3,0,13
89.345,33,34,26,50,8,3,4,10
89.35,8,19,77,84,24,14,18,4
89.355,24,26,17,30,0,1,13,6
89.36,2,3,9,14,0,5,4,5
89.365,2,1,5,4,3,3,8,3
89.37,1,12,20,38,4,8,6,4
89.375,3,2,17,40,6,3,4,0
89.38,7,4,1,13,1,1,4,12
89.385,31,18,13,5,1,4,5,14
89.39,9,2,6,10,0,1,2,2
89.395,12,1,7,56,14,4,6,4
89.4,12,3,9,57,27,1,1,2
89.405,12,15,5,20,11,1,0,17
89.41,5,4,13,5,11,3,2,7
89.415,5,6,1,14,13,4,2,1
89.42,19,11,13,1,18,5,9,3
89.425,7,15,21,44,13,4,4,18
89.43,8,8,3,12,0,1,2,21
89.435,12,5,7,14,4,1,6,31
89.44,51,14,5,5,3,6,15,56
89.445,10,19,8,9,2,1,1,78
89.45,22,12,6,0,9,1,2,56
89.455,27,1,2,3,4,10,9,55
89.46,16,3,2,7,4,5,11,47
89.465,5,9,7,0,4,2,3,17
89.47,1,18,7,3,3,5,4,11
89.475,3,1,2,1,0,0,3,10
89.48,10,12,2,17,13,2,2,2
89.485,12,4,2,10,3,2,2,9
89.49,4,4,0,8,4,4,7,14
89.495,3,6,7,14,0,1,4,5
89.5,7,3,2,12,5,4,2,7
89.505,3,3,2,3,1,1,2,16
89.51,6,2,8,0,1,9,4,8
89.515,6,3,5,16,7,6,2,13
89.52,7,3,5,3,4,0,0,9
89.525,2,3,0,7,2,1,2,11
89.53,6,1,1,1,2,4,5,18
89.535,2,3,1,2,4,3,0,4
89.54,10,2,6,1,3,3,3,8
89.545,1,2,3,10,6,1,0,10
89.55,7,3,7,7,3,1,3,16
89.555,2,4,2,1,1,1,2,1
89.56,1,3,6,6,3,1,1,9
89.565,1,2,3,6,3,6,3,1
89.57,3,3,0,1,3,3,1,8
89.575,1,3,3,3,1,2,1,0
89.58,2,0,0,5,8,1,5,3
89.585,0,1,2,3,1,3,1,3
89.59,1,1,3,6,11,7,6,1
89.595,1,1,6,4,9,1,1,1
89.6,4,4,8,5,0,0,2,1
89.605,0,4,1,2,5,4,5,0
89.61,1,3,0,6,7,4,7,3
89.615,3,0,2,2,0,5,1,3
89.62,1,1,4,2,2,4,4,2
89.625,0,1,5,3,1,1,1,3
89.63,2,0,0,3,5,3,1,3
89.635,4,1,0,3,4,1,2,0
89.64,1,0,4,3,0,3,2,1
89.645,1,3,0,1,1,2,1,2
89.65,3,2,1,2,3,6,4,4
89.655,1,1,1,2,2,4,2,0
89.66,4,0,0,1,1,1,2,3
89.665,2,1,0,1,1,4,4,5
89.67,1,2,0,8,8,3,1,0
89.675,1,1,0,10,1,2,1,1
89.68,0,0,7,7,3,4,2,0
89.685,3,5,5,4,6,0,3,1
89.69,3,4,5,2,6,6,3,3
89.695,3,1,7,0,0,0,1,3
89.7,4,12,2,6,5,7,5,6
89.705,1,19,8,6,3,4,7,6
89.71,16,7,1,7,6,3,1,5
89.715,1,10,2,0,2,2,7,3
89.72,0,14,5,1,7,0,2,3
89.725,2,9,6,0,1,2,1,4
89.73,5,2,1,2,2,1,3,7
89.735,5,3,1,8,6,5,10,14
89.74,7,1,0,2,3,1,0,3
89.745,2,1,1,3,0,3,0,0
89.75,2,3,9,3,0,6,0,2
89.755,5,2,4,1,2,5,5,9
89.76,3,1,7,12,4,1,4,3
89.765,2,1,10,0,1,1,3,3
89.77,20,2,4,7,1,1,0,14
89.775,37,3,21,12,3,5,1,8
89.78,6,12,8,12,11,7,7,15
89.785,1,1,12,5,3,3,4,6
89.79,3,2,11,19,5,3,2,3
89.795,11,8,30,19,1,0,1,1
89.8,7,1,15,2,1,2,0,1
89.805,6,11,3,1,6,5,5,9
89.81,1,2,17,15,3,1,1,1
89.815,5,4,3,1,2,3,4,2
89.82,7,8,25,6,4,2,2,11
89.825,24,1,2,1,3,3,2,15
89.83,12,10,5,2,7,4,10,9
89.835,6,3,3,6,1,1,6,2
89.84,26,5,4,0,0,2,2,6
89.845,20,1,3,2,3,1,8,16
89.85,8,3,14,3,4,5,16,17
89.855,17,11,9,6,5,0,3,22
89.86,1,1,3,20,2,0,2,2
89.865,17,12,26,14,6,8,8,11
89.87,17,15,71,71,11,0,3,2
89.875,20,2,22,2,3,4,5,5
89.88,3,7,15,13,1,5,2,0
89.885,10,11,17,6,12,1,8,1
89.89,11,5,17,62,3,1,2,5
89.895,44,7,30,24,3,2,3,32
89.9,85,25,16,19,10,9,16,48
89.905,40,5,20,10,0,0,1,10
89.91,5,15,24,15,3,5,6,7
89.915,13,25,32,48,11,9,13,42
89.92,48,17,10,31,6,6,11,42
89.925,39,3,12,13,0,1,3,12
89.93,12,6,10,19,2,7,6,2
89.935,7,16,2,32,6,7,5,14
89.94,19,19,31,55,9,7,2,10
89.945,27,0,8,7,2,3,0,6
89.95,7,11,6,18,4,3,6,5
89.955,27,11,42,60,9,6,1,2
89.96,20,13,48,51,19,10,8,7
89.965,30,10,15,4,3,2,7,17
89.97,7,1,17,24,1,0,3,2
89.975,14,5,14,22,0,9,0,0
89.98,7,2,60,65,7,4,4,1
89.985,10,7,13,15,1,0,0,12
89.99,24,12,9,7,7,3,11,18
89.995,20,5,1,14,2,1,1,6
90,8,2,11,30,5,1,1,9
90.005,12,11,5,21,5,4,8,17
90.01,47,1,18,16,4,3,3,6
90.015,4,10,22,10,7,8,3,5
90.02,10,8,20,25,3,4,2,0
90.025,2,7,30,32,6,2,1,4
90.03,34,17,41,15,7,9,10,7
90.035,41,14,28,27,3,0,6,6
90.04,12,0,7,28,1,2,1,6
90.045,2,0,1,15,5,3,4,7
90.05,11,6,9,1,2,9,5,3
90.055,3,4,11,15,1,2,4,4
90.06,18,8,61,37,12,7,0,7
90.065,15,6,10,92,6,3,5,9
90.07,3,8,42,59,13,2,2,0
90.075,9,2,43,7,5,5,5,9
90.08,23,11,21,9,4,4,6,33
90.085,8,11,39,12,5,2,4,15
90.09,8,6,6,57,8,3,2,3
90.095,7,8,1,1,0,5,4,5
90.1,2,3,1,0,1,5,1,9
90.105,7,13,8,49,9,5,4,7
90.11,5,1,16,13,1,1,1,5
90.115,2,4,5,7,3,0,4,12
90.12,3,4,1,6,4,2,4,6
90.125,1,3,36,22,2,1,2,1
90.13,9,5,30,6,9,7,6,0
90.135,3,6,4,4,4,5,2,4
90.14,3,1,9,18,9,3,1,0
90.145,4,3,22,20,1,1,2,6
90.15,8,10,10,5,6,7,2,9
90.155,5,0,6,9,2,1,4,5
90.16,7,1,15,9,5,5,4,6
90.165,2,2,2,6,1,6,4,0
90.17,9,3,5,15,0,2,4,4
90.175,29,3,21,56,7,2,1,9
90.18,13,5,4,8,2,2,0,5
90.185,1,3,17,6,3,2,1,1
90.19,6,1,12,6,2,4,1,2
90.195,12,6,11,10,0,5,4,4
90.2,9,3,11,12,3,1,6,7
90.205,10,6,14,23,7,6,7,6
90.21,7,0,20,14,2,5,1,1
90.215,2,1,6,8,6,5,5,0
90.22,8,9,20,11,9,3,6,4
90.225,4,2,6,28,0,1,0,2
90.23,7,2,2,25,1,2,2,6
90.235,2,13,8,15,7,4,1,5
90.24,1,4,19,4,2,10,3,2
90.245,5,2,15,7,2,2,0,9
90.25,15,2,6,8,1,5,0,1
90.255,3,9,9,26,6,2,5,2
90.26,2,2,4,8,1,3,1,2
90.265,1,6,9,2,3,3,2,1
90.27,5,3,28,3,10,8,3,0
90.275,5,5,45,7,6,0,1,4
90.28,10,7,13,9,3,0,4,7
90.285,0,0,3,15,0,1,0,2
90.29,2,5,22,12,6,4,3,2
90.295,1,4,11,0,7,4,6,1
90.3,2,0,13,6,2,1,1,1
90.305,5,0,3,7,6,10,9,1
90.31,2,3,11,5,3,6,4,2
90.315,1,0,19,17,0,0,1,5
90.32,5,3,1,1,4,5,3,5
90.325,16,6,2,16,7,3,4,5
90.33,5,1,6,14,0,4,1,0
90.335,4,1,7,2,2,6,1,2
90.34,3,1,4,4,1,3,1,1
90.345,3,5,1,25,11,7,4,2
90.35,2,2,5,24,5,4,0,1
90.355,2,4,8,16,1,3,1,3
90.36,2,7,10,34,7,5,3,1
90.365,2,7,9,10,2,2,1,3
90.37,0,1,32,10,0,3,3,0
90.375,9,5,0,1,5,1,3,1
90.38,29,4,18,20,2,9,5,0
90.385,80,12,10,1,3,16,8,11
90.39,3,0,10,4,8,5,9,4
90.395,5,2,2,21,5,5,3,6
90.4,21,1,18,4,3,2,3,5
90.405,15,14,2,12,10,1,5,2
90.41,17,3,4,5,3,8,9,20
90.415,22,6,11,12,2,4,1,7
90.42,4,8,3,10,2,8,1,3
90.425,33,9,8,4,4,6,7,5
90.43,16,2,16,1,9,10,6,13
90.435,22,3,3,7,10,5,8,5
90.44,53,8,10,0,3,8,10,16
90.445,5,6,16,35,0,4,1,4
90.45,18,4,19,47,1,5,5,6
90.455,5,5,26,24,4,4,9,10
90.46,33,13,16,7,1,1,0,27
90.465,7,14,9,6,3,3,12,61
90.47,81,12,13,9,9,12,15,11
90.475,2,9,5,21,5,5,2,7
90.48,1,6,21,16,11,9,19,4
90.485,31,8,4,1,6,1,8,59
90.49,10,11,37,12,11,1,8,49
90.495,10,3,4,15,9,8,11,48
90.5,17,14,8,4,3,3,9,30
90.505,3,5,2,0,1,6,21,30
90.51,32,14,9,9,2,2,22,19
90.515,26,21,1,11,1,6,24,9
90.52,5,11,5,6,3,4,3,21
90.525,7,23,15,16,2,4,11,13
90.53,13,7,11,1,0,4,2,3
90.535,12,3,10,15,3,4,6,4
90.54,9,4,14,11,7,5,12,25
90.545,5,7,1,9,1,1,2,5
90.55,14,3,29,13,3,1,4,11
90.555,3,10,4,23,12,2,12,23
90.56,1,4,10,29,0,3,9,4
90.565,35,5,18,60,16,10,4,17
90.57,27,1,3,5,3,1,25,0
90.575,8,13,8,8,0,7,25,10
90.58,8,7,18,19,1,6,24,12
90.585,14,17,3,18,3,1,13,5
90.59,2,1,9,4,1,1,8,13
90.595,2,6,8,3,0,0,39,2
90.6,21,15,20,23,6,7,13,6
90.605,1,2,2,2,10,0,16,0
90.61,7,1,0,11,4,8,12,3
90.615,5,3,22,22,15,5,2,4
90.62,1,2,38,4,1,5,6,5
90.625,15,3,11,4,4,0,9,3
90.63,5,7,17,7,12,2,6,4
90.635,20,1,6,12,4,2,3,4
90.64,11,3,24,19,3,5,5,13
90.645,0,1,23,2,6,5,3,6
90.65,16,9,13,7,0,1,1,5
90.655,14,15,0,28,4,4,2,15
90.66,1,4,14,12,2,4,7,3
90.665,37,8,24,26,7,12,6,3
90.67,22,1,44,2,9,3,12,51
90.675,67,12,16,8,10,12,21,62
90.68,14,11,18,1,1,1,7,9
90.685,59,27,19,17,14,10,23,52
90.69,45,15,16,7,1,20,13,72
90.695,73,49,20,3,16,24,36,42
90.7,15,17,12,13,11,22,20,66
90.705,3,3,4,3,5,0,0,13
90.71,113,30,28,31,5,11,33,90
90.715,17,42,1,36,2,10,14,56
90.72,41,40,8,3,12,14,22,89
90.725,31,11,3,10,3,8,17,60
90.73,59,12,7,70,0,25,21,43
90.735,105,37,2,2,26,27,46,98
90.74,112,34,7,53,23,14,31,127
90.745,104,93,22,4,14,1,13,51
90.75,59,77,83,6,4,14,35,65
90.755,22,24,24,10,33,7,35,32
90.76,41,20,25,3,50,8,3,59
90.765,56,32,17,6,1,4,19,58
90.77,29,6,30,30,13,9,4,13
90.775,11,24,3,19,25,3,24,19
90.78,5,2,8,13,33,16,5,26
90.785,9,6,5,6,35,19,19,47
90.79,10,24,1,49,63,2,6,25
90.795,41,5,33,3,50,1,3,7
90.8,35,23,28,27,36,6,7,1
90.805,32,8,4,24,45,11,5,38
90.81,10,4,1,12,96,38,3,15
90.815,47,9,8,1,45,5,2,0
90.82,3,48,15,17,33,11,5,1
90.825,5,1,10,5,10,3,8,3
90.83,23,21,56,22,18,16,4,6
90.835,74,16,6,39,20,12,10,13
90.84,122,60,25,51,59,20,11,10
90.845,41,43,11,14,5,14,9,23
90.85,15,69,30,12,13,5,2,10
90.855,5,17,25,13,18,9,2,9
90.86,61,35,1,23,38,10,3,28
90.865,21,3,16,2,5,10,4,1
90.87,52,14,16,2,32,3,9,49
90.875,58,5,10,4,4,0,3,5
90.88,24,2,5,13,18,0,3,13
90.885,8,6,8,13,26,0,4,9
90.89,4,20,10,13,19,1,2,15
90.895,1,12,2,7,6,10,12,14
90.9,21,32,12,8,12,5,14,1
90.905,23,20,1,6,0,3,56,16
90.91,26,0,14,11,0,4,77,20
90.915,4,2,5,2,11,1,8,11
90.92,19,2,7,15,2,8,7,15
90.925,48,21,14,15,11,4,1,8
90.93,57,1,15,12,2,1,16,35
90.935,7,30,16,50,26,17,23,13
90.94,5,9,13,13,16,9,9,3
90.945,35,2,3,5,0,1,4,7
90.95,8,25,4,4,4,3,16,29
90.955,9,16,23,24,5,9,28,23
90.96,61,4,42,63,10,5,16,38
90.965,34,24,101,61,15,22,42,8
90.97,21,2,60,42,16,5,5,11
90.975,2,4,31,42,7,1,15,7
90.98,20,1,17,93,8,2,14,11
90.985,4,2,66,84,12,8,26,3
90.99,33,13,53,49,7,1,2,16
90.995,23,8,58,19,3,5,5,25
91,24,14,23,67,15,7,4,1
91.005,53,49,91,109,43,19,18,60
91.01,25,11,18,35,7,2,12,32
91.015,2,9,33,12,0,4,7,1
91.02,10,28,60,127,15,0,1,23
91.025,7,0,20,102,4,7,0,32
91.03,43,27,60,78,26,13,0,9
91.035,7,1,63,84,5,1,15,19
91.04,15,48,99,128,36,25,18,30
91.045,46,38,127,72,12,10,21,48
91.05,2,21,17,49,30,24,12,1
91.055,26,12,68,26,8,4,10,5
91.06,0,45,5,70,42,39,24,21
91.065,2,3,10,42,3,10,6,1
91.07,7,7,48,30,6,7,2,1
91.075,6,12,22,48,17,7,2,3
91.08,33,21,4,40,17,12,3,4
91.085,46,18,97,51,16,7,3,5
91.09,11,8,43,1,1,3,3,2
91.095,15,2,42,6,5,4,3,1
91.1,8,11,45,19,9,0,3,5
91.105,5,0,33,39,8,1,2,1
91.11,6,1,30,37,14,3,3,1
91.115,9,18,29,28,12,4,4,6
91.12,2,20,60,13,3,6,2,4
91.125,5,5,18,75,12,11,7,6
91.13,9,33,65,74,23,15,7,3
91.135,4,8,15,31,3,6,1,1
91.14,14,1,1,9,7,4,0,2
91.145,31,31,64,94,21,20,10,28
91.15,49,38,54,79,30,24,16,39
91.155,11,2,10,13,3,6,7,1
91.16,10,6,1,34,9,2,4,8
91.165,5,1,8,1,4,3,1,6
91.17,15,16,19,36,14,12,11,12
91.175,4,3,9,1,7,4,4,3
91.18,2,3,10,7,1,3,3,17
91.185,26,16,40,45,20,10,5,13
91.19,25,1,80,30,0,1,0,2
91.195,16,2,3,1,6,1,3,4
91.2,4,4,25,9,11,1,3,5
91.205,10,13,16,41,8,11,12,11
91.21,18,9,16,49,14,11,7,3
91.215,3,10,25,31,2,2,2,4
91.22,18,16,31,57,16,6,4,8
91.225,16,6,1,31,5,8,6,4
91.23,3,5,2,38,14,0,0,2
91.235,1,4,28,11,11,2,5,2
91.24,11,10,18,64,15,11,9,0
91.245,7,4,9,61,15,15,4,4
91.25,5,0,11,24,1,3,3,4
91.255,2,9,57,62,12,7,3,2
91.26,4,5,52,2,0,1,4,8
91.265,4,20,63,13,13,1,13,8
91.27,12,4,48,66,3,0,2,12
91.275,3,3,3,9,1,5,0,12
91.28,9,2,60,20,2,0,2,10
91.285,14,17,41,39,15,19,14,13
91.29,1,10,44,33,6,0,12,4
91.295,16,41,111,128,38,16,4,13
91.3,7,6,23,12,6,5,34,9
91.305,2,6,10,25,13,1,10,5
91.31,5,11,11,9,3,13,14,5
91.315,13,8,42,13,5,8,17,8
91.32,4,4,47,17,5,2,28,8
91.325,10,3,43,3,1,2,7,9
91.33,4,7,48,11,3,0,1,3
91.335,13,6,59,19,6,7,6,1
91.34,2,4,72,20,7,0,12,1
91.345,7,5,26,31,6,3,8,2
91.35,7,9,2,13,8,4,11,5
91.355,6,10,16,24,2,11,10,9
91.36,8,4,7,48,24,5,1,1
91.365,3,4,1,19,15,0,10,3
91.37,2,6,28,3,9,1,4,2
91.375,3,8,14,52,10,4,1,0
91.38,9,11,55,52,4,1,2,1
91.385,3,3,37,11,1,6,11,4
91.39,5,3,4,7,2,4,16,0
91.395,1,12,25,10,2,3,6,3
91.4,1,4,38,12,1,3,3,1
91.405,1,5,3,19,3,0,1,7
91.41,3,1,14,10,18,7,12,5
91.415,10,4,57,6,2,4,5,3
91.42,2,4,25,21,1,4,11,3
91.425,4,16,33,4,7,4,18,1
91.43,4,17,7,1,4,2,19,4
91.435,9,13,21,12,0,5,12,2
91.44,3,0,37,14,4,7,8,3
91.445,33,17,7,8,11,3,7,3
91.45,3,7,1,6,9,7,5,3
91.455,6,12,27,37,12,13,7,11
91.46,5,12,28,28,5,12,9,11
91.465,7,4,93,41,11,12,10,7
91.47,2,13,2,0,2,5,4,1
91.475,9,10,4,10,2,10,3,4
91.48,3,21,78,81,6,8,7,5
91.485,4,14,59,56,4,8,13,14
91.49,16,24,42,50,15,9,9,16
91.495,26,5,15,9,9,6,14,22
91.5,16,2,18,1,1,3,4,22
91.505,41,5,22,20,1,5,12,16
91.51,15,10,0,16,1,7,3,50
91.515,79,36,47,17,0,11,14,1
91.52,64,21,52,12,4,12,15,29
91.525,55,26,49,4,5,11,4,16
91.53,97,5,27,3,4,7,5,6
91.535,19,41,37,15,14,4,7,16
91.54,9,5,19,0,3,4,12,69
91.545,82,26,34,36,12,4,10,25
91.55,58,42,9,29,9,9,9,40
91.555,34,3,45,13,14,1,13,34
91.56,14,16,43,26,5,3,6,22
91.565,45,10,41,25,18,8,28,74
91.57,81,27,14,27,2,16,29,110
91.575,128,50,2,8,7,17,7,18
91.58,66,1,13,40,1,1,28,48
91.585,127,59,11,15,10,18,31,106
91.59,6,7,7,1,4,3,1,79
91.595,1,10,0,32,12,1,15,77
91.6,6,34,10,16,8,1,8,3
91.605,45,34,25,19,13,4,2,33
91.61,54,16,16,14,9,10,18,59
91.615,40,25,2,19,5,2,4,71
91.62,76,23,10,20,8,4,15,84
91.625,14,3,23,16,6,5,3,45
91.63,18,22,52,23,0,5,6,40
91.635,34,16,5,9,1,2,4,51
91.64,21,3,0,7,2,3,5,5
91.645,30,5,17,1,0,1,1,22
91.65,11,19,20,8,4,4,12,98
91.655,17,9,24,46,3,4,5,12
91.66,10,5,18,7,2,9,2,30
91.665,12,6,13,19,10,3,10,15
91.67,26,0,7,20,3,3,8,54
91.675,16,9,4,1,1,3,4,35
91.68,18,11,7,2,5,3,10,22
91.685,4,3,9,2,3,2,0,2
91.69,20,2,4,9,5,1,1,11
91.695,12,9,7,16,6,4,4,22
91.7,14,6,34,5,3,2,2,3
91.705,57,13,18,3,0,2,3,14
91.71,14,1,2,6,2,0,2,15
91.715,81,23,6,4,2,7,6,0
91.72,41,4,16,3,14,4,5,7
91.725,52,49,6,3,1,7,11,15
91.73,4,14,3,7,1,4,3,88
91.735,7,17,4,3,5,3,8,24
91.74,96,26,9,5,16,16,31,105
91.745,103,30,1,0,11,10,3,20
91.75,87,20,8,5,18,11,37,16
91.755,87,63,20,2,8,13,17,34
91.76,35,11,108,44,34,8,5,58
91.765,58,11,73,18,40,1,1,110
91.77,103,2,13,21,26,19,31,127
91.775,99,33,51,12,2,14,29,102
91.78,55,17,77,23,19,3,5,26
91.785,87,64,43,27,24,8,14,102
91.79,26,31,45,29,2,19,19,87
91.795,4,44,24,10,14,10,16,59
91.8,12,41,32,7,7,2,1,25
91.805,72,22,34,10,14,13,25,50
91.81,15,47,52,10,12,1,12,33
91.815,62,18,21,6,1,2,0,18
91.82,40,103,44,27,18,29,53,105
91.825,99,38,9,16,3,5,5,36
91.83,96,92,2,1,4,2,12,79
91.835,127,32,35,18,6,7,16,44
91.84,54,13,32,9,2,14,1,24
91.845,10,77,44,6,25,16,23,42
91.85,64,13,3,1,13,7,6,6
91.855,51,48,10,1,1,2,1,9
91.86,21,21,2,13,1,6,3,15
91.865,5,20,1,13,7,3,10,10
91.87,37,27,4,24,18,11,7,5
91.875,44,17,5,3,2,4,5,27
91.88,13,26,26,4,1,7,5,3
91.885,44,17,5,14,6,10,6,16
91.89,45,33,1,1,8,1,3,17
91.895,21,3,13,6,14,3,2,3
91.9,9,3,13,13,5,4,7,22
91.905,113,36,8,8,0,10,13,32
91.91,17,14,3,2,2,1,9,2
91.915,8,7,17,5,6,2,4,4
91.92,22,7,15,4,10,2,41,3
91.925,7,10,16,12,4,2,17,24
91.93,13,4,1,1,1,7,26,9
91.935,26,15,22,7,12,9,0,11
91.94,7,2,12,3,3,5,6,3
91.945,1,9,7,11,2,4,28,11
91.95,15,3,23,17,3,8,7,1
91.955,15,5,14,8,4,1,10,6
91.96,7,4,11,3,13,4,5,2
91.965,12,8,3,9,5,1,10,19
91.97,21,9,0,14,16,0,4,10
91.975,10,4,1,1,3,2,3,6
91.98,16,16,5,1,2,6,14,8
91.985,1,2,8,7,12,7,4,12
91.99,21,13,12,9,3,6,8,11
91.995,1,1,11,5,2,1,6,6
92,15,12,4,4,5,2,10,8
92.005,1,6,7,2,2,1,5,8
92.01,10,9,4,4,1,1,8,9
92.015,6,1,6,2,3,0,4,2
92.02,3,4,23,9,1,4,8,6
92.025,5,2,6,12,5,3,2,4
92.03,3,1,1,8,0,2,1,4
92.035,6,1,3,0,0,1,6,1
92.04,10,1,7,3,0,2,0,4
92.045,1,1,1,8,5,4,6,1
92.05,3,1,5,4,2,3,0,2
92.055,1,4,12,1,5,1,3,7
92.06,1,1,15,11,2,0,1,5
92.065,4,4,14,3,10,7,8,3
92.07,1,6,11,11,7,6,4,0
92.075,8,12,15,30,9,9,7,9
92.08,23,29,88,54,17,17,9,16
92.085,35,6,25,14,14,6,7,13
92.09,5,24,76,16,10,0,4,6
92.095,6,6,108,29,26,5,5,24
92.1,6,24,40,108,87,37,17,5
92.105,49,76,101,116,55,44,34,24
92.11,20,13,63,117,25,15,10,12
92.115,6,4,114,50,14,9,0,6
92.12,19,35,126,1,18,10,4,10
92.125,12,6,104,72,1,9,10,4
92.13,7,28,62,42,28,10,3,15
92.135,54,16,4,22,5,12,15,15
92.14,3,34,51,50,32,23,13,28
92.145,74,82,122,127,47,25,31,25
92.15,47,38,113,100,27,10,11,10
92.155,11,7,76,44,1,4,13,26
92.16,25,24,70,65,27,5,9,3
92.165,38,21,117,85,1,2,9,7
92.17,86,75,71,99,62,42,31,17
92.175,34,39,119,54,20,21,12,6
92.18,11,41,77,24,38,16,18,24
92.185,11,18,91,127,25,1,4,5
92.19,24,14,58,0,19,1,6,7
92.195,87,62,73,73,72,31,32,52
92.2,41,9,6,117,18,7,4,2
92.205,41,60,38,71,42,17,27,20
92.21,6,16,38,31,32,17,13,7
92.215,9,20,8,12,14,6,0,14
92.22,25,22,6,30,21,7,10,26
92.225,5,17,1,52,33,15,8,11
92.23,11,45,97,119,44,21,19,22
92.235,3,0,5,22,4,6,1,7
92.24,15,4,61,7,13,1,2,4
92.245,12,13,126,55,5,8,5,6
92.25,9,12,9,75,26,20,3,9
92.255,8,2,20,19,4,3,5,5
92.26,16,22,29,11,10,2,0,10
92.265,7,3,35,49,5,7,2,10
92.27,7,18,96,117,19,1,1,1
92.275,26,56,78,70,52,24,16,5
92.28,1,10,16,37,1,1,1,2
92.285,1,20,59,82,16,3,3,2
92.29,7,12,96,113,12,4,1,1
92.295,12,16,44,65,25,7,9,3
92.3,4,16,6,19,9,10,9,8
92.305,5,7,16,21,5,6,4,3
92.31,3,3,56,19,7,1,2,2
92.315,5,23,22,37,16,8,4,2
92.32,1,2,10,36,11,3,2,1
92.325,2,8,12,34,1,5,3,3
92.33,6,0,12,5,11,7,5,6
92.335,3,3,20,27,0,2,2,0
92.34,3,6,82,56,9,4,1,4
92.345,3,1,29,88,20,8,2,6
92.35,16,39,95,17,10,17,13,28
92.355,5,3,30,39,2,5,2,5
92.36,9,16,47,50,5,3,3,3
92.365,0,6,17,12,5,2,1,0
92.37,6,0,12,60,5,1,5,3
92.375,4,9,54,43,3,7,1,5
92.38,5,4,7,46,9,1,2,2
92.385,3,0,1,10,1,1,1,3
92.39,1,11,9,34,2,0,3,2
92.395,2,13,33,59,13,6,2,1
92.4,1,1,15,26,8,1,2,4
92.405,2,3,57,19,4,4,3,6
92.41,0,0,43,16,5,1,1,2
92.415,4,6,22,1,2,3,1,0
92.42,3,2,4,4,2,1,2,1
92.425,5,7,31,21,2,1,0,2
92.43,11,6,26,49,7,8,0,1
92.435,2,14,23,78,18,10,8,4
92.44,10,2,27,61,12,14,2,3
92.445,9,3,23,26,18,7,2,2
92.45,1,1,6,0,1,2,0,5
92.455,1,3,20,45,2,2,2,0
92.46,5,1,11,26,10,1,3,3
92.465,2,0,13,9,4,1,3,2
92.47,3,0,23,16,4,8,2,1
92.475,2,8,18,16,1,6,5,4
92.48,2,4,10,9,4,4,0,1
92.485,1,1,2,3,2,6,8,5
92.49,1,2,0,15,7,2,6,0
92.495,9,5,60,75,13,2,1,5
92.5,2,8,54,72,13,8,6,1
92.505,5,1,4,7,4,2,9,2
92.51,26,2,2,37,5,5,0,4
92.515,14,3,12,7,3,0,1,0
92.52,25,13,31,4,3,5,9,7
92.525,2,1,11,34,1,3,2,5
92.53,0,3,58,58,14,13,2,2
92.535,56,7,5,5,10,6,5,12
92.54,22,10,7,31,1,12,3,6
92.545,86,24,11,6,2,6,8,16
92.55,79,10,15,2,0,2,3,15
92.555,14,7,28,2,1,2,1,4
92.56,28,3,18,2,3,5,3,6
92.565,69,15,9,27,3,3,4,16
92.57,56,19,53,44,1,11,8,18
92.575,85,21,53,10,10,5,5,39
92.58,66,12,2,11,7,8,18,27
92.585,89,70,95,36,10,25,29,87
92.59,94,40,20,9,5,13,8,3
92.595,59,22,41,3,6,0,13,19
92.6,127,41,53,24,18,28,53,122
92.605,114,66,74,3,4,21,11,48
92.61,86,21,5,3,11,23,53,95
92.615,102,48,115,20,3,35,55,112
92.62,14,41,27,3,4,18,4,49
92.625,72,8,62,19,5,15,32,68
92.63,127,51,97,36,6,34,57,127
92.635,31,2,128,17,2,24,25,83
92.64,7,24,85,24,10,2,23,128
92.645,105,26,82,17,31,22,52,62
92.65,24,21,49,12,14,13,27,11
92.655,18,26,24,3,10,12,11,84
92.66,38,9,113,11,5,17,65,22
92.665,18,34,15,7,4,8,2,6
92.67,68,85,44,6,24,42,62,53
92.675,23,37,2,23,3,7,23,99
92.68,49,1,111,19,16,25,17,4
92.685,78,33,127,2,15,21,49,101
92.69,25,28,35,3,2,9,21,46
92.695,11,17,45,27,28,7,9,9
92.7,28,8,46,7,7,5,1,9
92.705,39,17,10,2,4,7,16,92
92.71,20,4,96,20,8,12,4,31
92.715,15,35,127,16,12,7,9,24
92.72,11,59,36,1,9,0,16,19
92.725,85,70,16,5,7,11,30,104
92.73,74,56,62,25,7,19,48,82
92.735,115,27,58,20,7,6,19,126
92.74,128,75,48,7,5,21,44,96
92.745,40,3,21,2,3,1,17,96
92.75,127,88,89,29,24,27,64,123
92.755,85,20,58,70,50,4,21,49
92.76,13,0,27,7,4,14,21,9
92.765,28,9,23,15,7,18,28,110
92.77,56,59,55,16,12,19,40,15
92.775,46,95,107,27,10,1,3,114
92.78,64,57,89,25,14,10,11,23
92.785,35,31,128,27,46,31,18,6
92.79,88,32,117,21,25,10,20,5
92.795,60,43,49,11,1,4,14,20
92.8,41,26,21,17,3,8,6,83
92.805,46,3,15,35,12,1,1,23
92.81,128,85,9,34,17,15,3,57
92.815,42,15,34,17,2,3,15,124
92.82,109,55,47,12,13,3,7,39
92.825,98,11,1,1,14,8,5,28
92.83,43,2,42,7,15,3,0,67
92.835,12,14,125,25,15,6,12,10
92.84,3,9,61,16,2,4,4,13
92.845,59,37,16,6,6,2,9,27
92.85,43,13,22,11,16,0,3,49
92.855,37,28,7,3,5,2,6,1
92.86,25,11,35,15,3,5,6,12
92.865,87,27,10,12,1,2,6,11
92.87,11,8,15,5,8,4,11,26
92.875,8,26,15,13,12,3,5,11
92.88,6,10,56,4,0,4,3,16
92.885,11,25,27,13,10,8,12,3
92.89,33,3,47,12,6,4,0,11
92.895,19,17,1,5,4,5,3,14
92.9,38,8,16,7,1,2,11,11
92.905,53,6,4,12,3,3,9,21
92.91,15,7,2,3,2,6,8,2
92.915,8,8,11,1,6,15,0,15
92.92,1,4,3,1,1,4,1,9
92.925,6,12,4,8,8,4,7,2
92.93,20,11,14,4,9,6,8,10
92.935,37,2,4,1,4,3,1,12
92.94,17,5,14,3,2,2,0,8
92.945,14,2,8,4,5,4,2,19
92.95,20,3,48,3,10,4,6,12
92.955,34,5,37,5,6,15,10,0
92.96,6,3,6,8,0,3,4,6
92.965,6,4,24,2,3,5,1,3
92.97,23,5,67,2,2,5,6,13
92.975,22,1,5,3,4,3,2,2
92.98,3,4,3,33,6,12,2,1
92.985,12,13,17,18,1,5,7,9
92.99,12,6,0,11,1,0,1,1
92.995,24,1,28,8,3,5,0,10
93,13,4,21,5,6,1,9,2
93.005,12,9,63,23,3,4,4,11
93.01,7,8,19,14,1,3,0,13
93.015,0,8,42,16,3,2,2,14
93.02,1,9,21,44,7,6,4,2
93.025,1,1,40,18,1,0,4,2
93.03,2,4,62,31,2,3,4,4
93.035,6,28,55,60,23,18,10,15
93.04,1,9,11,67,2,5,2,2
93.045,21,22,11,88,27,18,14,13
93.05,9,28,80,87,17,14,7,10
93.055,1,24,5,27,21,13,1,1
93.06,10,1,70,8,5,5,46,6
93.065,19,7,46,8,10,16,3,41
93.07,7,18,30,59,22,32,88,78
93.075,25,1,41,26,6,5,0,2
93.08,8,16,18,97,15,14,19,24
93.085,14,18,44,57,8,5,35,29
93.09,2,12,116,39,5,15,80,41
93.095,7,22,8,44,2,2,117,8
93.1,14,44,54,61,33,49,18,6
93.105,42,58,55,127,41,22,32,11
93.11,54,56,95,95,47,30,22,3
93.115,75,29,53,76,29,21,56,30
93.12,42,6,23,9,12,9,31,39
93.125,18,14,4,33,3,0,27,16
93.13,3,37,110,111,28,19,23,12
93.135,21,24,63,16,11,8,11,17
93.14,24,31,104,74,21,1,14,8
93.145,13,4,6,14,4,8,2,0
93.15,12,10,88,69,2,4,12,3
93.155,12,31,47,71,22,9,10,6
93.16,18,3,21,77,1,11,4,4
93.165,21,9,3,6,14,4,10,11
93.17,15,11,80,75,7,9,9,3
93.175,2,19,60,102,9,3,41,5
93.18,13,7,22,13,11,6,3,10
93.185,8,22,79,83,18,6,17,10
93.19,8,14,70,72,11,7,36,4
93.195,0,24,71,94,23,16,26,7
93.2,6,40,117,102,35,24,1,6
93.205,6,18,62,114,15,3,12,9
93.21,15,3,94,20,0,1,1,9
93.215,6,16,96,22,9,3,1,6
93.22,4,10,32,29,13,12,1,10
93.225,6,12,19,17,6,0,9,4
93.23,14,24,32,57,23,16,20,15
93.235,0,3,2,25,4,6,8,2
93.24,6,14,51,3,2,0,4,2
93.245,9,19,82,42,14,14,5,2
93.25,7,8,71,52,2,1,2,0
93.255,3,9,20,108,9,2,5,0
93.26,2,4,21,18,12,3,1,0
93.265,2,13,73,56,10,9,1,0
93.27,2,15,93,13,13,5,6,0
93.275,4,11,39,58,11,10,7,3
93.28,1,4,34,6,2,3,4,11
93.285,1,1,5,10,3,6,9,20
93.29,1,5,49,14,1,2,11,7
93.295,4,7,10,0,3,5,9,0
93.3,3,5,69,13,7,6,2,1
93.305,1,3,22,7,0,1,4,6
93.31,13,18,52,73,9,13,39,10
93.315,33,51,70,90,58,36,67,25
93.32,9,10,31,44,8,2,9,4
93.325,2,11,94,13,3,5,8,6
93.33,7,3,34,15,18,11,11,10
93.335,14,29,42,41,4,8,13,2
93.34,46,16,11,18,4,2,10,2
93.345,2,16,22,7,16,7,3,5
93.35,6,0,5,19,2,9,10,4
93.355,27,14,1,29,19,12,19,12
93.36,33,21,49,1,3,0,8,10
93.365,30,3,25,4,1,3,1,9
93.37,68,23,7,11,9,8,18,14
93.375,9,13,34,1,4,1,4,3
93.38,13,14,29,21,8,3,11,7
93.385,14,0,56,11,4,3,5,4
93.39,38,6,41,7,2,8,3,11
93.395,20,3,14,6,0,0,2,7
93.4,36,13,67,8,9,2,10,18
93.405,17,10,65,30,7,6,8,10
93.41,2,16,43,62,19,15,5,5
93.415,8,13,32,35,13,6,22,17
93.42,37,9,17,0,3,3,17,4
93.425,1,8,41,24,1,1,7,2
93.43,14,10,41,21,3,2,2,1
93.435,7,2,35,49,5,2,5,3
93.44,7,12,93,49,7,2,4,5
93.445,12,23,97,25,1,1,5,5
93.45,17,26,95,11,7,9,28,11
93.455,17,7,43,16,2,7,28,8
93.46,23,19,6,5,5,10,19,37
93.465,8,7,27,12,5,6,1,3
93.47,7,3,43,35,10,7,4,3
93.475,15,2,1,20,1,3,12,1
93.48,2,5,118,6,0,3,6,12
93.485,5,2,29,35,12,6,7,5
93.49,5,3,17,4,6,5,4,7
93.495,2,15,27,63,6,6,1,0
93.5,4,26,53,50,23,2,2,3
93.505,13,19,23,5,9,1,6,6
93.51,6,13,49,11,5,5,11,5
93.515,3,8,27,13,6,3,0,5
93.52,7,12,51,49,7,5,26,11
93.525,13,19,70,73,21,17,37,15
93.53,2,2,24,8,1,4,1,2
93.535,32,6,31,22,11,7,1,8
93.54,48,10,48,16,13,0,15,8
93.545,88,10,2,25,8,15,11,26
93.55,7,3,10,32,11,3,13,12
93.555,18,2,15,30,19,9,15,14
93.56,11,10,56,7,19,6,1,15
93.565,44,3,14,16,7,8,8,19
93.57,23,23,17,12,9,4,15,5
93.575,28,11,17,1,3,6,3,6
93.58,17,16,91,38,1,1,6,9
93.585,46,2,5,5,2,8,12,10
93.59,21,6,32,16,9,4,8,29
93.595,21,14,46,36,28,7,9,55
93.6,36,16,15,5,8,3,17,17
93.605,27,11,18,18,5,4,22,28
93.61,31,2,11,0,3,4,6,2
93.615,16,16,26,20,3,2,1,14
93.62,18,1,19,8,5,6,11,48
93.625,11,6,19,2,8,1,3,65
93.63,68,30,48,2,4,13,26,88
93.635,67,24,33,28,2,6,8,7
93.64,19,6,15,34,4,3,11,4
93.645,60,19,87,25,25,16,32,81
93.65,61,15,38,32,39,1,1,68
93.655,10,11,79,9,11,4,3,21
93.66,4,3,43,5,0,4,14,1
93.665,11,15,34,2,5,6,3,6
93.67,6,1,19,17,10,5,3,17
93.675,15,1,33,3,5,2,3,6
93.68,3,2,22,2,1,1,1,3
93.685,25,11,5,27,2,6,1,13
93.69,13,0,18,5,5,0,0,22
93.695,18,7,8,3,3,4,11,23
93.7,4,2,28,16,1,4,11,11
93.705,18,9,37,12,8,3,2,59
93.71,3,1,8,2,3,6,11,11
93.715,11,4,31,8,0,5,3,30
93.72,23,1,7,2,1,1,2,21
93.725,31,5,18,2,8,3,5,27
93.73,26,17,7,1,4,10,3,50
93.735,33,18,13,23,19,0,9,73
93.74,55,20,2,13,2,11,16,36
93.745,19,17,67,18,3,6,5,115
93.75,65,80,86,23,14,17,62,78
93.755,49,13,50,4,15,6,15,49
93.76,44,13,13,11,4,17,10,67
93.765,71,22,3,25,29,7,3,12
93.77,37,55,34,4,27,12,31,33
93.775,70,94,102,15,15,31,69,122
93.78,84,35,85,7,11,12,24,69
93.785,31,24,1,4,13,6,2,63
93.79,10,78,10,4,10,14,1,47
93.795,127,117,10,11,23,27,65,127
93.8,52,49,71,41,45,19,52,128
93.805,48,37,36,13,5,1,6,10
93.81,58,20,44,0,18,8,18,75
93.815,42,53,29,11,19,1,13,56
93.82,92,90,1,10,5,5,5,71
93.825,0,34,13,16,0,4,7,12
93.83,102,23,65,18,4,17,7,31
93.835,27,41,13,12,5,1,10,12
93.84,59,68,10,7,16,29,46,90
93.845,25,29,34,23,13,12,8,18
93.85,57,2,11,29,23,0,13,13
93.855,85,4,32,2,21,8,13,13
93.86,66,46,75,15,9,16,15,53
93.865,53,12,128,18,30,13,26,64
93.87,53,19,32,10,3,6,11,1
93.875,0,1,24,8,1,7,3,32
93.88,51,31,3,2,6,4,12,41
93.885,16,54,11,11,1,5,13,31
93.89,5,71,16,9,14,4,14,45
93.895,67,38,30,12,11,11,9,60
93.9,2,4,20,6,2,0,1,27
93.905,54,25,26,9,15,8,18,22
93.91,84,6,24,5,1,3,3,2
93.915,7,43,8,12,15,11,10,10
93.92,44,37,0,3,7,1,2,3
93.925,7,30,20,15,22,6,4,18
93.93,40,35,13,6,8,1,7,36
93.935,10,6,5,4,3,3,3,12
93.94,91,39,8,5,14,18,18,19
93.945,79,1,15,11,3,6,5,14
93.95,37,47,32,23,15,9,10,22
93.955,25,6,13,3,1,2,1,17
93.96,80,13,19,4,7,2,21,48
93.965,4,10,0,7,8,5,13,9
93.97,28,1,33,3,8,16,18,30
93.975,14,3,2,17,11,5,1,9
93.98,34,14,27,29,19,7,4,12
93.985,4,2,2,1,9,6,13,16
93.99,41,33,4,5,7,8,8,26
93.995,33,23,10,24,7,8,13,15
94,18,6,20,35,7,3,2,5
94.005,11,9,5,4,1,7,5,13
94.01,5,15,8,1,3,0,1,9
94.015,1,1,13,2,2,1,4,8
94.02,19,3,11,16,1,1,2,4
94.025,17,6,11,7,2,2,3,4
94.03,24,12,3,3,4,6,1,1
94.035,13,11,34,15,6,5,4,7
94.04,12,4,37,16,4,5,8,3
94.045,4,3,22,6,2,8,2,1
94.05,4,7,2,6,3,8,7,12
94.055,16,0,18,19,0,1,0,10
94.06,17,3,27,16,0,3,4,15
94.065,16,17,7,12,4,8,0,6
94.07,8,5,35,3,2,2,2,8
94.075,1,0,31,9,5,4,4,2
94.08,12,2,15,32,9,2,2,7
94.085,17,18,56,12,1,4,10,5
94.09,46,17,79,46,13,6,5,3
94.095,18,9,11,13,8,7,14,11
94.1,2,5,20,49,1,1,1,3
94.105,21,16,39,62,6,1,1,0
94.11,2,12,7,13,13,7,4,3
94.115,13,1,80,38,10,8,8,12
94.12,5,16,119,64,7,10,5,1
94.125,20,18,77,67,5,4,2,2
94.13,33,3,10,63,4,3,4,7
94.135,3,11,19,6,5,8,6,0
94.14,16,31,58,61,24,10,11,10
94.145,7,26,84,91,25,6,8,2
94.15,28,2,55,36,7,1,1,12
94.155,10,24,32,58,24,24,6,11
94.16,2,12,70,22,1,4,2,10
94.165,12,21,78,26,8,1,7,14
94.17,13,23,103,17,1,2,0,5
94.175,5,23,27,56,20,12,7,4
94.18,6,5,56,15,2,0,4,1
94.185,10,14,47,18,11,9,7,7
94.19,3,18,44,54,12,14,6,8
94.195,1,4,5,7,4,4,2,3
94.2,5,4,10,10,3,1,4,6
94.205,20,21,78,58,11,1,10,5
94.21,8,15,54,26,1,0,6,3
94.215,7,34,94,104,24,7,3,11
94.22,1,7,42,60,13,6,5,6
94.225,0,2,11,32,0,1,1,4
94.23,7,6,21,22,5,1,2,1
94.235,11,7,9,56,11,6,1,0
94.24,4,11,31,40,17,8,3,6
94.245,8,18,16,70,18,12,7,2
94.25,2,2,53,23,3,1,3,5
94.255,5,14,16,57,9,11,2,4
94.26,7,8,26,26,4,0,0,7
94.265,4,1,16,1,0,4,5,2
94.27,2,4,13,14,5,2,2,1
94.275,2,3,17,44,7,7,0,1
94.28,4,8,1,57,14,6,2,4
94.285,0,2,5,18,2,6,0,0
94.29,0,1,6,12,5,3,0,2
94.295,0,1,19,30,3,2,2,3
94.3,1,5,5,23,12,9,4,4
94.305,4,3,11,29,1,1,2,3
94.31,11,28,41,81,19,21,9,9
94.315,4,3,2,25,0,6,0,2
94.32,2,5,0,25,3,2,5,10
94.325,1,4,24,3,4,4,1,4
94.33,3,2,1,22,4,2,3,3
94.335,3,4,12,20,0,8,4,0
94.34,0,3,21,24,12,2,4,1
94.345,8,10,14,2,39,4,3,4
94.35,5,8,18,36,17,8,4,6
94.355,10,17,38,46,18,13,7,9
94.36,3,2,21,17,3,5,1,3
94.365,2,3,23,10,12,6,4,1
94.37,1,3,38,8,2,8,27,3
94.375,5,2,25,4,8,7,39,9
94.38,7,5,29,3,6,3,1,7
94.385,2,2,9,10,2,0,2,2
94.39,11,13,7,9,14,7,10,6
94.395,2,1,2,29,9,5,17,14
94.4,6,8,26,29,19,8,6,2
94.405,7,16,67,81,17,3,1,1
94.41,5,11,76,85,8,4,3,4
94.415,5,1,19,79,1,1,1,1
94.42,4,3,31,3,9,3,4,3
94.425,2,4,15,0,4,2,8,2
94.43,6,6,25,5,7,1,9,2
94.435,4,6,22,24,5,4,2,0
94.44,8,2,47,12,6,2,2,1
94.445,0,5,15,0,2,8,1,3
94.45,3,1,17,31,7,3,4,0
94.455,4,1,12,36,3,0,3,2
94.46,0,3,1,9,2,0,2,2
94.465,2,8,26,19,6,1,6,2
94.47,0,8,38,40,7,8,3,1
94.475,1,2,15,46,4,5,6,1
94.48,6,2,20,44,6,4,3,0
94.485,1,9,30,58,11,6,9,4
94.49,3,6,16,35,7,1,2,1
94.495,3,10,14,40,16,2,7,1
94.5,7,7,8,12,14,1,1,2
94.505,2,4,9,15,5,0,2,0
94.51,5,7,8,18,8,3,4,4
94.515,2,2,14,34,0,1,2,5
94.52,0,1,9,29,4,4,2,2
94.525,8,7,11,0,7,2,2,8
94.53,1,5,6,7,16,6,1,3
94.535,15,5,2,8,9,4,2,4
94.54,14,4,8,29,1,0,3,4
94.545,10,16,5,38,8,8,5,10
94.55,11,9,5,9,12,5,6,11
94.555,23,3,5,7,7,3,8,43
94.56,3,3,1,6,1,2,9,5
94.565,25,4,17,2,6,11,15,7
94.57,3,1,11,9,4,0,4,13
94.575,3,4,2,23,7,3,6,7
94.58,11,1,5,5,1,4,8,32
94.585,17,2,12,9,2,2,2,26
94.59,1,1,11,5,3,5,7,39
94.595,18,7,19,14,1,3,1,6
94.6,10,10,9,33,6,6,5,9
94.605,1,0,34,3,3,2,6,5
94.61,1,2,15,14,15,2,0,10
94.615,7,2,0,19,23,1,2,1
94.62,5,4,13,6,1,1,5,14
94.625,4,6,22,6,3,4,0,12
94.63,2,10,20,3,6,4,5,10
94.635,2,3,10,9,4,4,9,12
94.64,3,1,6,8,4,1,1,5
94.645,7,1,7,3,2,2,1,11
94.65,12,1,13,16,0,3,5,5
94.655,14,23,31,8,5,5,4,10
94.66,4,4,54,11,0,5,1,1
94.665,0,6,35,5,0,2,1,2
94.67,1,2,23,6,5,1,2,1
94.675,2,1,33,11,2,0,1,0
94.68,2,3,1,5,3,0,0,3
94.685,5,2,13,6,5,0,1,5
94.69,5,7,7,12,18,3,3,0
94.695,3,2,10,6,0,2,3,1
94.7,1,2,18,7,2,6,6,4
94.705,4,3,5,4,2,5,4,2
94.71,16,2,12,10,4,3,2,6
94.715,27,11,14,19,5,4,2,55
94.72,33,16,4,1,1,6,18,105
94.725,38,6,13,19,10,8,18,70
94.73,30,13,0,4,1,10,11,62
94.735,48,9,16,14,6,0,14,97
94.74,39,16,16,9,8,2,15,31
94.745,37,7,63,5,1,5,2,49
94.75,22,7,40,7,13,9,2,87
94.755,88,41,34,37,24,5,21,126
94.76,16,4,13,12,11,1,6,93
94.765,48,61,56,17,33,29,40,83
94.77,27,9,24,49,0,11,6,38
94.775,1,18,20,10,28,2,6,21
94.78,28,3,13,11,3,1,1,44
94.785,40,18,45,3,12,1,11,45
94.79,35,23,16,7,13,10,15,35
94.795,125,40,11,17,6,3,5,34
94.8,69,41,19,2,7,4,10,13
94.805,29,13,34,23,10,2,6,10
94.81,69,1,11,7,5,5,4,30
94.815,18,18,18,8,3,8,3,25
94.82,84,25,7,43,13,2,8,41
94.825,35,12,20,1,7,1,13,37
94.83,12,1,1,25,12,6,8,0
94.835,11,8,1,8,16,3,12,29
94.84,21,1,10,3,18,7,19,85
94.845,58,14,5,3,2,5,10,89
94.85,22,3,7,21,12,0,1,56
94.855,53,33,5,23,10,9,8,39
94.86,89,18,12,0,6,9,10,33
94.865,9,51,48,39,1,8,14,64
94.87,31,10,49,1,14,9,18,81
94.875,36,37,24,8,10,6,8,28
94.88,31,5,18,41,13,2,7,32
94.885,53,14,6,0,15,6,7,21
94.89,14,7,37,9,2,2,5,5
94.895,5,4,9,2,7,5,6,19
94.9,1,6,6,10,3,2,3,13
94.905,14,28,93,8,15,9,10,23
94.91,15,42,92,18,24,15,11,28
94.915,2,4,68,11,2,1,6,35
94.92,10,17,57,17,6,1,16,94
94.925,8,3,15,12,3,5,24,85
94.93,16,7,13,1,53,17,10,94
94.935,19,21,36,2,78,10,3,2
94.94,20,39,8,9,17,0,6,54
94.945,74,79,59,21,1,15,9,41
94.95,50,22,7,7,8,6,3,16
94.955,42,2,18,2,22,11,10,6
94.96,15,2,18,20,8,10,7,3
94.965,51,14,58,17,53,10,26,68
94.97,54,61,32,4,38,1,17,102
94.975,88,38,15,40,16,3,14,47
94.98,95,14,58,31,1,4,7,48
94.985,63,6,68,10,17,7,9,38
94.99,31,42,94,12,37,16,25,49
94.995,127,67,44,11,44,15,36,58
95,108,17,26,9,2,6,5,5
95.005,67,15,23,6,12,1,13,54
95.01,26,36,47,17,4,5,0,38
95.015,20,69,4,15,45,6,2,3
95.02,22,45,8,1,51,12,11,20
95.025,61,2,22,2,5,4,14,27
95.03,56,12,43,2,0,4,0,6
95.035,113,39,3,13,19,3,5,28
95.04,128,66,4,4,31,10,33,110
95.045,127,61,20,25,12,5,20,123
95.05,35,62,16,2,16,10,18,66
95.055,23,39,23,2,11,6,2,6
95.06,84,28,2,4,18,6,8,31
95.065,9,7,2,3,0,1,1,36
95.07,64,5,4,3,13,1,14,45
95.075,42,7,2,6,13,3,3,25
95.08,33,11,4,10,5,10,1,13
95.085,11,10,25,3,6,1,3,8
95.09,36,12,14,4,0,7,10,13
95.095,109,47,28,23,13,22,27,35
95.1,24,9,30,28,5,6,0,9
95.105,24,10,30,12,2,0,37,12
95.11,15,17,18,13,8,15,19,22
95.115,42,22,19,8,3,16,16,30
95.12,0,7,28,42,12,14,22,14
95.125,2,1,13,1,7,4,15,1
95.13,20,5,59,28,4,1,2,15
95.135,33,5,14,4,3,1,39,13
95.14,27,3,22,11,9,1,15,5
95.145,4,2,5,2,2,1,7,12
95.15,13,4,22,1,2,0,22,12
95.155,19,5,47,9,8,6,3,1
95.16,1,1,9,27,6,3,34,26
95.165,41,3,52,3,1,1,3,5
95.17,63,1,17,23,1,0,5,9
95.175,3,8,11,6,1,2,18,1
95.18,19,1,38,3,4,3,5,11
95.185,8,2,38,1,4,1,15,5
95.19,3,15,17,8,6,4,2,6
95.195,90,38,11,5,2,6,7,10
95.2,110,37,17,21,1,0,7,2
95.205,52,6,5,6,2,2,13,10
95.21,27,11,17,0,2,3,4,4
95.215,1,5,5,6,4,3,4,2
95.22,31,19,2,1,0,2,3,6
95.225,37,6,9,7,0,0,3,2
95.23,13,9,14,13,1,3,1,3
95.235,15,5,58,12,8,10,1,12
95.24,12,14,2,13,1,3,7,3
95.245,37,11,23,1,0,0,8,3
95.25,20,6,23,1,3,2,2,0
95.255,15,6,15,6,2,3,3,3
95.26,2,7,8,2,5,1,3,2
95.265,0,12,28,25,1,1,1,4
95.27,3,12,56,72,12,2,5,1
95.275,14,10,39,41,7,6,4,12
95.28,18,12,28,14,5,10,8,11
95.285,1,1,3,24,8,7,2,4
95.29,2,12,79,108,12,11,7,1
95.295,23,20,74,38,9,5,2,1
95.3,40,9,4,5,7,5,5,16
95.305,33,4,28,80,12,6,10,11
95.31,5,19,5,56,13,9,3,10
95.315,5,1,30,9,5,2,1,2
95.32,10,9,11,37,8,9,7,6
95.325,8,10,94,46,3,9,2,5
95.33,10,20,52,78,14,9,4,5
95.335,16,2,11,57,7,4,2,5
95.34,11,23,43,123,36,14,11,6
95.345,1,3,6,9,3,1,2,14
95.35,31,13,16,26,14,6,8,21
95.355,28,32,85,101,33,21,20,56
95.36,0,12,57,32,1,7,0,5
95.365,0,6,6,39,14,10,10,9
95.37,8,7,28,21,11,2,5,2
95.375,22,11,47,85,16,11,9,10
95.38,27,7,56,85,5,3,2,11
95.385,5,36,35,71,46,21,21,7
95.39,7,18,60,81,14,7,3,3
95.395,22,5,17,67,5,5,1,6
95.4,27,6,42,78,5,3,1,5
95.405,6,12,8,44,5,3,2,2
95.41,12,14,9,27,18,15,12,12
95.415,6,11,22,28,10,9,7,8
95.42,3,1,1,27,12,3,4,8
95.425,2,2,12,32,2,3,5,7
95.43,20,28,119,118,32,14,5,6
95.435,7,3,34,9,4,4,3,1
95.44,5,12,15,20,4,6,3,4
95.445,8,3,36,18,6,1,1,3
95.45,2,7,23,54,17,6,1,1
95.455,1,8,48,53,12,8,1,3
95.46,1,2,7,18,1,0,4,3
95.465,7,16,41,65,5,5,1,1
95.47,7,20,11,69,11,7,3,7
95.475,4,3,25,57,11,11,5,3
95.48,12,14,64,35,4,3,5,1
95.485,2,3,8,13,12,11,6,5
95.49,1,4,9,3,2,4,5,5
95.495,0,3,8,20,10,2,0,2
95.5,1,2,9,4,11,4,3,0
95.505,1,2,13,16,10,3,2,1
95.51,2,0,14,18,10,6,2,1
95.515,6,10,19,35,14,3,10,5
95.52,0,0,13,18,5,3,1,1
95.525,1,0,10,24,1,2,4,1
95.53,12,12,2,41,13,4,4,2
95.535,14,2,24,5,12,1,1,2
95.54,56,16,5,2,0,4,6,7
95.545,1,7,27,28,3,1,6,1
95.55,1,6,15,64,1,1,1,7
95.555,12,5,16,23,1,2,2,1
95.56,28,15,9,6,2,8,1,3
95.565,2,19,14,18,23,6,3,1
95.57,43,38,17,8,28,9,12,4
95.575,2,5,18,44,17,16,10,5
95.58,10,27,50,62,24,19,9,10
95.585,7,1,7,38,5,4,1,2
95.59,15,7,14,6,4,1,4,1
95.595,10,0,5,7,8,5,5,1
95.6,5,8,19,33,8,6,5,5
95.605,1,2,3,15,7,3,2,4
95.61,4,1,21,6,2,3,3,3
95.615,10,0,12,7,3,0,1,4
95.62,7,1,4,24,2,2,3,3
95.625,6,14,34,48,14,6,3,3
95.63,1,12,15,38,18,3,0,3
95.635,6,4,14,1,18,1,7,1
95.64,5,0,11,15,3,0,1,1
95.645,10,3,21,14,0,14,4,3
95.65,3,1,14,4,1,2,0,1
95.655,0,2,1,11,9,0,2,1
95.66,4,2,1,3,2,6,2,2
95.665,2,1,10,1,5,4,3,1
95.67,13,1,2,4,3,6,9,5
95.675,51,20,7,30,14,6,4,8
95.68,0,3,19,40,8,6,6,1
95.685,9,6,16,12,7,3,5,4
95.69,16,8,36,36,6,1,1,1
95.695,1,3,21,14,12,4,5,0
95.7,11,2,2,0,6,8,9,10
95.705,8,1,16,38,1,1,1,3
95.71,18,17,37,91,16,8,4,3
95.715,17,4,20,15,7,6,1,3
95.72,10,4,12,5,10,6,4,5
95.725,21,6,6,3,4,5,1,2
95.73,18,5,2,34,1,6,2,2
95.735,67,9,3,9,0,1,4,6
95.74,12,8,12,7,1,6,2,1
95.745,15,1,8,2,2,4,1,1
95.75,34,8,15,1,0,3,1,2
95.755,19,14,3,3,2,1,1,1
95.76,35,9,6,10,6,8,8,25
95.765,9,7,13,17,14,4,3,3
95.77,76,16,5,10,1,18,11,28
95.775,36,16,14,8,6,6,10,15
95.78,21,9,18,36,7,6,2,6
95.785,12,14,11,58,16,4,0,6
95.79,23,5,28,18,5,7,12,31
95.795,14,8,11,10,3,4,0,1
95.8,5,7,8,17,0,6,1,8
95.805,14,2,8,2,2,2,5,4
95.81,3,5,2,5,11,0,2,9
95.815,5,3,3,1,8,4,4,2
95.82,4,6,3,21,7,7,4,4
95.825,25,6,10,12,6,2,1,31
95.83,6,7,8,0,2,7,1,14
95.835,13,8,0,2,0,4,1,36
95.84,7,2,3,26,10,7,0,1
95.845,16,7,10,5,3,2,5,8
95.85,18,8,5,14,5,1,1,6
95.855,12,3,0,2,12,5,4,15
95.86,15,6,3,2,3,8,7,18
95.865,8,0,2,8,7,1,1,3
95.87,14,2,2,17,0,5,3,2
95.875,1,5,2,8,13,1,0,10
95.88,12,8,5,18,1,2,5,8
95.885,4,13,14,2,2,3,3,2
95.89,20,10,37,14,2,2,0,2
95.895,33,4,2,15,2,6,4,7
95.9,90,11,2,4,8,16,4,9
95.905,19,5,1,10,3,3,4,9
95.91,13,0,14,1,3,3,0,4
95.915,18,9,7,3,4,1,2,1
95.92,45,13,5,5,0,3,1,8
95.925,3,1,12,20,7,5,1,9
95.93,49,13,3,11,12,9,5,12
95.935,20,3,14,3,7,8,2,3
95.94,9,10,13,10,3,1,5,8
95.945,19,2,12,4,5,3,2,3
95.95,66,11,11,13,10,6,8,28
95.955,87,7,11,2,10,5,7,16
95.96,15,18,22,12,34,2,3,10
95.965,11,4,11,7,2,7,13,21
95.97,68,7,9,7,2,6,4,20
95.975,30,17,8,10,3,8,0,4
95.98,51,13,0,5,7,2,4,44
95.985,15,10,4,10,6,11,2,10
95.99,55,16,0,12,9,2,3,10
95.995,34,9,10,9,6,9,5,32
96,32,11,1,4,14,13,3,38
96.005,30,16,3,9,7,11,5,10
96.01,10,4,14,4,7,3,13,52
96.015,86,26,9,8,11,10,11,18
96.02,39,2,11,11,9,5,6,16
96.025,10,12,32,8,12,2,8,2
96.03,75,10,61,16,13,7,11,53
96.035,125,35,4,9,10,9,2,8
96.04,14,82,43,12,7,4,8,8
96.045,76,17,32,18,2,2,6,20
96.05,125,41,8,20,9,2,9,66
96.055,84,56,19,45,7,7,18,79
96.06,84,110,26,1,13,22,19,37
96.065,88,28,79,5,35,10,24,0
96.07,23,80,43,32,4,6,0,43
96.075,59,92,31,11,20,23,37,73
96.08,126,59,42,6,6,13,20,97
96.085,128,1,33,7,18,2,11,6
96.09,56,43,47,26,14,10,6,37
96.095,65,28,7,21,15,14,16,47
96.1,107,19,12,11,7,1,17,65
96.105,83,49,5,27,33,10,18,20
96.11,14,58,2,11,2,8,7,46
96.115,119,33,15,3,9,4,6,20
96.12,27,7,7,20,5,3,7,21
96.125,57,19,9,5,14,7,7,5
96.13,29,9,16,15,4,1,6,4
96.135,47,8,8,5,2,4,1,27
96.14,11,20,15,3,5,4,6,28
96.145,14,10,18,5,2,2,10,29
96.15,18,8,1,14,13,7,10,11
96.155,30,4,9,15,5,1,6,6
96.16,24,4,19,17,1,0,3,5
96.165,20,10,19,1,2,6,68,23
96.17,21,2,31,4,8,4,35,8
96.175,30,8,15,8,9,11,42,39
96.18,23,2,17,10,5,0,3,3
96.185,4,3,20,15,1,10,18,29
96.19,31,1,42,20,13,1,36,16
96.195,6,5,21,6,13,5,16,6
96.2,40,23,10,5,10,2,6,7
96.205,44,3,8,8,8,1,41,4
96.21,14,16,42,7,6,1,6,25
96.215,38,13,57,23,5,7,7,28
96.22,8,4,9,19,10,8,28,9
96.225,3,5,22,19,7,12,19,22
96.23,18,3,79,5,7,10,20,14
96.235,37,10,17,24,1,4,19,10
96.24,0,1,43,45,4,5,19,14
96.245,48,16,2,18,10,14,24,17
96.25,9,9,12,30,2,1,1,10
96.255,10,4,17,24,4,2,12,9
96.26,3,1,35,4,2,3,4,5
96.265,18,4,92,38,11,2,10,15
96.27,6,13,30,38,6,14,0,11
96.275,14,20,75,54,8,5,4,2
96.28,4,10,81,40,5,2,5,1
96.285,2,20,12,17,7,4,4,4
96.29,6,5,39,2,2,3,8,1
96.295,10,1,1,16,3,5,6,0
96.3,4,10,20,2,6,5,4,3
96.305,3,4,18,7,3,0,2,2
96.31,6,4,1,20,0,2,3,7
96.315,7,2,31,51,2,1,4,7
96.32,10,10,28,9,12,11,4,6
96.325,6,5,26,36,12,6,3,4
96.33,1,15,11,15,11,2,2,0
96.335,8,20,85,58,19,8,4,1
96.34,13,25,25,96,22,14,9,3
96.345,9,1,44,26,3,4,6,2
96.35,1,6,0,2,5,0,0,0
96.355,3,10,8,7,8,10,5,1
96.36,3,0,24,35,3,0,3,0
96.365,8,6,17,44,11,16,15,10
96.37,11,2,4,19,8,8,9,1
96.375,2,19,106,97,14,5,1,3
96.38,14,35,117,95,23,11,10,7
96.385,1,2,56,14,0,2,5,4
96.39,0,4,7,2,5,2,7,18
96.395,3,11,8,12,7,11,11,7
96.4,11,20,20,36,19,11,11,9
96.405,10,3,12,35,1,2,0,8
96.41,5,3,14,6,7,4,3,9
96.415,4,9,49,25,1,0,2,8
96.42,5,2,20,2,4,6,6,2
96.425,13,5,7,7,2,1,0,14
96.43,0,5,71,2,2,4,2,4
96.435,4,14,92,18,3,0,4,2
96.44,5,25,80,16,13,10,5,9
96.445,0,5,11,20,3,2,2,2
96.45,5,4,3,3,12,6,8,2
96.455,2,6,76,86,11,4,2,2
96.46,8,9,59,26,8,1,1,5
96.465,5,3,41,33,2,8,8,3
96.47,7,9,17,16,8,2,5,9
96.475,0,1,24,26,3,3,0,1
96.48,6,21,72,105,22,15,10,6
96.485,7,10,99,23,7,4,5,4
96.49,9,22,6,98,23,12,3,13
96.495,1,4,19,39,11,2,5,2
96.5,3,5,7,1,0,2,9,0
96.505,2,12,10,37,11,2,10,2
96.51,3,13,60,48,12,6,2,0
96.515,2,7,18,60,9,1,3,2
96.52,2,13,68,52,12,1,5,0
96.525,2,2,21,16,2,6,2,1
96.53,5,3,18,3,1,4,3,3
96.535,6,3,23,5,3,1,1,2
96.54,1,3,18,14,1,2,5,5
96.545,0,3,26,9,2,0,1,1
96.55,0,2,5,5,1,3,2,0
96.555,6,5,35,39,7,0,2,3
96.56,12,19,52,89,19,9,11,2
96.565,1,1,19,13,0,5,1,1
96.57,3,4,16,4,3,1,2,3
96.575,9,12,59,35,11,4,3,2
96.58,3,11,47,36,7,4,0,1
96.585,0,5,9,1,5,10,1,1
96.59,1,5,24,32,8,5,2,0
96.595,5,2,23,29,3,5,3,1
96.6,0,4,23,3,4,1,3,2
96.605,7,12,29,23,13,1,2,3
96.61,1,2,25,11,1,2,3,3
96.615,0,2,4,16,13,4,4,2
96.62,3,6,17,55,8,7,4,0
96.625,3,5,21,27,0,0,1,2
96.63,2,4,8,7,2,0,1,1
96.635,8,17,43,35,12,11,6,5
96.64,4,5,7,7,4,2,3,4
96.645,13,12,32,31,11,6,5,4
96.65,8,10,37,22,16,2,7,6
96.655,18,2,7,9,2,4,1,3
96.66,88,22,16,29,2,3,2,11
96.665,2,12,32,55,4,3,2,1
96.67,11,9,30,22,11,4,3,4
96.675,21,7,1,5,2,7,2,5
96.68,21,4,8,6,9,8,7,1
96.685,1,7,15,24,7,2,1,0
96.69,2,16,53,40,7,5,2,1
96.695,31,8,28,13,7,1,0,4
96.7,16,3,40,36,11,10,7,7
96.705,4,5,31,11,1,2,4,4
96.71,10,7,9,7,1,3,1,6
96.715,3,11,34,35,7,3,3,1
96.72,6,13,34,2,1,0,1,12
96.725,3,5,21,12,5,9,0,0
96.73,17,5,10,21,3,0,4,4
96.735,15,5,11,4,2,8,2,13
96.74,13,9,47,33,6,0,11,26
96.745,8,13,14,10,18,2,8,8
96.75,23,10,2,16,4,12,8,10
96.755,33,4,13,1,2,0,2,4
96.76,23,17,22,3,5,2,8,14
96.765,14,0,4,15,11,10,9,12
96.77,8,0,8,17,12,1,6,11
96.775,11,5,1,18,10,8,10,38
96.78,22,11,15,16,4,6,4,0
96.785,20,2,16,65,8,3,5,1
96.79,26,14,14,68,7,1,5,14
96.795,21,5,3,9,5,4,3,15
96.8,3,1,1,11,2,6,5,6
96.805,31,10,18,9,3,16,12,14
96.81,3,8,17,21,11,1,1,40
96.815,12,11,14,2,0,3,4,41
96.82,25,0,12,12,6,6,4,43
96.825,19,10,8,1,4,2,7,77
96.83,36,10,7,7,2,5,5,51
96.835,79,10,25,17,6,12,16,53
96.84,4,12,24,7,4,10,14,31
96.845,7,7,3,11,1,3,0,18
96.85,7,4,25,13,6,3,7,8
96.855,18,1,10,11,5,13,19,41
96.86,11,5,38,2,4,7,5,15
96.865,10,18,14,16,12,12,17,5
96.87,12,3,1,1,6,6,9,41
96.875,8,9,5,14,11,3,4,23
96.88,7,13,47,14,3,2,4,9
96.885,93,25,7,4,9,8,6,37
96.89,31,16,10,24,6,0,4,25
96.895,94,59,0,26,3,11,16,77
96.9,27,9,12,7,10,10,2,30
96.905,12,7,34,10,19,3,6,61
96.91,90,3,59,16,9,1,3,4
96.915,2,40,10,9,6,14,11,63
96.92,93,33,18,7,5,6,13,65
96.925,15,40,30,17,14,4,6,120
96.93,18,6,30,1,1,9,22,81
96.935,25,13,9,13,4,2,17,36
96.94,61,4,23,11,0,5,7,85
96.945,28,8,18,0,2,2,20,93
96.95,13,2,5,2,8,4,10,60
96.955,53,2,5,2,1,7,24,75
96.96,55,4,14,4,8,9,5,46
96.965,67,1,1,7,15,2,17,68
96.97,50,12,11,6,2,4,4,15
96.975,36,22,13,8,25,5,9,37
96.98,21,36,19,3,24,4,13,104
96.985,4,8,5,1,18,6,4,15
96.99,12,10,71,41,30,10,12,5
96.995,127,55,31,11,3,5,15,83
97,87,4,2,11,3,7,30,99
97.005,47,34,17,9,1,6,6,41
97.01,74,40,20,16,4,5,12,14
97.015,69,21,15,4,2,6,3,10
97.02,105,23,3,25,20,1,14,52
97.025,98,33,35,6,7,0,8,14
97.03,34,15,7,7,4,3,8,2
97.035,4,13,2,8,11,1,2,7
97.04,77,26,19,14,9,10,16,57
97.045,26,32,16,2,3,11,15,69
97.05,102,44,4,3,1,5,15,51
97.055,62,17,15,2,20,3,9,48
97.06,128,15,17,4,13,7,11,35
97.065,99,5,43,7,4,6,2,4
97.07,11,0,21,17,4,3,7,19
97.075,98,9,23,1,4,6,5,22
97.08,71,0,12,15,12,9,3,24
97.085,59,20,22,15,2,9,13,60
97.09,56,22,12,14,7,0,8,10
97.095,128,86,14,3,15,13,22,18
97.1,102,21,13,14,3,3,6,8
97.105,4,8,1,2,1,3,2,22
97.11,27,7,34,1,0,6,10,19
97.115,80,10,47,6,15,5,0,17
97.12,50,3,1,4,6,5,3,14
97.125,31,7,10,6,2,1,7,26
97.13,0,6,4,0,3,3,2,5
97.135,26,9,4,4,8,1,4,4
97.14,3,2,1,2,4,0,2,30
97.145,10,2,2,2,5,6,3,11
97.15,6,1,3,5,2,3,6,18
97.155,22,4,2,4,2,8,29,36
97.16,11,6,13,2,5,5,20,6
97.165,19,19,29,5,4,11,20,31
97.17,49,18,12,1,1,1,3,4
97.175,4,14,3,3,2,10,8,13
97.18,34,9,10,2,3,1,11,8
97.185,30,14,15,6,5,11,10,13
97.19,65,18,4,5,5,2,24,8
97.195,12,2,31,5,7,10,53,24
97.2,18,8,1,1,2,0,8,0
97.205,18,9,10,3,1,5,7,10
97.21,3,7,15,3,1,4,3,2
97.215,15,7,17,2,3,4,11,2
97.22,11,1,15,15,2,6,1,23
97.225,3,3,14,18,1,4,0,1
97.23,5,4,18,12,2,5,6,7
97.235,24,3,13,22,3,2,3,3
97.24,36,1,15,56,5,7,6,6
97.245,39,21,36,79,11,14,18,3
97.25,9,35,36,104,25,25,29,3
97.255,37,12,9,10,1,9,8,18
97.26,24,0,4,32,9,6,10,4
97.265,21,13,2,39,5,5,8,18
97.27,8,1,25,12,4,1,4,29
97.275,23,17,50,92,17,2,8,10
97.28,13,20,32,62,23,14,7,7
97.285,2,8,42,96,10,8,7,3
97.29,43,43,20,37,38,31,40,24
97.295,62,17,19,50,9,8,19,42
97.3,20,12,8,36,1,9,8,2
97.305,33,12,42,43,15,4,8,21
97.31,14,7,33,0,0,6,7,31
97.315,3,6,6,13,4,7,0,5
97.32,12,11,51,34,5,4,16,8
97.325,1,18,25,128,21,9,2,16
97.33,8,0,37,13,0,6,11,12
97.335,3,3,6,18,13,0,7,30
97.34,22,9,26,39,18,4,2,13
97.345,8,0,14,0,6,3,0,4
97.35,24,35,64,69,25,16,18,6
97.355,18,15,55,42,5,2,6,17
97.36,26,3,16,54,12,3,0,3
97.365,27,20,82,128,27,12,10,1
97.37,35,9,23,44,5,7,13,7
97.375,4,14,31,67,17,15,8,0
97.38,31,11,44,41,10,18,3,16
97.385,12,19,48,60,6,2,5,10
97.39,12,17,42,62,18,9,12,2
97.395,4,9,29,27,3,1,1,3
97.4,6,15,37,22,10,2,0,2
97.405,1,7,71,44,18,10,3,4
97.41,6,2,83,36,7,4,3,12
97.415,11,11,11,64,23,11,9,5
97.42,9,1,26,17,3,1,1,0
97.425,15,11,34,31,9,2,8,8
97.43,2,12,83,64,10,8,5,11
97.435,13,2,14,11,1,6,5,13
97.44,11,10,21,20,7,8,6,11
97.445,2,6,5,10,1,1,3,6
97.45,3,13,19,73,14,7,2,7
97.455,3,1,19,50,3,1,0,2
97.46,7,12,8,35,15,1,2,3
97.465,2,14,13,38,12,0,6,4
97.47,10,6,4,31,0,0,2,2
97.475,10,10,16,37,12,4,8,4
97.48,18,1,30,70,3,0,29,2
97.485,61,25,69,72,13,10,17,32
97.49,14,4,17,100,11,3,10,8
97.495,5,2,25,36,1,6,13,12
97.5,4,14,20,69,11,1,21,25
97.505,6,11,50,62,5,5,19,8
97.51,7,12,59,57,4,2,4,1
97.515,5,15,5,68,8,11,20,3
97.52,2,4,41,15,9,6,9,9
97.525,44,18,18,34,18,13,26,22
97.53,36,11,27,84,16,12,17,11
97.535,40,9,0,49,1,0,4,32
97.54,2,4,5,14,0,1,15,3
97.545,6,6,51,29,9,9,44,3
97.55,10,4,17,9,2,3,11,4
97.555,20,9,65,34,3,0,10,2
97.56,25,10,21,40,9,7,22,4
97.565,0,8,52,40,5,0,18,10
97.57,7,17,76,79,19,5,20,0
97.575,7,5,14,19,7,0,7,4
97.58,13,4,36,13,5,9,1,5
97.585,9,6,20,31,6,3,10,9
97.59,3,14,32,58,3,2,1,4
97.595,25,15,58,83,10,6,2,1
97.6,8,8,15,30,3,1,9,4
97.605,12,16,10,41,8,4,4,9
97.61,5,1,11,5,5,1,3,5
97.615,15,0,11,7,4,1,0,4
97.62,4,9,10,12,3,1,7,1
97.625,14,13,1,2,8,10,0,10
97.63,5,4,57,33,11,5,14,2
97.635,25,6,19,20,3,0,6,8
97.64,36,9,4,1,2,5,11,10
97.645,6,1,8,5,0,5,6,1
97.65,12,7,37,41,3,8,27,3
97.655,5,6,30,36,6,5,45,6
97.66,14,9,40,27,10,8,6,3
97.665,5,2,8,57,8,3,13,5
97.67,2,5,20,15,3,3,0,1
97.675,1,7,15,83,2,3,15,4
97.68,3,15,42,85,16,1,9,3
97.685,6,8,15,31,2,6,9,2
97.69,1,3,3,24,3,8,5,2
97.695,7,9,4,4,9,7,12,1
97.7,10,7,3,15,5,3,6,1
97.705,7,2,1,13,0,0,3,1
97.71,3,6,29,34,10,2,10,3
97.715,34,4,5,22,19,12,3,13
97.72,0,6,11,2,8,2,9,1
97.725,6,1,3,10,3,1,5,4
97.73,26,6,5,14,7,6,3,10
97.735,10,2,0,10,4,0,1,2
97.74,17,7,14,7,4,2,5,5
97.745,3,1,5,15,13,1,1,1
97.75,8,3,6,24,1,1,2,6
97.755,9,2,7,15,3,7,17,4
97.76,17,0,3,9,2,8,4,0
97.765,5,6,12,10,13,7,1,1
97.77,32,9,36,3,11,4,6,3
97.775,4,7,13,6,2,4,14,3
97.78,3,0,20,20,3,5,6,7
97.785,4,9,2,45,8,5,5,4
97.79,23,11,11,9,18,11,10,12
97.795,3,1,13,12,14,2,5,19
97.8,15,6,16,23,3,5,9,12
97.805,31,14,23,12,2,7,9,33
97.81,16,0,7,42,8,10,12,7
97.815,36,3,0,9,10,4,14,15
97.82,41,10,2,3,0,13,12,31
97.825,22,4,14,7,2,6,4,29
97.83,50,15,12,9,9,9,16,92
97.835,78,21,24,12,2,5,10,31
97.84,23,14,1,4,3,12,1,1
97.845,19,1,10,8,5,2,6,27
97.85,48,11,13,10,21,11,13,51
97.855,108,43,13,4,7,29,44,90
97.86,43,43,69,38,29,10,24,48
97.865,82,43,9,7,11,36,60,72
97.87,30,8,1,16,2,14,7,66
97.875,61,13,18,20,8,3,8,13
97.88,79,24,13,3,16,25,36,72
97.885,71,9,2,14,18,8,9,2
97.89,8,13,25,23,11,5,7,41
97.895,63,0,2,11,8,6,7,21
97.9,14,18,9,7,6,3,7,41
97.905,55,15,13,13,16,14,26,25
97.91,58,14,16,11,6,21,22,118
97.915,75,31,4,26,27,23,60,88
97.92,120,49,18,2,7,30,28,3
97.925,1,30,16,5,7,11,11,29
97.93,51,3,2,22,23,14,35,98
97.935,127,40,22,14,11,17,30,110
97.94,71,28,17,0,4,7,29,8
97.945,70,65,15,9,25,32,43,69
97.95,14,8,21,1,5,17,4,22
97.955,14,7,16,8,15,1,6,43
97.96,114,21,49,6,7,12,17,16
97.965,50,41,8,3,1,23,16,37
97.97,40,16,12,2,9,8,23,56
97.975,11,32,23,11,1,10,8,35
97.98,38,17,1,1,5,5,9,21
97.985,64,2,5,16,1,3,4,2
97.99,7,12,18,4,5,3,6,42
97.995,44,4,0,6,2,2,1,3
98,38,76,12,10,24,8,2,61
98.005,26,17,4,12,27,3,16,19
98.01,20,14,20,1,9,6,1,12
98.015,13,2,3,19,7,12,4,3
98.02,61,81,42,4,3,7,9,13
98.025,67,19,6,16,26,9,6,11
98.03,33,24,4,39,15,4,1,6
98.035,84,42,13,4,24,11,2,23
98.04,97,71,12,8,16,17,22,83
98.045,107,53,11,2,13,8,5,5
98.05,19,6,12,8,9,4,6,9
98.055,8,5,23,0,16,8,10,26
98.06,62,27,1,1,7,4,7,42
98.065,2,49,69,15,18,13,7,11
98.07,73,52,44,2,8,8,14,17
98.075,2,52,19,5,1,0,1,8
98.08,30,52,16,6,6,1,7,36
98.085,5,22,8,11,1,2,19,27
98.09,36,58,19,6,8,5,27,3
98.095,56,18,0,5,31,2,3,18
98.1,44,17,7,27,34,2,12,21
98.105,47,36,2,7,9,8,20,20
98.11,43,37,18,2,5,1,20,23
98.115,32,22,10,8,7,2,1,5
98.12,43,22,6,6,10,16,14,26
98.125,56,37,7,9,13,15,26,22
98.13,42,27,4,11,5,16,2,17
98.135,47,17,1,0,3,4,22,15
98.14,68,22,9,11,2,0,23,30
98.145,42,14,2,2,1,4,13,24
98.15,25,26,5,1,2,1,26,10
98.155,37,7,10,7,17,17,39,27
98.16,36,32,5,10,5,4,34,20
98.165,5,13,0,17,7,10,2,13
98.17,10,17,5,18,2,5,15,8
98.175,11,3,4,1,2,0,28,8
98.18,73,22,1,10,10,4,9,18
98.185,93,16,1,26,1,1,26,25
98.19,18,18,12,36,15,7,0,19
98.195,59,40,52,61,17,6,17,1
98.2,18,5,8,14,2,10,21,3
98.205,6,13,19,53,5,2,1,23
98.21,5,0,2,12,1,7,40,24
98.215,14,3,6,6,0,5,56,10
98.22,9,11,0,7,10,7,19,8
98.225,7,22,27,52,2,8,6,17
98.23,13,3,16,11,1,6,15,9
98.235,21,3,4,5,2,5,31,6
98.24,8,46,64,119,32,21,29,34
98.245,9,2,55,42,8,1,3,10
98.25,10,13,19,89,20,13,18,6
98.255,3,12,11,68,12,5,4,8
98.26,8,14,46,32,9,6,9,24
98.265,5,9,3,114,10,0,1,2
98.27,12,3,65,19,3,1,11,7
98.275,16,41,64,117,14,17,4,9
98.28,16,15,58,3,9,11,8,14
98.285,5,11,45,35,12,9,3,1
98.29,22,39,128,128,27,9,8,0
98.295,3,3,40,38,3,7,4,3
98.3,12,21,127,120,15,5,5,10
98.305,14,8,45,110,11,1,5,4
98.31,10,0,11,2,2,2,6,3
98.315,6,23,126,119,22,12,6,12
98.32,4,18,84,31,8,18,5,2
98.325,8,27,60,59,27,12,7,2
98.33,9,1,73,58,4,7,2,1
98.335,1,8,3,16,1,15,0,11
98.34,2,9,63,68,7,7,4,5
98.345,8,13,12,1,6,4,1,9
98.35,6,12,44,11,4,5,5,8
98.355,4,1,47,5,0,1,0,1
98.36,5,15,88,94,20,4,4,0
98.365,4,6,40,22,7,3,1,0
98.37,13,13,21,51,13,8,6,2
98.375,5,5,4,43,3,4,3,5
98.38,1,9,20,23,1,6,6,1
98.385,6,6,23,31,3,2,6,3
98.39,0,11,42,44,10,6,0,3
98.395,17,14,19,50,10,4,0,0
98.4,9,15,10,35,13,6,7,1
98.405,2,5,8,6,3,5,3,3
98.41,4,15,27,126,17,0,3,3
98.415,5,17,90,89,16,8,9,9
98.42,5,2,1,27,13,2,3,5
98.425,6,16,72,43,17,6,1,2
98.43,0,4,30,25,1,0,13,0
98.435,2,5,16,3,4,0,2,6
98.44,5,2,14,20,8,10,4,3
98.445,2,1,13,13,3,0,10,2
98.45,1,6,32,18,3,2,14,5
98.455,3,6,33,12,5,2,16,0
98.46,7,11,19,35,7,8,22,8
98.465,8,9,15,47,7,0,10,1
98.47,5,4,16,13,4,2,1,0
98.475,3,3,8,19,10,1,8,1
98.48,0,5,44,31,6,2,4,4
98.485,5,8,10,40,11,7,7,1
98.49,0,0,7,38,2,1,1,2
98.495,0,1,27,21,4,2,5,5
98.5,0,9,4,42,9,8,6,2
98.505,5,13,21,60,4,5,4,3
98.51,0,1,13,4,1,4,2,1
98.515,6,11,32,52,11,11,5,1
98.52,7,17,32,100,23,12,10,6
98.525,1,7,10,31,5,3,1,1
98.53,1,11,8,29,10,7,8,3
98.535,2,3,8,5,2,2,15,1
98.54,5,5,0,32,2,1,3,0
98.545,2,3,10,23,8,2,1,0
98.55,8,13,34,81,12,1,3,1
98.555,11,14,27,57,19,5,6,4
98.56,1,7,30,30,1,5,3,2
98.565,3,5,12,59,10,7,1,2
98.57,8,8,9,9,7,4,8,3
98.575,11,18,36,45,18,1,3,1
98.58,1,5,9,36,4,2,4,0
98.585,8,13,31,44,31,7,5,1
98.59,1,1,0,10,6,3,2,2
98.595,1,0,10,31,3,2,2,2
98.6,4,5,11,51,3,2,2,4
98.605,0,1,1,21,4,5,2,2
98.61,1,2,4,18,10,2,5,0
98.615,2,2,7,2,5,3,1,0
98.62,8,20,49,123,20,18,11,5
98.625,16,24,83,73,17,7,6,5
98.63,4,6,0,11,9,7,6,1
98.635,0,2,16,17,6,12,1,4
98.64,4,13,91,59,9,3,2,2
98.645,6,1,60,20,5,3,2,2
98.65,8,13,22,95,9,3,6,1
98.655,1,10,18,8,7,3,1,2
98.66,11,10,11,2,1,1,3,2
98.665,5,14,41,46,10,2,2,2
98.67,0,4,23,8,3,1,1,0
98.675,5,8,2,1,1,4,2,1
98.68,26,20,30,20,11,7,9,7
98.685,3,13,4,1,3,5,0,1
98.69,0,4,10,1,4,5,3,7
98.695,5,0,34,1,8,7,3,0
98.7,1,7,17,2,1,1,1,0
98.705,5,7,18,3,7,10,5,5
98.71,1,8,10,37,7,6,5,3
98.715,1,5,16,14,4,2,1,0
98.72,31,17,36,1,19,9,8,5
98.725,1,10,37,38,9,12,9,8
98.73,2,3,4,12,2,4,0,2
98.735,1,1,4,14,1,1,1,2
98.74,18,15,23,30,4,1,0,3
98.745,1,6,13,24,8,10,2,2
98.75,2,3,5,9,5,2,4,1
98.755,6,1,9,12,0,1,1,1
98.76,5,7,18,14,14,6,5,5
98.765,46,16,5,1,1,4,2,4
98.77,20,0,2,20,2,4,3,1
98.775,39,3,10,12,8,1,5,6
98.78,44,7,13,12,11,3,6,25
98.785,13,2,1,7,1,7,5,7
98.79,48,25,6,11,1,12,12,49
98.795,11,2,1,1,5,1,9,7
98.8,1,2,13,10,13,4,4,7
98.805,32,6,21,8,6,4,2,13
98.81,58,40,19,12,2,11,7,29
98.815,91,11,41,29,14,11,12,16
98.82,35,43,2,7,0,10,5,20
98.825,53,13,3,10,1,1,5,11
98.83,49,4,3,16,8,6,6,16
98.835,38,10,17,14,12,7,1,1
98.84,32,5,10,16,10,9,9,32
98.845,41,1,9,3,5,1,1,3
98.85,6,7,3,4,2,9,3,5
98.855,43,11,14,15,2,5,5,12
98.86,16,14,16,4,13,8,2,39
98.865,24,3,33,4,35,15,19,78
98.87,38,1,4,9,3,10,4,2
98.875,2,10,14,5,4,9,10,31
98.88,38,1,24,24,13,3,2,25
98.885,70,16,4,17,3,8,10,45
98.89,105,21,1,15,13,13,15,20
98.895,71,12,2,4,2,13,6,44
98.9,2,16,11,1,8,3,8,2
98.905,10,38,7,13,7,1,5,9
98.91,126,29,11,13,9,11,12,32
98.915,43,37,7,4,3,6,2,67
98.92,75,28,7,10,13,13,23,87
98.925,42,51,33,27,2,9,1,36
98.93,65,27,12,27,10,2,4,78
98.935,7,4,10,22,5,6,1,21
98.94,78,39,38,0,23,4,9,31
98.945,36,14,22,32,2,8,8,6
98.95,64,4,57,43,6,17,12,62
98.955,46,67,33,12,0,9,4,23
98.96,4,2,35,12,2,8,8,70
98.965,27,9,18,20,34,7,4,94
98.97,7,82,24,4,27,1,7,89
98.975,127,59,29,37,10,31,20,8
98.98,123,54,9,33,10,39,45,42
98.985,114,5,11,1,25,4,7,44
98.99,16,75,18,9,5,5,3,40
98.995,71,107,19,3,1,3,11,56
99,127,70,37,12,8,17,17,119
99.005,68,13,23,4,7,6,5,24
99.01,16,70,30,3,51,5,7,38
99.015,31,73,2,25,98,33,10,24
99.02,127,80,53,48,45,13,15,3
99.025,7,97,2,79,45,10,18,87
99.03,90,28,14,30,13,49,89,87
99.035,80,20,5,26,30,2,5,83
99.04,85,98,22,6,20,25,30,113
99.045,30,47,4,5,6,8,3,30
99.05,40,21,35,36,15,3,1,37
99.055,42,122,52,34,30,5,0,37
99.06,110,128,83,16,55,18,33,15
99.065,100,127,9,41,36,15,10,45
99.07,125,11,11,6,3,6,36,17
99.075,6,116,2,44,7,1,20,63
99.08,13,49,50,68,2,21,24,0
99.085,29,42,35,3,1,6,3,9
99.09,84,22,22,32,14,18,32,34
99.095,39,1,19,20,22,0,5,17
99.1,103,6,7,7,1,7,6,4
99.105,116,60,11,6,2,3,9,28
99.11,57,78,37,22,6,8,8,57
99.115,108,9,1,14,18,4,19,29
99.12,37,16,41,27,19,11,36,15
99.125,30,20,41,12,3,10,28,15
99.13,20,29,29,9,10,32,31,74
99.135,99,3,42,8,10,7,21,9
99.14,23,32,18,15,5,8,34,79
99.145,22,16,43,22,18,23,11,57
99.15,74,46,87,34,18,28,47,15
99.155,46,23,8,43,8,1,20,40
99.16,17,12,49,8,0,13,11,10
99.165,4,8,22,43,2,3,17,14
99.17,2,15,64,33,11,16,15,17
99.175,25,16,26,22,14,10,6,26
99.18,35,13,61,28,10,16,5,17
99.185,9,16,21,8,7,7,2,15
99.19,21,18,55,35,15,16,28,26
99.195,16,18,48,104,9,8,6,13
99.2,30,0,57,52,8,0,12,6
99.205,54,28,12,7,3,10,35,15
99.21,41,2,15,18,1,2,24,5
99.215,2,10,7,14,9,9,0,4
99.22,1,6,5,7,9,0,14,1
99.225,4,3,32,30,3,5,2,11
99.23,21,7,39,18,9,7,27,14
99.235,15,10,32,54,12,16,1,14
99.24,1,18,7,34,9,3,11,1
99.245,3,24,22,3,9,7,3,1
99.25,4,11,6,49,14,5,1,1
99.255,1,19,3,3,0,5,4,1
99.26,2,13,11,30,2,4,2,2
99.265,3,6,0,13,12,6,2,4
99.27,8,5,36,60,6,6,7,12
99.275,15,25,63,111,27,11,7,12
99.28,3,4,123,10,10,5,0,0
99.285,5,2,60,90,23,19,17,11
99.29,14,3,15,19,21,3,13,4
99.295,4,5,12,61,3,14,4,7
99.3,4,14,33,7,10,14,5,0
99.305,2,20,33,76,3,7,4,10
99.31,4,21,9,69,13,11,2,5
99.315,2,19,10,31,9,11,14,10
99.32,4,8,20,24,14,4,3,2
99.325,24,19,15,4,5,5,0,6
99.33,13,3,65,68,9,6,26,22
99.335,9,13,16,95,27,11,26,1
99.34,10,14,34,4,10,4,11,9
99.345,8,7,14,72,16,16,38,10
99.35,2,0,5,42,7,7,11,35
99.355,14,34,31,26,17,11,15,14
99.36,2,6,32,0,5,0,10,3
99.365,4,2,16,20,6,2,14,14
99.37,6,19,63,116,27,11,21,10
99.375,11,25,91,76,10,1,3,15
99.38,25,14,25,29,1,4,2,12
99.385,24,10,22,87,9,1,6,1
99.39,18,63,105,61,28,7,6,22
99.395,3,21,88,57,16,1,0,31
99.4,15,2,127,27,12,19,7,37
99.405,55,16,94,65,34,19,9,8
99.41,69,88,118,24,64,36,31,10
99.415,37,34,103,11,42,18,20,21
99.42,7,1,62,127,9,1,5,11
99.425,14,14,30,5,10,2,1,14
99.43,25,8,62,44,12,13,9,18
99.435,49,61,19,48,8,5,1,21
99.44,9,8,81,112,32,19,10,11
99.445,24,1,50,14,19,1,1,6
99.45,23,31,23,21,1,1,5,7
99.455,10,14,0,16,1,4,3,7
99.46,3,12,29,39,22,8,3,4
99.465,0,5,72,85,43,24,9,18
99.47,24,3,42,6,16,11,4,1
99.475,5,5,76,37,8,5,3,1
99.48,17,42,31,40,29,10,5,6
99.485,9,6,43,49,30,5,8,4
99.49,28,7,35,5,1,3,38,7
99.495,25,12,7,40,7,1,29,1
99.5,10,0,30,66,17,7,20,3
99.505,10,17,29,97,14,13,30,4
99.51,11,10,68,37,3,2,8,28
99.515,11,5,7,51,19,14,9,22
99.52,3,7,45,14,4,1,7,10
99.525,10,10,42,45,17,12,11,3
99.53,13,10,22,15,12,2,7,2
99.535,13,15,17,18,4,0,1,2
99.54,3,8,34,29,18,6,10,8
99.545,49,6,7,13,13,4,2,25
99.55,3,46,67,45,12,7,13,3
99.555,6,2,80,3,5,6,0,1
99.56,34,8,31,25,5,0,2,1
99.565,5,17,44,22,4,5,2,1
99.57,23,23,54,81,20,5,3,1
99.575,12,47,31,7,19,9,2,18
99.58,15,33,19,35,5,2,0,15
99.585,10,6,25,1,0,4,6,8
99.59,2,26,85,1,13,3,5,1
99.595,12,5,12,55,2,1,4,5
99.6,11,18,52,71,17,3,3,4
99.605,5,1,4,1,4,3,13,0
99.61,3,1,20,65,10,8,3,1
99.615,11,12,17,28,1,2,5,7
99.62,15,34,41,53,16,5,1,1
99.625,14,21,58,65,15,1,3,4
99.63,9,10,6,27,4,4,4,6
99.635,18,9,48,25,9,6,10,10
99.64,1,11,57,26,14,3,5,6
99.645,18,12,23,26,2,2,5,6
99.65,4,11,14,4,4,1,2,12
99.655,27,23,8,20,0,3,8,23
99.66,9,36,43,50,7,7,5,0
99.665,5,11,14,26,9,3,3,5
99.67,9,3,15,17,23,9,5,4
99.675,6,23,30,36,14,10,9,11
99.68,8,9,25,35,3,1,4,4
99.685,31,24,27,12,15,11,9,7
99.69,4,7,10,17,3,1,1,2
99.695,6,0,18,24,1,1,3,2
99.7,5,9,45,11,1,5,3,6
99.705,4,21,1,39,12,6,9,8
99.71,14,16,9,34,17,8,7,8
99.715,2,0,11,14,5,1,5,1
99.72,0,3,0,61,9,9,7,1
99.725,5,5,47,13,9,5,14,1
99.73,5,3,43,66,14,12,3,8
99.735,8,9,63,128,20,22,1,6
99.74,2,7,16,80,14,4,1,3
99.745,2,3,1,17,15,2,2,1
99.75,5,1,3,6,4,2,3,6
99.755,8,17,31,40,16,8,4,5
99.76,15,1,4,4,4,3,8,3
99.765,7,8,16,26,4,1,4,2
99.77,14,1,27,31,0,3,5,0
99.775,8,2,7,57,7,3,5,7
99.78,12,16,37,21,18,8,6,21
99.785,26,1,41,87,19,5,8,7
99.79,19,21,12,71,22,13,13,12
99.795,22,19,71,51,7,2,13,63
99.8,35,6,19,13,6,0,9,48
99.805,22,3,33,11,10,2,15,71
99.81,9,3,1,53,4,0,3,12
99.815,4,13,4,9,3,0,12,16
99.82,0,2,13,26,0,3,4,23
99.825,18,11,64,9,0,5,6,44
99.83,4,1,0,33,2,3,3,22
99.835,12,9,21,40,4,5,2,2
99.84,13,14,15,21,9,6,18,13
99.845,5,17,10,8,6,5,4,8
99.85,48,42,36,75,22,13,17,36
99.855,64,19,18,1,14,6,1,7
99.86,72,40,54,6,5,9,7,4
99.865,19,3,85,10,8,5,2,21
99.87,87,52,18,21,18,17,17,90
99.875,86,58,32,30,3,18,19,102
99.88,82,4,25,14,11,7,5,44
99.885,73,14,13,58,4,3,2,19
99.89,114,49,8,8,26,22,31,83
99.895,5,20,6,31,29,9,9,108
99.9,106,38,24,4,15,15,40,128
99.905,24,17,4,5,2,19,18,86
99.91,67,21,1,14,6,8,0,35
99.915,121,37,38,15,18,9,20,49
99.92,56,38,25,11,14,20,34,127
99.925,96,86,13,32,29,6,24,50
99.93,5,5,14,28,23,23,38,91
99.935,76,9,27,26,20,10,17,36
99.94,90,42,23,10,1,14,33,94
99.945,57,30,51,38,8,1,6,53
99.95,32,15,28,2,21,4,24,7
99.955,70,34,2,12,2,16,14,26
99.96,25,9,4,19,0,4,5,16
99.965,2,12,30,4,9,5,4,25
99.97,34,1,13,27,4,10,21,30
99.975,32,16,6,2,16,5,4,1
99.98,89,103,31,15,20,7,6,23
99.985,19,9,18,1,25,10,21,72
99.99,33,16,0,4,1,1,5,51
99.995,6,8,3,7,5,7,13,43
100,57,15,23,10,5,1,0,15
100,2,21,11,32,4,3,23,79
100.01,4,6,9,6,0,0,1,17
100.02,26,10,23,15,3,9,15,24
100.02,23,6,18,7,7,6,14,6
100.03,57,32,14,17,8,17,20,15
100.03,50,29,21,2,8,16,34,116
100.03,128,81,9,17,31,41,78,93
100.04,35,25,7,1,11,15,11,7
100.05,94,28,2,5,8,1,12,70
100.05,87,30,15,29,4,8,21,34
100.06,9,4,1,37,9,4,11,21
100.06,18,24,22,5,4,10,14,77
100.06,68,6,3,7,7,5,15,46
100.07,36,8,4,3,13,4,6,44
100.08,14,43,47,14,9,2,4,25
100.08,80,0,6,2,1,7,11,22
100.08,9,30,24,2,2,2,0,54
100.09,8,15,7,5,2,4,6,17
100.09,105,30,7,11,21,12,15,10
100.1,25,2,13,12,19,6,7,15
100.11,38,95,15,31,5,14,17,19
100.11,112,17,2,7,13,11,12,38
100.11,75,20,0,13,2,0,10,15
100.12,19,18,4,26,10,3,0,3
100.12,74,45,39,5,6,11,6,3
100.13,125,65,29,24,7,7,4,22
100.14,84,30,25,41,36,12,13,37
100.14,109,44,5,17,2,7,13,49
100.14,77,23,15,61,30,1,4,0
100.15,80,40,6,7,24,4,13,11
100.16,98,59,34,6,4,5,9,37
100.16,9,7,54,13,7,3,5,10
100.17,63,46,87,9,22,10,8,6
100.17,7,43,62,4,1,1,4,12
100.17,75,1,7,2,3,1,16,21
100.18,9,32,19,15,6,7,20,13
100.19,26,35,50,21,1,7,28,1
100.19,23,5,13,8,2,13,7,14
100.19,10,12,28,0,1,1,16,9
100.2,0,19,28,7,2,1,6,1
100.2,5,22,16,16,21,5,11,3
100.21,20,45,44,48,54,11,12,15
100.22,22,0,15,6,6,5,13,4
100.22,43,17,2,5,1,1,3,2
100.22,17,12,1,6,10,5,1,16
100.23,25,16,16,1,9,4,5,19
100.23,18,1,8,21,3,4,2,5
100.24,59,6,17,12,4,8,1,6
100.25,115,19,16,3,7,5,3,2
100.25,16,11,24,1,4,7,7,23
100.25,5,21,3,6,4,2,4,13
100.26,23,4,28,12,1,7,3,38
100.27,2,2,29,1,5,7,12,13
100.27,19,9,23,9,5,3,12,1
100.28,3,12,6,5,9,6,30,2
100.28,0,0,5,7,2,1,4,1
100.28,17,3,7,23,0,0,6,3
100.29,15,2,6,19,14,4,11,6
100.3,21,5,12,14,5,8,12,2
100.3,21,13,36,9,2,0,0,6
100.31,1,5,4,4,8,0,2,6
100.31,18,0,22,13,10,0,2,4
100.31,11,0,2,41,3,5,4,6
100.32,7,6,13,35,5,4,8,1
100.33,11,2,9,14,12,6,0,18
100.33,3,10,19,4,3,4,3,23
100.33,44,9,3,2,2,3,2,13
100.34,7,1,8,27,8,3,3,5
100.34,8,28,2,14,4,2,19,9
100.35,9,8,19,28,8,4,3,3
100.36,10,15,5,7,6,1,40,2
100.36,2,20,53,70,4,3,8,2
100.36,7,4,77,96,7,0,20,12
100.37,7,6,23,22,7,3,27,1
100.38,12,27,3,21,17,20,9,23
100.38,14,36,95,93,22,12,8,15
100.39,11,56,44,53,27,11,26,35
100.39,9,1,40,32,6,4,19,19
100.39,19,26,19,17,12,15,19,12
100.4,33,55,100,96,51,19,11,5
100.41,21,48,127,127,42,17,14,24
100.41,18,22,24,11,2,8,38,25
100.42,0,13,81,39,15,16,45,13
100.42,2,21,51,35,16,18,49,39
100.42,6,41,21,55,4,14,63,55
100.43,54,9,123,26,4,0,39,13
100.44,77,19,48,127,31,1,21,32
100.44,46,42,46,38,50,27,18,18
100.44,67,128,78,107,102,58,45,46
100.45,26,78,127,127,17,7,0,6
100.45,50,84,42,29,10,21,71,44
100.46,0,30,39,20,17,4,6,1
100.47,19,19,78,85,30,1,32,5
100.47,22,24,3,18,6,9,22,18
100.47,27,10,89,32,8,11,20,61
100.48,68,22,55,2,4,1,12,18
100.48,17,46,9,31,8,6,7,7
100.49,20,50,66,29,1,6,34,24
100.5,9,15,27,77,39,21,42,6
100.5,9,37,23,31,24,1,2,12
100.5,5,31,75,60,3,3,22,3
100.51,15,71,16,127,51,25,22,5
100.52,28,50,47,128,60,30,28,5
100.52,2,67,107,34,43,16,9,9
100.53,28,27,127,56,29,9,5,4
100.53,25,10,33,43,11,10,2,8
100.53,10,13,13,25,12,3,3,5
100.54,6,5,18,46,5,3,6,3
100.55,9,2,50,2,4,1,12,7
100.55,14,20,59,57,1,3,5,7
100.56,9,72,52,67,20,10,3,10
100.56,21,7,66,38,3,7,11,8
100.56,2,5,20,25,4,7,30,10
100.57,23,19,39,61,15,12,14,4
100.58,32,58,9,46,15,0,3,2
100.58,2,9,13,21,2,1,12,1
100.58,4,14,47,44,19,11,7,1
100.59,8,6,1,2,1,3,3,8
100.59,3,13,54,12,3,3,7,5
100.6,1,2,74,2,1,3,7,7
100.61,19,17,5,94,23,8,33,10
100.61,41,41,9,114,26,16,24,26
100.61,17,10,26,43,10,5,7,0
100.62,1,1,86,13,3,2,8,5
100.62,4,20,19,1,1,2,17,7
100.63,26,52,42,6,11,2,2,8
100.64,19,30,31,105,30,10,10,3
100.64,26,25,90,91,41,13,5,12
100.64,2,7,66,74,8,1,11,10
100.65,12,16,6,26,2,7,17,5
100.66,5,27,7,9,6,5,19,2
100.66,12,1,12,30,7,4,16,10
100.67,23,29,49,40,16,3,2,5
100.67,21,36,99,128,52,24,14,16
100.67,11,23,66,47,11,2,14,3
100.68,8,5,20,32,18,7,5,3
100.69,16,32,28,7,2,6,2,8
100.69,0,5,26,13,19,1,9,3
100.69,8,2,12,28,5,6,8,5
100.7,10,1,18,37,5,3,14,15
100.7,4,9,20,31,9,10,31,18
100.71,11,10,44,25,24,6,25,10
100.72,1,3,26,47,2,7,0,2
100.72,20,43,57,24,31,23,10,12
100.72,6,4,8,3,5,5,4,1
100.73,2,19,44,14,17,9,14,5
100.73,5,20,39,82,5,2,5,3
100.74,17,22,24,40,5,1,17,8
100.75,6,20,35,14,16,3,10,3
100.75,4,3,34,13,7,3,7,9
100.75,12,5,2,42,7,16,32,22
100.76,6,9,32,66,19,13,15,4
100.77,11,12,35,10,3,5,4,3
100.77,1,16,34,48,4,3,0,3
100.78,1,2,26,67,8,0,3,15
100.78,21,12,50,94,0,2,14,31
100.78,0,10,23,31,3,1,4,10
100.79,5,30,1,16,15,3,1,3
100.8,8,19,35,82,45,5,3,10
100.8,7,5,12,31,17,1,7,6
100.81,0,13,67,63,4,12,11,5
100.81,8,10,83,18,2,9,2,4
100.81,6,19,40,59,7,0,1,4
100.82,17,22,34,37,4,5,2,8
100.83,1,4,62,6,10,8,4,7
100.83,0,13,47,32,3,1,6,2
100.83,6,18,1,14,6,7,12,3
100.84,5,6,17,3,2,4,10,6
100.84,24,4,17,5,4,9,37,4
100.85,86,35,24,29,16,12,9,8
100.86,1,36,15,8,4,7,27,19
100.86,9,13,17,9,13,3,17,5
100.86,24,7,24,24,24,8,0,15
100.87,17,29,31,18,1,2,15,3
100.88,25,17,11,16,20,1,1,2
100.88,35,61,1,13,10,9,9,12
100.89,17,23,19,93,20,4,6,5
100.89,27,3,1,8,5,1,7,19
100.89,21,4,43,32,3,6,10,27
100.9,38,33,48,94,4,6,10,12
100.91,75,100,20,7,10,1,42,11
100.91,5,5,78,1,11,4,9,31
100.92,41,1,56,8,10,9,92,20
100.92,36,52,90,40,7,9,1,10
100.92,3,27,72,23,1,1,19,8
100.93,2,47,20,12,3,4,8,6
100.94,49,29,5,18,5,3,35,12
100.94,60,44,1,12,2,1,6,10
100.94,51,53,26,20,6,4,23,15
100.95,24,33,92,24,12,3,1,12
100.95,12,5,90,16,6,5,13,2
100.96,29,10,22,48,53,5,14,12
100.97,63,16,60,1,15,11,13,24
100.97,6,55,22,4,4,9,14,3
100.97,31,3,83,13,8,6,24,0
100.98,58,11,5,6,19,5,5,7
100.98,48,28,50,7,3,9,5,14
100.99,16,18,29,2,13,7,6,7
101,61,60,57,27,10,3,4,12
101,8,24,18,35,17,18,12,1
101,31,20,78,47,27,24,33,60
101.01,49,16,107,34,5,0,3,21
101.02,24,9,60,3,15,6,29,7
101.02,73,11,54,18,44,18,6,17
101.03,24,42,6,42,14,7,6,10
101.03,1,102,86,17,7,5,8,9
101.03,39,30,9,23,3,10,1,12
101.04,40,7,30,15,9,12,9,4
101.05,23,40,44,31,4,2,16,2
101.05,15,46,25,11,6,4,7,10
101.06,1,19,78,39,55,7,26,11
101.06,36,38,55,24,9,5,11,34
101.06,4,10,40,6,2,6,13,35
101.07,2,7,58,0,10,8,40,21
101.08,10,18,23,11,1,11,60,77
101.08,58,4,15,15,14,4,37,54
101.08,17,26,38,17,7,3,9,59
101.09,2,71,18,3,13,2,5,42
101.09,1,6,9,8,6,4,13,24
101.1,56,2,37,7,1,6,32,57
101.11,56,16,48,47,26,9,7,38
101.11,35,15,54,18,11,3,6,31
101.11,2,4,86,38,10,7,13,11
101.12,105,81,18,6,7,2,7,23
101.12,114,50,31,10,8,14,34,37
101.13,13,15,13,5,8,3,28,19
101.14,20,46,37,3,0,4,1,20
101.14,1,15,64,7,4,6,1,73
101.14,55,3,18,17,3,5,6,39
101.15,5,11,76,33,12,2,10,62
101.16,93,0,22,13,5,7,13,56
101.16,55,19,84,18,1,5,5,43
101.17,2,10,15,3,12,5,15,48
101.17,33,14,29,8,5,1,7,26
101.17,78,24,55,3,25,17,38,66
101.18,39,49,23,19,21,1,16,6
101.19,45,36,27,7,1,5,12,15
101.19,37,40,12,7,10,5,15,90
101.19,20,23,17,14,15,2,28,67
101.2,39,37,61,9,22,5,7,53
101.2,77,24,80,14,3,13,36,99
101.21,35,1,28,13,5,5,4,18
101.22,23,1,27,2,4,2,1,16
101.22,37,9,1,10,8,5,19,24
101.22,69,10,81,5,4,18,26,20
101.23,31,8,4,0,22,8,41,12
101.23,15,9,33,4,8,14,2,47
101.24,5,11,16,15,11,3,45,20
101.25,24,2,19,6,7,4,26,14
101.25,80,37,10,11,6,11,36,47
101.25,71,16,2,4,8,3,12,8
101.26,1,66,15,2,8,8,3,42
101.27,47,69,27,16,7,2,3,57
101.27,119,67,31,11,13,13,32,118
101.28,69,16,5,4,9,1,10,39
101.28,3,40,0,4,14,1,15,22
101.28,19,30,7,3,6,8,8,12
101.29,27,19,6,5,3,6,13,12
101.3,10,0,22,7,1,2,0,7
101.3,70,13,6,3,4,2,11,15
101.31,21,29,15,12,20,12,8,4
101.31,10,8,11,1,2,2,4,8
101.31,46,5,4,2,4,2,17,20
101.32,38,16,21,11,8,8,7,5
101.33,39,18,32,4,2,5,19,8
101.33,37,14,12,2,5,6,10,7
101.33,23,17,12,1,3,1,1,31
101.34,8,14,13,6,7,1,5,2
101.34,53,6,26,0,6,8,12,25
101.35,28,3,37,2,0,5,3,17
101.36,32,46,14,8,1,5,8,0
101.36,39,83,16,6,1,10,31,9
101.36,13,7,32,13,7,11,36,4
101.37,10,2,23,0,2,6,5,1
101.38,11,4,6,5,3,5,2,7
101.38,17,33,14,7,7,0,4,1
101.39,13,27,19,41,4,17,35,3
101.39,3,20,11,12,6,8,26,2
101.39,24,10,73,85,24,15,14,17
101.4,20,18,11,21,12,3,6,7
101.41,10,18,13,25,4,5,8,1
101.41,43,26,65,9,4,3,17,32
101.42,65,21,61,106,12,3,9,39
101.42,13,73,88,89,28,24,19,12
101.42,28,40,41,80,19,5,2,7
101.43,22,12,107,27,12,2,1,2
101.44,9,18,114,103,16,9,8,16
101.44,50,13,75,53,22,15,33,11
101.44,46,47,92,93,60,40,58,15
101.45,11,26,90,93,15,3,8,8
101.45,3,11,12,79,18,20,11,15
101.46,6,42,10,75,9,1,1,4
101.47,12,46,2,6,14,9,18,6
101.47,16,1,17,53,6,6,4,3
101.47,7,10,20,65,4,4,3,9
101.48,29,26,60,84,35,16,15,17
101.48,36,66,18,96,25,14,22,11
101.49,57,46,118,95,45,26,45,32
101.5,29,13,24,31,19,8,17,18
101.5,10,9,10,3,5,1,9,6
101.5,4,12,14,43,5,2,6,2
101.51,23,34,91,107,34,25,23,16
101.52,7,22,78,87,23,18,14,7
101.52,13,20,23,72,25,9,14,19
101.53,15,21,46,1,8,7,7,12
101.53,1,4,7,50,15,7,12,2
101.53,4,9,12,30,5,1,10,4
101.54,5,13,33,68,13,3,0,1
101.55,3,3,57,10,1,8,2,5
101.55,8,21,20,58,13,11,9,10
101.56,1,6,19,28,10,6,3,2
101.56,4,8,32,30,6,5,1,3
101.56,4,5,7,20,2,5,0,1
101.57,3,6,6,7,5,2,2,5
101.58,5,0,14,15,4,0,4,6
101.58,10,7,23,26,9,2,4,4
101.58,4,6,42,7,12,18,9,8
101.59,4,5,2,24,0,1,4,1
101.59,5,6,23,15,8,5,2,4
101.6,3,2,11,12,3,2,5,2
101.61,6,11,36,20,9,1,7,5
101.61,0,28,27,13,10,6,1,3
101.61,6,11,19,29,8,1,2,3
101.62,4,18,46,102,16,8,3,8
101.62,29,59,85,98,26,15,14,12
101.63,15,7,22,20,5,2,4,1
101.64,3,36,12,5,8,6,9,3
101.64,6,19,31,3,2,5,2,7
101.64,6,12,14,4,10,6,1,4
101.65,2,19,18,5,2,5,6,3
101.66,5,1,31,37,10,6,3,6
101.66,4,0,15,17,5,7,1,2
101.67,8,8,12,18,3,5,6,4
101.67,13,36,49,36,2,3,2,6
101.67,1,36,30,23,1,0,5,2
101.68,4,11,2,55,3,7,2,2
101.69,4,14,21,26,7,4,1,1
101.69,0,7,85,33,5,4,2,1
101.69,1,14,25,8,2,5,1,2
101.7,11,27,77,83,18,11,7,3
101.7,24,60,50,100,45,35,16,16
101.71,4,13,16,60,16,4,3,5
101.72,1,4,52,48,4,1,5,1
101.72,3,12,4,1,2,0,2,2
101.72,10,3,15,39,13,6,1,3
101.73,0,44,12,4,4,3,5,1
101.73,11,9,40,47,12,9,5,3
101.74,4,14,28,10,2,2,2,6
101.75,2,10,27,2,2,1,1,1
101.75,5,13,26,30,10,1,3,1
101.75,2,2,1,0,7,2,2,1
101.76,2,7,31,24,14,8,7,5
101.77,10,4,11,6,1,0,2,3
101.77,2,0,9,5,2,1,0,2
101.78,2,9,14,2,0,2,1,2
101.78,9,14,21,5,2,9,9,9
101.78,1,5,2,19,14,11,10,3
101.79,2,12,1,10,9,0,1,2
101.8,6,29,7,25,7,9,3,1
101.8,12,27,46,54,19,6,7,3
101.81,5,5,30,1,14,7,11,5
101.81,2,2,20,37,2,2,4,2
101.81,0,8,2,8,7,4,2,0
101.82,5,21,3,20,8,5,4,1
101.83,5,11,4,23,6,3,0,1
101.83,2,9,10,6,8,0,2,14
101.83,4,34,16,11,0,3,7,2
101.84,17,73,15,7,1,2,3,42
101.84,14,13,23,10,4,7,16,30
101.85,11,2,16,9,5,8,9,40
101.86,0,9,12,44,24,6,0,7
101.86,5,10,12,16,0,3,6,52
101.86,1,5,19,14,2,0,2,8
101.87,17,20,30,9,11,13,4,9
101.88,31,12,35,20,3,8,10,51
101.88,3,17,7,5,3,5,4,9
101.89,3,1,5,1,3,7,5,20
101.89,0,16,22,2,5,3,1,10
101.89,36,47,27,23,8,17,12,35
101.9,1,22,36,3,13,9,10,18
101.91,6,57,33,8,12,1,6,4
101.91,11,45,17,15,10,1,0,7
101.92,22,33,81,27,5,7,11,6
101.92,4,8,10,2,0,4,7,14
101.92,7,5,73,10,2,5,4,27
101.93,89,27,9,1,3,0,1,8
101.94,20,21,28,10,9,1,8,13
101.94,89,7,32,7,10,6,11,2
101.94,61,92,35,27,11,7,15,44
101.95,50,8,2,7,1,12,14,4
101.95,76,76,48,6,3,4,9,10
101.96,90,23,44,3,3,6,17,32
101.97,39,37,27,4,8,15,26,100
101.97,17,61,24,26,20,4,12,21
101.97,125,5,24,15,1,3,6,40
101.98,11,10,5,6,5,9,13,12
101.98,20,19,7,10,0,14,36,54
101.99,16,37,2,6,11,7,18,17
102,1,27,46,1,1,7,14,65
102,75,9,29,2,1,1,14,8
102,24,19,22,6,3,0,1,5
102.01,70,8,39,12,13,7,15,28
102.02,36,23,6,12,1,1,1,13
102.02,39,20,56,5,12,11,10,14
102.03,36,10,39,5,1,2,6,6
102.03,100,5,50,10,22,12,4,19
102.03,97,40,24,2,2,8,11,48
102.04,17,2,14,14,5,3,16,120
102.05,24,28,18,4,7,1,1,9
102.05,51,31,4,2,2,0,9,60
102.06,10,3,23,1,9,29,50,98
102.06,47,43,21,8,8,5,15,73
102.06,43,80,24,12,0,0,10,9
102.07,57,5,6,6,12,1,20,34
102.08,12,3,16,18,18,15,17,86
102.08,15,15,41,15,7,6,2,14
102.08,69,11,40,13,3,0,11,1
102.09,17,60,62,2,1,1,7,35
102.09,33,54,28,8,10,2,9,84
102.1,13,6,29,0,1,1,17,16
102.11,40,4,32,13,8,4,4,30
102.11,42,25,97,2,3,17,15,1
102.11,105,38,93,26,5,4,17,23
102.12,2,32,36,17,13,18,23,65
102.12,56,75,1,10,3,6,8,47
102.13,121,18,43,9,0,2,3,20
102.14,16,6,14,1,13,1,9,29
102.14,18,5,22,6,6,18,13,1
102.14,71,5,37,6,6,13,13,46
102.15,20,85,34,12,6,15,10,28
102.16,58,46,3,19,9,8,6,40
102.16,23,2,48,2,3,10,9,5
102.17,7,8,29,6,5,7,1,9
102.17,30,0,17,14,4,6,14,33
102.17,14,53,7,3,2,0,2,2
102.18,84,69,30,9,2,2,9,31
102.19,90,31,14,7,8,6,10,44
102.19,89,21,21,13,7,12,16,66
102.19,50,52,24,14,0,5,24,87
102.2,54,107,66,12,20,28,29,65
102.2,91,12,21,2,0,0,14,33
102.21,37,1,4,11,1,2,3,22
102.22,48,7,33,8,2,3,17,26
102.22,20,21,13,4,0,12,11,61
102.22,23,30,37,5,1,4,9,28
102.23,42,16,8,4,2,9,0,12
102.23,27,35,15,20,10,12,16,15
102.24,9,18,9,13,0,2,7,4
102.25,24,23,7,2,3,5,5,19
102.25,22,55,28,13,15,10,10,2
102.25,12,12,44,2,6,2,0,17
102.26,1,10,33,12,5,4,6,5
102.27,16,33,61,8,1,6,3,2
102.27,11,61,69,10,8,9,9,16
102.28,69,50,19,10,0,8,3,15
102.28,85,8,0,11,2,2,6,22
102.28,16,20,6,12,2,12,5,5
102.29,15,21,8,0,1,1,2,4
102.3,16,5,18,5,6,3,9,17
102.3,82,28,7,9,5,5,8,26
102.31,82,11,0,17,21,5,21,20
102.31,1,7,17,6,2,9,12,9
102.31,2,26,15,3,3,2,2,8
102.32,8,17,24,4,2,3,13,19
102.33,10,3,7,3,3,6,13,2
102.33,13,6,1,3,4,1,23,12
102.33,34,25,6,5,1,6,4,6
102.34,7,3,8,2,5,1,1,3
102.34,41,13,5,1,10,10,11,16
102.35,58,21,6,5,3,2,1,26
102.36,1,18,6,8,3,0,13,0
102.36,9,5,12,1,7,7,5,29
102.36,9,7,39,20,3,11,2,11
102.37,10,3,4,5,5,1,7,2
102.38,21,35,10,1,5,4,2,4
102.38,4,8,43,84,11,14,5,19
102.39,3,19,82,79,19,8,5,20
102.39,0,10,89,90,27,17,17,17
102.39,5,13,37,30,4,10,0,6
102.4,4,57,9,30,4,3,4,12
102.41,33,20,55,127,35,18,9,10
102.41,23,14,47,127,14,8,25,9
102.42,29,35,64,104,28,9,33,4
102.42,20,7,16,9,5,6,16,38
102.42,1,24,75,128,29,15,6,9
102.43,28,25,74,97,18,14,25,3
102.44,4,15,2,70,10,5,2,10
102.44,0,0,16,35,1,2,0,13
102.44,11,5,42,52,13,8,26,24
102.45,11,8,26,7,3,9,12,26
102.45,6,5,25,22,13,14,15,0
102.46,5,31,21,7,14,11,5,7
102.47,38,80,3,78,22,19,21,32
102.47,39,67,59,116,31,7,19,16
102.47,9,82,122,100,5,21,2,16
102.48,14,77,59,7,1,2,3,9
102.48,7,4,67,66,6,3,4,8
102.49,17,29,50,67,26,15,3,9
102.5,5,18,45,32,6,8,1,0
102.5,2,1,18,14,16,15,5,4
102.5,0,7,102,71,5,0,0,1
102.51,2,9,94,128,24,15,11,6
102.52,32,38,28,17,1,1,1,8
102.52,17,42,4,37,5,4,1,6
102.53,15,44,41,90,19,10,8,6
102.53,3,23,30,10,5,8,2,7
102.53,4,12,5,23,3,8,8,5
102.54,6,27,3,43,1,6,8,5
102.55,10,42,5,65,3,4,3,4
102.55,8,19,28,92,10,11,3,4
102.56,5,12,14,57,19,4,5,7
102.56,0,7,11,34,1,5,1,1
102.56,11,35,30,66,35,18,11,5
102.57,10,8,34,99,1,3,4,6
102.58,4,21,39,26,5,3,2,4
102.58,13,37,62,57,15,9,4,2
102.58,17,96,41,30,6,7,7,9
102.59,9,39,62,10,1,6,2,6
102.59,5,16,23,54,11,11,4,5
102.6,3,3,28,15,5,0,5,3
102.61,3,21,7,3,10,5,2,0
102.61,12,15,5,9,20,7,5,5
102.61,8,18,40,20,2,1,2,2
102.62,7,59,15,42,1,2,0,1
102.62,6,41,66,7,10,2,5,2
102.63,1,3,11,43,4,0,5,0
102.64,5,28,39,45,7,6,1,4
102.64,9,48,63,47,18,7,1,3
102.64,0,12,12,18,16,0,4,2
102.65,6,10,65,23,7,2,6,9
102.66,11,30,40,15,7,6,7,6
102.66,4,21,16,38,7,0,4,0
102.67,4,23,73,119,12,5,4,5
102.67,6,2,39,42,13,1,1,4
102.67,0,15,25,18,8,8,16,3
102.68,0,1,1,4,1,4,11,8
102.69,12,0,31,20,17,9,6,12
102.69,2,5,22,22,6,0,3,1
102.69,4,14,9,32,2,2,2,2
102.7,4,19,36,32,1,4,3,2
102.7,0,13,41,70,4,5,1,3
102.71,0,18,35,71,9,3,3,1
102.72,2,4,6,11,0,3,3,2
102.72,0,2,18,37,4,1,2,1
102.72,1,3,13,8,5,0,4,3
102.73,9,0,54,59,3,2,2,4
102.73,14,25,9,9,9,1,0,2
102.74,6,2,48,5,7,2,3,5
102.75,2,12,19,42,11,7,4,2
102.75,7,3,10,6,1,1,2,3
102.75,3,7,11,10,2,7,2,2
102.76,10,10,8,16,14,9,1,2
102.77,1,8,25,5,0,1,3,1
102.77,12,40,91,103,44,20,11,9
102.78,36,68,115,110,81,46,25,19
102.78,10,31,52,78,15,1,4,3
102.78,3,12,34,84,10,8,5,1
102.79,5,12,7,15,7,7,7,1
102.8,6,28,6,66,29,12,4,3
102.8,5,3,1,43,20,6,5,2
102.81,6,17,36,48,13,8,3,6
102.81,3,4,3,19,12,6,4,3
102.81,2,5,26,8,5,6,0,0
102.82,5,5,18,45,7,6,4,7
102.83,2,7,21,15,7,6,1,2
102.83,3,4,46,26,3,1,7,5
102.83,2,5,21,20,10,5,3,1
102.84,3,14,64,14,8,12,4,16
102.84,12,3,1,4,4,1,6,20
102.85,8,14,40,1,8,7,10,18
102.86,3,5,38,19,7,5,4,3
102.86,6,0,17,6,14,10,0,1
102.86,3,1,3,3,12,3,4,15
102.87,3,4,20,11,4,8,0,3
102.88,5,5,3,13,12,2,4,6
102.88,5,5,45,11,4,1,2,5
102.89,8,1,27,14,2,0,0,0
102.89,15,6,14,24,8,4,3,2
102.89,16,45,61,6,2,2,5,6
102.9,13,11,1,12,11,2,7,16
102.91,4,16,21,19,17,5,6,3
102.91,3,3,19,7,11,9,2,4
102.92,27,3,32,7,2,3,7,8
102.92,8,1,6,2,7,3,2,1
102.92,14,15,10,1,11,0,1,2
102.93,14,18,14,8,15,9,3,5
102.94,5,7,20,15,5,6,4,25
102.94,6,4,14,26,7,4,6,3
102.94,11,7,45,1,4,5,1,5
102.95,0,9,43,8,4,3,8,10
102.95,7,16,34,41,3,2,1,4
102.96,33,10,7,9,13,5,4,2
102.97,12,18,9,5,6,0,2,5
102.97,1,6,7,4,4,0,3,12
102.97,17,0,26,20,3,2,1,6
102.98,7,8,9,18,2,1,0,3
102.98,15,15,5,8,6,2,6,2
102.99,6,8,13,19,12,19,7,25
103,21,5,21,16,5,1,4,66
103,1,2,3,6,4,5,7,26
103,24,4,6,5,3,0,10,7
103.01,20,19,23,0,5,8,0,10
103.02,8,6,13,21,1,3,3,43
103.02,85,18,10,57,20,10,8,36
103.03,77,7,23,11,4,2,4,12
103.03,17,21,43,7,4,1,5,0
103.03,71,6,62,21,5,8,6,11
103.04,64,35,3,25,14,6,0,20
103.05,1,14,13,12,6,7,2,9
103.05,40,34,40,27,20,3,1,27
103.06,42,3,1,4,8,0,7,45
103.06,5,9,19,9,1,5,2,16
103.06,74,12,15,3,2,1,5,40
103.07,103,27,29,18,1,4,7,49
103.08,72,5,45,20,3,4,4,56
103.08,32,6,6,3,8,12,18,16
103.08,70,31,11,25,23,14,24,109
103.09,108,27,44,15,12,9,21,81
103.09,43,23,22,9,7,2,11,51
103.1,18,57,45,0,5,8,11,62
103.11,97,3,9,23,6,15,15,27
103.11,23,4,28,8,7,1,4,37
103.11,27,26,57,4,1,1,9,14
103.12,127,32,30,25,33,21,24,108
103.12,38,51,33,24,46,4,33,59
103.13,34,2,24,5,0,6,26,123
103.14,32,35,5,8,5,6,4,55
103.14,5,0,5,5,1,16,10,4
103.14,28,3,4,5,15,0,20,50
103.15,68,41,37,17,8,7,0,10
103.16,40,87,9,18,18,6,1,34
103.16,40,17,6,23,15,8,8,62
103.17,37,32,3,16,21,3,9,44
103.17,30,49,14,5,19,26,41,44
103.17,40,46,11,9,6,3,4,6
103.18,26,26,9,5,13,1,7,23
103.19,52,11,13,11,18,9,12,20
103.19,12,6,10,11,1,13,12,52
103.19,19,1,4,13,19,8,19,22
103.2,27,29,23,0,14,16,13,39
103.2,11,2,11,4,10,1,9,13
103.21,18,34,5,9,0,4,3,31
103.22,32,7,51,29,11,12,16,30
103.22,29,9,21,5,2,1,1,20
103.22,4,33,12,5,9,0,3,16
103.23,88,2,7,6,3,4,5,22
103.23,65,17,7,11,13,3,9,25
103.24,34,4,25,17,6,2,6,3
103.25,62,16,16,8,7,2,2,21
103.25,13,75,17,27,20,18,22,48
103.25,56,6,4,0,0,3,11,0
103.26,15,5,2,0,3,2,2,11
103.27,68,4,7,1,8,6,8,19
103.27,18,22,1,7,6,9,12,29
103.28,8,24,1,5,1,2,9,11
103.28,35,6,2,6,3,4,2,13
103.28,5,6,13,1,1,1,9,1
103.29,26,22,11,7,2,1,13,9
103.3,19,14,5,1,7,3,7,9
103.3,13,17,12,9,7,0,15,12
103.31,18,19,5,5,7,5,0,12
103.31,17,11,1,9,2,8,1,20
103.31,59,1,14,2,5,2,10,15
103.32,16,3,2,17,0,5,1,5
103.33,19,7,16,18,3,2,5,0
103.33,1,5,9,3,4,4,1,5
103.33,12,8,41,8,2,6,4,14
103.34,18,6,11,5,4,3,8,6
103.34,5,0,1,5,4,4,0,4
103.35,24,24,6,3,7,0,6,13
103.36,6,12,40,11,3,4,4,5
103.36,55,8,37,22,8,2,8,25
103.36,44,5,89,53,3,0,3,1
103.37,1,2,8,11,3,6,4,5
103.38,0,0,15,10,2,3,2,21
103.38,11,14,27,0,0,9,4,11
103.39,15,5,54,13,1,4,1,5
103.39,12,3,65,13,1,3,5,6
103.39,5,2,32,27,12,15,5,9
103.4,3,31,58,64,5,6,2,1
103.41,18,5,87,102,19,18,9,17
103.41,2,26,31,17,8,5,6,4
103.42,13,9,26,73,14,17,6,3
103.42,7,9,57,61,3,4,3,10
103.42,9,13,54,30,4,1,1,2
103.43,0,5,53,8,8,9,5,6
103.44,23,21,12,81,15,3,7,3
103.44,2,25,51,39,3,1,7,4
103.44,51,46,62,101,15,5,8,22
103.45,17,14,32,2,16,21,12,3
103.45,1,24,72,30,23,19,11,7
103.46,2,47,34,41,29,26,15,11
103.47,24,25,58,72,21,15,12,16
103.47,44,15,18,79,14,2,8,22
103.47,3,27,42,22,1,10,0,4
103.48,13,37,27,73,32,21,7,11
103.48,12,15,43,27,33,16,9,5
103.49,1,11,12,64,1,2,4,1
103.5,2,43,4,43,6,2,2,6
103.5,9,36,37,26,9,2,2,3
103.5,7,15,22,9,2,3,4,0
103.51,7,22,19,17,13,9,9,1
103.52,6,20,30,84,12,4,2,4
103.52,5,4,18,18,5,2,2,3
103.53,6,15,82,89,15,4,5,1
103.53,8,21,19,20,19,17,11,8
103.53,27,37,60,109,33,21,16,11
103.54,4,8,37,47,6,3,1,10
103.55,19,21,10,17,17,5,6,7
103.55,22,4,34,27,8,2,3,1
103.56,17,15,73,61,5,1,7,9
103.56,1,10,28,32,8,6,2,1
103.56,10,29,15,20,16,10,6,5
103.57,0,6,41,28,12,2,3,4
103.58,6,22,32,8,11,10,4,6
103.58,7,7,11,79,19,10,5,10
103.58,2,44,40,41,2,2,5,6
103.59,2,8,43,5,17,15,7,7
103.59,4,12,64,45,5,1,0,3
103.6,3,3,29,9,1,0,2,3
103.61,0,2,27,24,12,7,7,2
103.61,9,33,3,2,13,11,1,13
103.61,6,13,62,56,29,19,9,5
103.62,4,4,75,55,2,3,1,9
103.62,9,11,0,47,16,8,7,6
103.63,7,15,40,17,2,2,0,1
103.64,6,7,70,89,8,1,1,2
103.64,2,7,100,38,10,9,4,1
103.64,28,51,7,87,33,5,13,13
103.65,16,17,36,12,3,7,17,2
103.66,28,36,8,43,8,16,37,16
103.66,1,8,9,13,9,0,6,5
103.67,1,0,12,19,3,4,0,2
103.67,0,2,2,69,9,17,4,2
103.67,5,9,33,37,2,13,21,3
103.68,14,25,75,41,33,30,6,14
103.69,7,3,73,38,13,1,13,2
103.69,6,11,29,13,3,3,4,2
103.69,11,26,5,33,15,6,6,3
103.7,13,25,15,16,20,1,5,3
103.7,4,11,27,11,10,3,9,0
103.71,1,20,80,31,14,7,9,2
103.72,5,3,20,67,15,7,7,5
103.72,1,10,68,26,4,6,2,2
103.72,4,11,9,30,13,1,9,1
103.73,8,13,3,38,4,6,6,3
103.73,1,16,2,43,1,2,2,3
103.74,8,13,16,84,22,12,3,3
103.75,15,29,44,89,39,16,12,5
103.75,6,14,36,13,8,5,3,4
103.75,1,3,43,14,0,2,5,2
103.76,1,8,53,32,10,8,2,1
103.77,3,12,5,24,7,11,3,0
103.77,4,6,5,8,4,0,4,2
103.78,3,11,1,19,15,8,3,6
103.78,5,3,19,27,8,6,0,3
103.78,21,2,3,34,9,6,2,1
103.79,26,4,17,5,6,6,0,3
103.8,20,13,10,3,9,3,3,1
103.8,6,2,12,4,2,1,5,3
103.81,1,1,22,23,3,4,1,2
103.81,29,12,17,19,10,6,1,3
103.81,10,5,2,40,8,6,4,6
103.82,19,12,13,13,0,1,2,3
103.83,0,2,63,39,17,6,7,7
103.83,6,6,60,36,3,8,3,4
103.83,19,2,20,33,12,5,6,5
103.84,39,12,22,48,3,7,5,12
103.84,24,5,4,63,12,11,0,10
103.85,105,30,5,6,3,14,18,42
103.86,1,31,12,40,17,12,3,8
103.86,32,8,7,19,3,4,6,5
103.86,42,21,49,15,13,11,12,18
103.87,56,27,41,20,2,8,1,16
103.88,29,35,52,17,15,5,6,9
103.88,26,13,80,27,35,7,4,0
103.89,4,0,24,0,2,1,6,1
103.89,15,10,28,26,4,4,2,20
103.89,44,11,20,47,4,8,5,6
103.9,11,13,18,20,7,3,6,0
103.91,20,7,3,16,2,5,3,37
103.91,20,0,15,15,2,0,7,16
103.92,21,10,8,26,1,4,7,19
103.92,7,1,23,31,1,3,5,7
103.92,16,10,40,32,9,1,1,12
103.93,12,7,14,2,3,1,8,42
103.94,12,18,11,9,5,3,3,9
103.94,18,12,22,23,2,10,8,19
103.94,11,6,6,1,6,4,4,2
103.95,0,4,4,16,4,4,1,0
103.95,6,3,11,23,5,1,3,1
103.96,4,6,26,1,0,8,11,8
103.97,21,21,8,6,3,9,4,21
103.97,2,44,0,11,6,3,2,3
103.97,23,2,20,30,10,5,5,10
103.98,8,20,8,3,5,7,2,23
103.98,5,10,35,2,7,4,12,27
103.99,89,33,12,25,12,9,5,17
104,19,19,34,6,7,2,4,21
104,13,32,58,10,3,5,1,16
104,36,10,1,10,10,7,9,26
104.01,45,37,4,7,4,6,2,19
104.02,76,29,6,3,14,3,4,7
104.02,41,9,33,3,8,1,3,60
104.03,44,4,21,17,25,11,25,103
104.03,28,1,12,1,13,7,13,27
104.03,73,8,14,8,12,4,2,76
104.04,50,70,36,33,2,9,2,14
104.05,32,7,24,33,2,2,6,70
104.05,112,34,44,11,28,37,41,113
104.06,69,17,39,1,27,10,4,91
104.06,59,1,20,11,6,6,24,65
104.06,9,79,15,42,13,6,7,20
104.07,127,11,2,6,6,10,9,72
104.08,13,33,4,7,22,16,23,61
104.08,46,15,13,1,37,13,18,64
104.08,25,19,22,4,1,11,25,94
104.09,23,11,0,6,4,11,15,115
104.09,59,24,3,28,7,2,17,99
104.1,38,34,25,3,13,6,13,77
104.11,46,1,39,22,21,25,34,70
104.11,37,12,11,5,6,11,6,37
104.11,34,54,25,8,14,1,15,70
104.12,101,25,8,11,11,4,2,34
104.12,7,37,14,2,7,7,6,10
104.13,89,64,5,17,6,12,12,14
104.14,8,1,14,20,44,1,9,7
104.14,22,46,6,6,9,3,2,43
104.14,93,11,16,19,12,9,12,45
104.15,113,14,67,1,1,5,11,37
104.16,11,29,5,6,0,6,2,16
104.16,92,54,19,11,8,11,14,65
104.17,45,27,31,15,9,11,14,28
104.17,2,109,29,13,1,2,4,21
104.17,20,43,32,2,19,8,12,6
104.18,5,26,3,1,10,0,6,25
104.19,6,9,12,2,3,5,15,17
104.19,7,19,14,6,1,4,1,10
104.19,46,8,3,5,1,5,8,10
104.2,24,28,1,3,2,5,4,25
104.2,12,12,2,4,7,2,6,34
104.21,33,6,0,9,8,8,1,8
104.22,34,6,3,3,0,3,17,26
104.22,5,6,6,7,4,2,5,13
104.22,8,5,6,2,6,1,8,6
104.23,13,9,12,2,8,2,0,5
104.23,3,9,11,3,4,2,10,14
104.24,1,3,3,3,3,6,15,12
104.25,32,11,2,8,6,4,23,5
104.25,12,7,12,5,4,8,26,7
104.25,8,7,3,5,4,0,12,4
104.26,27,1,29,25,8,10,4,5
104.27,26,8,3,14,3,5,4,10
104.27,28,5,20,25,8,1,10,2
104.28,17,0,4,3,7,3,1,3
104.28,18,4,54,52,2,1,9,12
104.28,14,3,8,1,1,3,2,10
104.29,1,9,16,13,3,5,7,2
104.3,8,2,47,21,6,2,3,3
104.3,15,2,7,27,6,4,3,3
104.31,13,5,63,20,7,3,11,9
104.31,21,10,11,18,5,0,1,5
104.31,18,3,7,20,3,2,3,5
104.32,15,23,58,74,7,5,7,4
104.33,1,8,37,10,5,5,1,10
104.33,18,22,88,106,16,17,13,11
104.33,9,7,87,80,9,1,9,0
104.34,2,5,8,35,14,10,12,9
104.34,4,6,40,0,11,0,14,1
104.35,6,19,71,125,28,19,25,7
104.36,5,24,14,7,26,32,13,26
104.36,36,60,45,67,37,23,11,61
104.36,7,16,15,8,11,20,22,12
104.37,13,10,25,12,4,1,20,13
104.38,11,47,23,70,8,4,14,10
104.38,54,56,68,127,56,38,39,25
104.39,36,23,46,43,45,15,28,1
104.39,5,6,45,30,17,21,23,31
104.39,5,14,14,82,16,12,16,8
104.4,1,2,18,4,8,5,2,10
104.41,2,9,77,52,25,17,5,9
104.41,7,28,39,53,27,20,13,10
104.42,4,45,11,11,33,30,25,14
104.42,8,10,35,31,13,7,1,2
104.42,12,3,59,60,35,18,16,8
104.43,29,33,27,128,44,8,18,4
104.44,20,3,56,51,14,18,10,24
104.44,6,14,20,15,7,6,0,14
104.44,32,37,127,126,36,12,13,10
104.45,11,22,58,65,17,12,8,0
104.45,10,19,88,8,8,0,4,11
104.46,16,4,37,24,17,15,15,3
104.47,3,18,49,83,14,17,9,2
104.47,30,18,28,64,19,6,9,32
104.47,35,26,93,128,45,14,11,23
104.48,10,3,14,20,9,20,3,1
104.48,1,6,38,7,3,5,4,3
104.49,1,0,52,36,7,1,7,4
104.5,6,1,30,26,8,4,7,10
104.5,0,15,4,38,2,7,1,2
104.5,7,19,42,98,13,9,6,2
104.51,10,22,30,16,7,7,1,13
104.52,7,2,14,3,5,2,4,10
104.52,6,9,0,5,3,1,10,4
104.53,8,38,31,5,6,2,2,2
104.53,7,37,12,8,1,7,6,4
104.53,1,5,92,37,1,0,9,0
104.54,33,35,92,37,10,6,14,10
104.55,14,33,104,97,17,18,5,3
104.55,6,2,86,46,10,4,8,2
104.56,5,20,29,13,5,4,5,0
104.56,7,36,85,55,14,9,5,4
104.56,8,3,38,32,3,8,1,1
104.57,4,17,75,81,23,9,2,6
104.58,6,15,11,28,7,13,4,0
104.58,9,5,10,33,1,4,10,2
104.58,7,16,37,58,18,1,3,6
104.59,8,3,15,29,10,4,7,4
104.59,3,1,20,54,12,8,5,8
104.6,5,11,62,114,26,10,16,1
104.61,1,11,37,2,4,4,2,4
104.61,8,5,34,3,4,1,11,19
104.61,33,22,58,6,0,5,7,6
104.62,7,7,42,86,9,9,15,1
104.62,7,4,25,67,7,2,0,8
104.63,0,18,84,112,14,8,2,1
104.64,17,42,55,100,43,19,11,12
104.64,4,3,15,41,5,7,1,2
104.64,5,6,10,26,1,0,6,1
104.65,0,14,32,45,6,1,7,1
104.66,8,11,29,16,15,7,3,3
104.66,7,0,21,20,2,2,2,1
104.67,0,0,33,41,14,3,7,1
104.67,13,17,48,74,12,12,3,6
104.67,26,33,44,108,38,18,12,10
104.68,20,26,9,128,51,23,16,9
104.69,15,49,7,60,2,3,2,6
104.69,5,7,16,29,2,8,2,5
104.69,1,4,30,9,8,4,8,10
104.7,15,19,12,76,29,18,11,9
104.7,3,4,15,5,4,3,2,1
104.71,13,15,29,44,20,13,7,3
104.72,4,1,11,42,3,0,17,1
104.72,4,7,11,37,5,8,17,3
104.72,1,15,3,7,4,4,4,12
104.73,4,11,14,3,3,2,1,6
104.73,8,16,6,8,7,3,1,4
104.74,6,0,1,5,6,1,4,1
104.75,3,15,31,14,4,3,4,3
104.75,15,25,51,109,31,14,8,2
104.75,14,34,7,103,30,17,14,1
104.76,10,18,14,51,18,12,3,2
104.77,7,17,52,40,13,0,0,4
104.77,1,5,48,9,7,6,4,3
104.78,4,1,22,9,1,0,5,0
104.78,0,3,3,4,4,5,2,6
104.78,3,21,20,19,1,3,1,4
104.79,5,3,6,18,10,10,7,2
104.8,4,8,1,39,17,7,7,1
104.8,10,18,94,78,13,4,2,0
104.81,2,4,15,13,18,4,4,2
104.81,4,9,11,28,10,4,5,4
104.81,3,2,21,21,4,1,1,3
104.82,3,13,39,71,19,2,7,2
104.83,2,1,2,14,1,5,2,1
104.83,5,15,42,44,11,5,9,3
104.83,0,4,1,2,2,1,0,1
104.84,3,6,14,85,11,0,4,2
104.84,6,9,29,93,16,9,5,5
104.85,3,6,13,27,8,1,1,0
104.86,0,0,22,1,15,1,4,2
104.86,3,9,2,10,5,5,5,2
104.86,1,3,51,20,4,4,3,1
104.87,3,8,50,12,0,5,1,2
104.88,5,0,8,23,6,1,1,1
104.88,19,36,41,11,28,12,5,6
104.89,10,55,42,19,34,7,4,2
104.89,42,24,4,16,10,7,8,7
104.89,22,13,15,7,3,6,5,2
104.9,26,13,30,10,1,7,7,6
104.91,68,47,17,23,28,24,24,41
104.91,101,12,17,3,1,4,1,82
104.92,100,54,34,29,21,35,48,99
104.92,7,30,10,11,8,29,22,2
104.92,59,16,3,7,11,3,11,21
104.93,55,2,24,4,5,18,19,40
104.94,80,27,2,17,11,26,25,60
104.94,27,4,5,9,0,8,5,9
104.94,65,27,12,4,10,17,20,40
104.95,39,2,25,18,2,5,3,26
104.95,5,18,33,52,11,4,3,1
104.96,5,3,9,4,11,12,11,4
104.97,12,8,4,27,26,3,6,12
104.97,19,1,12,26,30,1,13,31
104.97,32,33,27,14,1,9,5,13
104.98,28,21,23,30,17,7,1,3
104.98,12,22,88,1,4,1,3,7
104.99,21,6,26,11,20,5,6,1
105,51,10,25,5,13,5,1,25
105,25,33,28,14,13,8,1,11
105,69,5,5,4,3,9,15,26
105.01,27,14,7,2,2,8,4,16
105.02,41,15,8,5,12,4,8,14
105.02,20,9,7,2,1,1,1,23
105.03,9,20,13,1,4,3,2,29
105.03,26,3,13,12,9,2,1,29
105.03,20,11,7,10,1,0,1,22
105.04,21,0,5,9,7,1,5,7
105.05,16,6,8,8,5,2,1,22
105.05,23,2,2,2,8,15,14,30
105.06,35,9,1,2,11,7,16,64
105.06,63,7,32,8,5,6,4,44
105.06,26,6,26,2,3,12,22,76
105.07,34,20,35,41,22,10,1,6
105.08,23,16,2,10,1,3,0,25
105.08,60,6,32,7,6,5,10,68
105.08,15,16,38,5,1,11,9,12
105.09,6,13,36,1,8,1,6,13
105.09,10,16,11,10,2,1,6,53
105.1,2,24,13,3,3,0,5,43
105.11,5,0,15,6,21,5,19,41
105.11,17,0,6,7,2,16,39,119
105.11,39,12,19,17,1,5,3,1
105.12,28,13,2,16,2,1,15,35
105.12,6,53,7,11,9,7,16,76
105.13,30,10,18,1,1,3,8,36
105.14,47,33,10,5,2,9,4,37
105.14,13,37,30,13,12,1,17,57
105.14,33,6,5,2,16,5,2,0
105.15,21,12,3,4,4,5,12,46
105.16,4,1,21,17,18,11,1,22
105.16,57,13,11,0,22,6,8,62
105.17,32,19,10,1,18,6,6,32
105.17,78,24,11,1,20,8,34,108
105.17,12,38,58,13,11,7,2,8
105.18,22,17,1,14,5,3,5,7
105.19,110,71,59,2,2,0,4,9
105.19,58,57,4,12,6,4,9,43
105.19,12,64,15,14,5,3,9,33
105.2,101,29,11,0,5,1,2,16
105.2,9,17,0,5,2,6,1,4
105.21,91,24,7,5,12,10,12,41
105.22,13,9,4,6,11,4,8,23
105.22,17,9,2,7,6,7,1,0
105.22,14,1,8,0,4,3,3,4
105.23,42,36,29,2,0,2,5,8
105.23,26,7,9,2,3,1,4,24
105.24,18,14,4,3,5,5,1,1
105.25,5,4,10,11,1,2,3,19
105.25,49,8,4,2,11,6,2,40
105.25,66,3,7,0,2,1,2,10
105.26,39,20,10,4,2,8,11,7
105.27,28,30,1,3,9,3,2,3
105.27,31,5,12,6,5,6,17,43
105.28,69,20,2,1,6,3,10,98
105.28,49,7,15,6,9,12,38,101
105.28,29,30,7,5,7,14,10,29
105.29,32,13,6,0,2,1,13,41
105.3,18,11,4,0,5,5,7,7
105.3,27,3,2,0,1,2,9,33
105.31,17,5,2,1,8,3,6,30
105.31,16,4,1,0,3,0,2,10
105.31,4,12,10,4,1,0,3,24
105.32,6,3,17,3,3,4,1,7
105.33,22,1,6,0,5,3,4,33
105.33,2,1,16,5,12,1,2,19
105.33,8,40,27,19,28,5,7,23
105.34,21,10,1,2,1,1,4,1
105.34,7,18,9,0,2,5,2,0
105.35,9,11,18,1,1,0,3,5
105.36,18,10,5,4,2,0,7,20
105.36,18,3,1,3,6,0,10,16
105.36,3,13,5,0,2,3,0,3
105.37,9,12,2,1,1,1,1,0
105.38,5,1,1,1,0,1,9,6
105.38,32,13,4,8,12,3,5,9
105.39,2,3,13,6,2,1,5,3
105.39,3,1,17,5,2,6,2,0
105.39,46,15,14,7,1,1,5,18
105.4,88,29,2,8,14,13,23,43
105.41,3,5,8,20,1,7,19,1
105.41,16,31,42,63,24,20,11,19
105.42,33,42,26,97,37,27,26,25
105.42,63,26,79,24,24,11,42,26
105.42,25,56,62,90,41,35,11,13
105.43,49,37,18,106,25,21,15,30
105.44,27,12,20,55,1,3,0,11
105.44,2,28,84,121,16,11,20,9
105.44,49,1,44,50,5,8,4,31
105.45,40,74,9,128,47,37,49,83
105.45,50,43,20,89,16,6,9,2
105.46,57,7,44,86,20,10,24,34
105.47,2,6,8,24,15,8,1,6
105.47,9,26,37,117,56,17,10,47
105.47,44,62,99,128,57,23,28,65
105.48,21,22,118,98,12,0,1,14
105.48,7,0,28,39,7,10,3,11
105.49,76,60,81,9,10,8,18,52
105.5,35,47,127,120,49,13,3,12
105.5,2,4,64,74,3,2,2,18
105.5,1,20,119,87,11,11,2,4
105.51,28,37,43,62,23,4,6,10
105.52,3,31,101,37,4,1,2,6
105.52,6,30,21,25,6,3,5,0
105.53,13,4,76,68,24,10,2,3
105.53,15,0,3,1,8,6,1,7
105.53,13,14,78,29,11,3,2,3
105.54,2,13,34,90,20,10,6,4
105.55,2,40,7,6,6,2,1,7
105.55,12,22,12,21,5,8,4,9
105.56,11,20,35,66,10,1,1,3
105.56,21,17,33,27,2,2,7,0
105.56,6,10,40,13,4,9,4,7
105.57,3,19,66,8,13,7,0,8
105.58,2,7,31,29,6,6,7,1
105.58,10,13,19,27,6,0,5,4
105.58,1,9,8,28,10,6,9,2
105.59,2,3,7,85,20,6,5,1
105.59,4,11,15,97,16,10,9,4
105.6,17,33,46,110,27,19,10,3
105.61,8,2,41,18,1,1,4,7
105.61,0,11,5,62,15,9,7,1
105.61,6,17,39,50,7,5,2,1
105.62,2,8,52,64,3,8,3,6
105.62,0,6,4,17,9,10,1,2
105.63,3,14,30,26,18,1,5,5
105.64,23,12,43,45,6,6,12,16
105.64,42,33,34,10,1,10,22,23
105.64,8,6,0,51,9,3,4,4
105.65,17,14,5,77,4,1,8,8
105.66,18,17,4,3,11,1,1,9
105.66,10,26,79,112,18,7,9,10
105.67,18,2,63,63,5,3,0,8
105.67,2,8,27,44,10,8,1,4
105.67,7,8,35,64,19,6,0,7
105.68,4,30,46,37,21,8,5,5
105.69,4,27,18,6,1,3,3,3
105.69,1,30,7,9,5,6,4,5
105.69,8,0,27,32,2,2,5,5
105.7,4,11,66,5,1,5,2,5
105.7,10,14,12,37,15,13,1,5
105.71,2,14,24,26,10,5,1,9
105.72,24,18,7,11,18,19,11,15
105.72,16,12,41,24,8,5,8,7
105.72,3,10,19,16,4,1,4,1
105.73,7,3,9,18,3,1,2,5
105.73,2,7,23,13,2,3,2,2
105.74,13,26,29,20,5,7,5,8
105.75,14,21,26,16,6,4,0,5
105.75,13,14,15,15,4,1,2,11
105.75,11,23,45,6,14,11,9,34
105.76,7,15,31,7,1,2,5,0
105.77,3,20,26,41,18,9,5,1
105.77,10,5,9,19,14,0,4,1
105.78,4,8,26,39,6,7,3,5
105.78,2,7,32,18,5,1,0,0
105.78,3,5,34,24,2,0,2,2
105.79,16,22,106,69,14,7,6,9
105.8,1,7,26,17,3,5,2,2
105.8,5,53,16,7,4,0,2,1
105.81,2,18,21,11,4,1,2,7
105.81,1,1,29,27,3,5,1,6
105.81,5,1,35,18,7,1,0,3
105.82,4,13,3,40,5,5,2,2
105.83,2,15,27,71,13,6,3,8
105.83,3,12,35,22,10,4,5,1
105.83,9,8,22,2,10,0,4,5
105.84,37,20,8,4,13,4,1,3
105.84,70,21,26,21,18,2,3,7
105.85,16,7,2,10,4,1,2,10
105.86,1,12,3,16,9,3,6,6
105.86,11,25,12,29,3,1,1,1
105.86,29,0,22,9,2,7,9,3
105.87,7,6,6,1,1,5,23,0
105.88,5,5,5,9,5,10,6,5
105.88,1,1,23,19,4,7,2,5
105.89,25,9,11,15,6,7,3,6
105.89,15,4,14,13,5,0,7,1
105.89,24,1,3,12,8,0,1,8
105.9,27,26,7,23,22,6,4,1
105.91,45,10,23,5,2,4,8,7
105.91,29,20,15,1,3,3,48,33
105.92,12,4,21,6,0,2,0,3
105.92,10,40,24,29,2,2,7,4
105.92,115,14,27,4,4,5,2,21
105.93,33,23,13,2,4,10,21,17
105.94,81,78,18,18,16,9,19,31
105.94,36,11,13,6,7,7,1,2
105.94,26,25,5,10,5,8,6,25
105.95,122,17,9,7,1,12,7,34
105.95,127,63,5,5,5,23,9,35
105.96,59,27,17,20,13,25,21,49
105.97,46,68,10,9,7,21,10,34
105.97,66,30,6,2,8,6,13,18
105.97,68,13,1,4,1,2,10,30
105.98,84,17,6,8,30,24,15,73
105.98,20,32,10,13,25,14,8,18
105.99,28,8,2,6,18,10,7,9
106,74,22,19,3,4,11,27,62
106,73,19,29,11,0,7,12,26
106,4,4,41,4,13,2,1,106
106.01,29,25,47,17,11,6,4,11
106.02,57,19,4,8,1,12,32,76
106.02,12,28,23,19,9,4,3,38
106.03,41,6,43,7,5,9,17,97
106.03,3,14,22,4,10,0,10,24
106.03,11,27,18,27,29,18,17,34
106.04,51,74,5,9,10,3,4,33
106.05,26,30,2,1,11,1,0,9
106.05,41,3,27,6,12,3,3,9
106.06,3,6,1,4,8,2,5,35
106.06,25,17,24,13,9,3,6,16
106.06,38,39,24,4,8,6,2,2
106.07,46,1,9,16,21,6,10,38
106.08,20,0,20,3,1,9,1,17
106.08,46,1,9,5,9,5,8,5
106.08,6,4,8,11,22,5,4,22
106.09,46,14,12,4,9,4,10,75
106.09,19,6,9,8,1,1,8,11
106.1,19,5,4,1,5,5,7,7
106.11,55,13,18,1,4,6,7,39
106.11,14,18,19,11,4,3,2,33
106.11,25,11,23,14,3,3,2,10
106.12,44,23,17,10,9,3,8,20
106.12,43,7,19,5,21,3,5,12
106.13,35,8,27,1,3,8,2,4
106.14,38,8,11,1,5,12,12,25
106.14,52,3,12,4,5,2,4,21
106.14,92,19,23,4,8,12,4,59
106.15,98,24,19,7,5,14,25,90
106.16,68,2,22,4,1,17,9,1
106.16,25,1,7,3,7,2,6,38
106.17,48,8,14,9,6,5,9,1
106.17,29,12,4,10,5,8,8,47
106.17,49,26,4,16,5,3,8,8
106.18,27,7,2,8,9,4,4,22
106.19,10,18,20,1,1,1,1,48
106.19,15,37,6,3,7,7,7,38
106.19,10,3,7,7,3,6,7,24
106.2,0,4,4,12,9,8,2,9
106.2,40,11,4,7,2,1,2,7
106.21,21,1,4,2,4,3,3,27
106.22,0,2,3,4,0,5,1,2
106.22,22,7,5,4,2,1,3,5
106.22,8,9,11,6,0,3,1,10
106.23,1,10,3,1,1,2,1,11
106.23,15,10,8,3,1,5,0,1
106.24,47,21,6,4,1,2,2,10
106.25,0,7,0,3,6,2,9,18
106.25,27,4,1,2,1,2,5,25
106.25,17,13,1,2,7,6,4,4
106.26,12,15,5,1,6,8,7,8
106.27,3,6,1,3,3,4,19,3
106.27,6,4,6,2,2,4,22,11
106.28,29,26,9,8,9,9,12,1
106.28,11,3,2,3,5,5,3,14
106.28,24,8,8,4,5,4,4,3
106.29,49,10,1,5,6,3,18,23
106.3,36,4,17,0,7,13,7,8
106.3,3,5,5,35,4,2,4,0
106.31,5,10,38,48,10,16,5,1
106.31,5,11,30,25,5,1,5,10
106.31,21,5,31,19,6,5,5,12
106.32,2,7,60,43,8,3,5,9
106.33,6,18,74,85,22,9,17,15
106.33,12,15,56,69,3,9,14,12
106.33,4,8,26,31,3,0,10,4
106.34,2,10,26,69,18,9,4,6
106.34,11,12,49,29,1,1,5,5
106.35,19,46,128,128,35,15,8,1
106.36,5,19,70,66,9,9,7,2
106.36,2,18,18,52,6,3,3,4
106.36,4,27,56,0,8,6,1,3
106.37,1,7,27,16,11,5,6,2
106.38,6,12,3,11,14,13,5,11
106.38,8,1,28,106,17,2,2,1
106.39,9,4,14,78,13,1,0,5
106.39,2,3,44,85,13,5,2,2
106.39,3,5,10,67,3,0,2,2
106.4,0,3,25,106,11,8,3,4
106.41,8,0,17,2,2,4,2,2
106.41,1,9,39,52,5,4,3,2
106.42,3,2,3,17,3,7,7,1
106.42,0,7,26,36,6,5,1,3
106.42,4,1,24,19,2,0,1,9
106.43,2,13,48,4,3,2,4,11
106.44,13,18,12,66,19,20,13,18
106.44,36,7,25,3,1,2,10,16
106.44,52,10,7,29,6,1,6,29
106.45,10,12,9,76,15,11,8,9
106.45,12,8,12,63,26,6,6,1
106.46,11,4,1,64,2,8,5,7
106.47,14,7,26,40,9,1,4,9
106.47,7,1,22,19,4,2,1,8
106.47,0,5,26,20,0,1,3,14
106.48,9,5,30,3,0,5,1,9
106.48,2,2,6,6,5,7,4,12
106.49,2,8,6,18,2,8,1,6
106.5,13,10,1,4,5,4,4,0
106.5,11,1,15,17,1,3,5,5
106.5,13,2,18,9,7,4,3,2
106.51,7,3,4,35,1,2,2,14
106.52,24,2,26,5,5,6,1,29
106.52,2,15,32,58,18,11,4,2
106.53,16,0,27,24,0,1,4,0
106.53,19,3,70,13,2,5,3,6
106.53,8,10,9,81,17,5,5,2
106.54,6,1,3,54,7,7,1,3
106.55,19,22,38,91,19,12,10,13
106.55,3,3,3,19,12,0,1,8
106.56,4,15,47,18,9,9,2,5
106.56,2,15,48,16,1,8,6,5
106.56,1,2,4,6,1,0,0,5
106.57,4,8,23,50,9,2,0,5
106.58,0,10,50,23,12,5,5,0
106.58,6,7,32,49,14,5,3,11
106.58,11,10,57,78,17,2,5,5
106.59,2,5,8,6,2,3,2,8
106.59,8,8,28,16,3,4,8,1
106.6,8,2,42,3,2,3,4,2
106.61,5,10,51,87,15,1,1,1
106.61,3,1,76,15,2,0,3,4
106.61,7,17,61,102,20,4,5,0
106.62,7,6,11,13,7,0,1,2
106.62,2,3,64,30,1,3,2,3
106.63,7,9,25,22,2,1,1,4
106.64,0,2,18,38,5,3,0,6
106.64,7,0,14,26,5,3,1,6
106.64,1,1,6,1,14,1,1,2
106.65,0,3,17,27,7,0,2,2
106.66,2,4,4,15,3,3,3,3
106.66,3,3,15,32,8,0,2,4
106.67,1,6,15,15,7,2,1,3
106.67,1,3,38,3,9,6,2,4
106.67,5,6,47,19,3,4,4,2
106.68,3,0,2,9,3,8,3,2
106.69,0,13,9,33,4,6,3,1
106.69,6,7,21,2,6,2,1,2
106.69,7,11,1,65,22,10,9,4
106.7,1,4,27,23,5,2,3,2
106.7,2,6,42,5,4,4,1,2
106.71,8,11,30,22,15,5,1,1
106.72,2,3,3,14,9,2,2,3
106.72,2,6,6,13,4,1,1,1
106.72,5,4,2,6,0,3,1,3
106.73,3,7,12,48,5,1,2,1
106.73,7,8,0,18,10,1,1,2
106.74,11,1,16,14,10,3,3,1
106.75,23,8,0,10,4,1,2,1
106.75,80,26,14,5,2,6,6,15
106.75,1,2,10,8,3,2,1,0
106.76,1,2,21,0,1,1,2,1
106.77,11,1,2,1,4,3,1,2
106.77,27,2,8,10,5,2,2,4
106.78,5,0,7,13,9,7,2,0
106.78,35,9,29,0,5,3,3,3
106.78,5,2,9,12,6,5,6,4
106.79,10,4,9,5,1,3,2,1
106.8,1,7,28,24,15,4,1,2
106.8,12,3,17,6,9,2,1,1
106.81,16,13,46,19,10,2,1,3
106.81,3,3,31,7,5,3,1,1
106.81,5,10,42,17,5,9,5,1
106.82,1,4,8,9,10,1,0,2
106.83,8,9,40,41,9,2,5,0
106.83,4,10,31,55,9,2,3,1
106.83,1,3,13,2,0,0,3,2
106.84,3,10,18,26,3,3,3,2
106.84,1,1,10,15,8,6,2,1
106.85,14,7,7,26,10,2,2,3
106.86,10,6,17,9,18,0,1,2
106.86,1,4,1,5,5,1,1,2
106.86,7,2,4,11,2,9,5,2
106.87,4,9,11,4,3,3,4,5
106.88,30,13,12,1,8,1,4,5
106.88,23,11,3,8,3,5,1,2
106.89,16,2,26,12,2,2,2,5
106.89,20,4,31,1,6,5,6,3
106.89,23,4,84,8,2,3,0,11
106.9,27,29,9,3,0,5,1,1
106.91,9,5,28,10,1,5,2,1
106.91,43,15,0,6,8,15,10,19
106.92,38,12,11,1,12,2,1,38
106.92,77,23,24,2,0,11,19,78
106.92,7,4,6,18,8,3,0,6
106.93,41,17,6,28,6,1,3,0
106.94,78,20,17,11,0,13,13,64
106.94,71,0,33,32,13,7,14,8
106.94,27,23,3,10,2,4,6,67
106.95,40,3,4,0,2,6,4,46
106.95,93,49,4,0,3,12,10,55
106.96,103,36,9,24,6,9,18,60
106.97,36,12,3,36,4,5,10,6
106.97,91,15,13,5,12,3,1,110
106.97,73,27,29,13,17,17,27,89
106.98,29,17,22,18,3,3,2,35
106.98,46,36,2,1,7,18,34,55
106.99,2,7,18,16,12,2,5,39
107,70,15,2,2,6,5,18,123
107,34,20,50,10,1,16,31,89
107,20,18,9,15,5,8,5,78
107.01,66,21,10,14,19,12,33,61
107.02,9,8,25,12,12,3,12,13
107.02,18,3,12,2,0,2,2,39
107.03,34,9,20,2,1,11,25,119
107.03,60,19,25,8,1,8,43,128
107.03,50,26,51,0,8,4,6,24
107.04,62,43,42,20,33,21,38,99
107.05,51,29,103,19,6,3,11,111
107.05,60,2,41,25,18,3,0,94
107.06,71,38,9,36,37,10,9,40
107.06,64,39,12,20,39,13,6,2
107.06,21,30,9,3,21,8,5,28
107.07,49,3,10,10,8,9,21,13
107.08,93,1,13,18,20,12,3,15
107.08,18,13,11,3,22,2,1,44
107.08,47,3,12,4,1,5,22,41
107.09,28,35,2,8,7,2,8,62
107.09,67,16,13,6,2,16,17,58
107.1,7,6,26,12,5,2,3,51
107.11,26,49,28,6,7,1,9,21
107.11,39,44,3,14,7,7,24,95
107.11,7,21,16,5,11,5,14,92
107.12,72,39,15,9,14,20,30,72
107.12,78,23,23,0,8,11,2,37
107.13,1,6,11,7,15,2,7,45
107.14,70,22,27,3,13,11,21,75
107.14,61,25,21,13,9,13,13,36
107.14,73,10,4,0,14,0,13,72
107.15,12,11,23,0,8,12,4,22
107.16,12,1,50,15,15,5,11,13
107.16,3,1,12,6,3,0,1,2
107.17,10,2,14,2,6,3,5,11
107.17,37,20,11,10,3,4,4,19
107.17,13,6,16,4,12,19,26,20
107.18,52,8,11,5,3,1,2,42
107.19,6,8,19,2,5,1,11,28
107.19,74,13,44,8,3,6,19,59
107.19,90,10,11,8,5,10,2,40
107.2,30,1,12,9,2,11,1,2
107.2,27,16,19,11,2,4,2,7
107.21,20,5,25,19,26,1,3,31
107.22,13,6,9,9,10,1,8,12
107.22,16,15,7,5,3,6,7,26
107.22,32,4,10,8,2,2,6,25
107.23,20,15,4,2,6,5,18,72
107.23,13,0,2,5,2,1,2,6
107.24,16,6,19,3,3,2,0,15
107.25,13,1,2,3,4,1,7,6
107.25,27,7,5,3,1,1,1,13
107.25,24,1,15,3,0,2,6,13
107.26,31,2,5,1,3,1,3,16
107.27,23,0,10,5,5,4,2,17
107.27,48,20,11,12,8,6,11,22
107.28,16,3,26,7,2,4,12,47
107.28,5,1,38,5,4,3,13,1
107.28,5,4,7,3,8,1,3,5
107.29,1,1,12,7,2,1,7,9
107.3,12,1,3,0,3,1,1,2
107.3,25,5,45,12,6,6,13,1
107.31,8,13,9,1,2,4,1,18
107.31,38,9,79,28,4,17,33,32
107.31,2,13,5,2,3,0,1,19
107.32,0,8,12,2,2,6,1,4
107.33,11,5,63,20,6,4,18,1
107.33,11,8,108,67,11,5,9,17
107.33,22,21,20,14,7,9,20,26
107.34,21,10,94,92,7,10,47,39
107.34,11,54,85,107,42,26,7,13
107.35,4,18,25,54,17,16,36,15
107.36,10,6,30,34,3,3,31,10
107.36,5,24,55,35,9,11,28,13
107.36,13,3,7,82,6,7,15,29
107.37,11,1,102,48,3,10,16,9
107.38,10,7,99,69,6,4,9,6
107.38,4,12,28,31,9,3,15,7
107.39,25,10,94,34,2,11,11,20
107.39,1,6,44,12,8,7,55,5
107.39,5,18,99,95,14,12,25,9
107.4,21,42,77,108,43,37,94,18
107.41,1,12,44,27,7,4,29,1
107.41,4,7,16,27,4,9,21,23
107.42,8,12,9,64,12,11,31,8
107.42,2,20,13,66,12,6,29,7
107.42,12,23,104,41,9,8,17,21
107.43,1,11,46,53,13,5,8,4
107.44,2,9,7,28,8,7,8,12
107.44,6,15,31,79,19,7,15,7
107.44,20,17,47,101,22,11,19,8
107.45,17,26,79,74,19,18,21,17
107.45,9,11,20,15,1,5,10,11
107.46,6,7,4,3,3,2,30,4
107.47,2,2,1,56,3,3,21,7
107.47,1,0,26,17,4,3,1,7
107.47,5,9,14,24,7,9,38,2
107.48,5,14,32,69,11,5,27,1
107.48,7,11,17,50,11,12,9,11
107.49,4,1,18,10,5,9,11,10
107.5,3,3,14,7,2,2,2,1
107.5,1,5,12,15,1,8,8,2
107.5,2,2,25,32,1,5,9,8
107.51,5,6,13,32,6,4,9,6
107.52,7,0,37,33,9,1,2,1
107.52,4,2,10,8,1,6,13,1
107.53,10,19,55,106,21,11,0,4
107.53,10,24,51,108,33,12,17,7
107.53,18,17,61,2,18,18,1,11
107.54,11,5,22,19,14,6,3,5
107.55,6,5,3,28,9,3,3,1
107.55,7,10,9,54,14,2,17,1
107.56,4,5,4,47,8,6,7,9
107.56,4,6,19,36,11,3,12,1
107.56,1,13,1,34,11,9,7,6
107.57,2,2,11,12,5,6,6,8
107.58,6,5,19,10,4,7,8,3
107.58,6,2,14,51,5,0,1,0
107.58,2,7,11,18,9,8,14,2
107.59,1,3,0,12,5,6,20,2
107.59,3,1,25,10,3,3,5,2
107.6,15,30,89,127,36,15,13,5
107.61,11,15,128,99,11,5,6,1
107.61,24,42,67,57,50,37,45,14
107.61,6,10,92,99,12,5,2,0
107.62,3,1,24,23,9,7,4,9
107.62,7,13,5,71,23,12,10,1
107.63,4,7,29,21,9,10,17,5
107.64,10,15,25,47,15,5,12,6
107.64,2,5,1,34,3,1,8,4
107.64,2,1,3,8,1,3,3,2
107.65,6,8,8,8,4,2,5,5
107.66,2,14,45,25,8,4,2,1
107.66,14,8,12,39,4,4,0,7
107.67,3,3,33,72,3,4,10,3
107.67,10,23,75,76,25,12,3,2
107.67,9,14,16,13,11,9,12,2
107.68,4,3,3,3,3,4,12,0
107.69,8,9,2,14,9,16,12,1
107.69,10,20,34,60,19,9,15,2
107.69,10,13,38,41,26,8,5,1
107.7,9,18,4,25,22,15,4,8
107.7,2,3,8,6,9,5,5,3
107.71,7,14,65,30,16,13,10,5
107.72,6,10,58,2,8,6,1,0
107.72,3,10,53,4,9,6,6,2
107.72,1,4,24,3,2,0,9,4
107.73,5,4,40,39,5,2,7,2
107.73,4,7,23,9,2,2,5,3
107.74,6,6,12,7,5,4,20,1
107.75,8,8,2,17,24,8,18,2
107.75,4,2,39,15,11,6,37,6
107.75,5,1,48,18,1,6,55,15
107.76,3,2,6,9,2,4,11,5
107.77,11,1,13,5,3,8,2,1
107.77,3,0,39,24,1,2,9,1
107.78,20,1,7,21,1,2,29,0
107.78,3,4,21,22,1,1,20,2
107.78,4,6,27,7,8,1,2,6
107.79,8,3,16,19,16,8,7,3
107.8,7,1,28,17,18,1,5,2
107.8,7,4,3,17,25,4,9,0
107.81,3,2,23,1,2,0,9,0
107.81,0,15,6,21,14,5,12,1
107.81,1,10,14,50,0,0,44,1
107.82,9,20,32,22,14,18,0,10
107.83,1,0,28,4,3,2,3,7
107.83,8,11,61,2,4,1,11,4
107.83,2,3,9,19,1,5,28,2
107.84,3,6,14,1,2,6,2,3
107.84,5,4,8,16,7,0,7,2
107.85,2,5,33,12,3,3,3,3
107.86,10,0,17,18,7,5,3,1
107.86,21,15,19,3,3,2,6,2
107.86,62,22,11,13,2,4,3,1
107.87,11,1,10,3,8,7,14,11
107.88,29,14,28,16,4,2,4,1
107.88,3,2,54,21,6,0,1,2
107.89,14,6,10,6,7,6,15,5
107.89,31,5,16,16,5,1,19,8
107.89,20,16,12,3,1,3,5,2
107.9,57,15,13,23,6,1,2,11
107.91,39,2,6,0,3,3,8,13
107.91,6,1,28,16,8,1,4,14
107.92,40,16,10,3,19,15,6,1
107.92,17,18,2,8,7,2,5,12
107.92,36,3,18,11,1,2,4,4
107.93,2,7,53,15,9,8,11,42
107.94,91,42,13,3,18,6,7,50
107.94,74,17,13,2,26,12,17,94
107.94,92,25,17,6,9,2,3,20
107.95,40,0,2,6,10,8,1,8
107.95,100,54,13,18,8,5,11,4
107.96,124,33,17,8,11,0,2,92
107.97,101,58,51,32,28,20,12,81
107.97,109,70,19,16,7,8,6,104
107.97,63,44,78,2,3,1,3,37
107.98,3,23,36,11,7,11,13,6
107.98,9,55,3,9,0,5,2,53
107.99,24,25,13,2,17,4,7,6
108,17,41,23,3,29,0,9,48
108,60,22,11,22,0,6,19,29
108,36,6,7,15,1,1,6,36
108.01,29,13,3,5,1,6,5,47
108.02,73,19,21,13,22,1,1,40
108.02,112,63,44,19,15,7,11,96
108.03,42,27,2,3,9,4,9,48
108.03,17,10,50,1,16,0,22,68
108.03,73,22,6,25,12,7,22,23
108.04,90,52,22,21,4,9,15,21
108.05,3,21,34,4,7,6,1,11
108.05,11,4,1,0,6,7,25,31
108.06,2,38,15,8,5,3,6,5
108.06,94,49,10,1,5,3,8,52
108.06,126,76,8,6,11,0,10,73
108.07,101,13,5,13,8,1,6,17
108.08,77,5,16,26,9,3,1,14
108.08,12,18,24,35,24,4,3,1
108.08,58,15,21,3,9,4,6,28
108.09,26,6,37,14,7,1,12,48
108.09,2,74,71,5,13,1,6,18
108.1,19,68,41,7,6,0,6,17
108.11,41,8,30,4,7,1,7,32
108.11,7,12,7,3,3,1,9,39
108.11,22,8,7,13,8,0,12,39
108.12,25,6,7,6,11,1,7,37
108.12,49,34,4,3,5,7,3,41
108.13,110,9,19,11,2,14,3,6
108.14,28,61,24,3,11,9,3,73
108.14,84,0,39,3,8,4,0,21
108.14,127,53,99,25,22,17,4,67
108.15,109,50,71,16,31,7,5,17
108.16,3,26,11,0,2,3,5,7
108.16,11,7,6,9,1,2,4,12
108.17,61,13,12,3,3,1,1,25
108.17,2,13,29,17,6,5,6,2
108.17,12,15,23,3,1,3,17,14
108.18,3,9,12,12,11,2,23,0
108.19,24,60,65,1,15,5,3,14
108.19,21,54,4,13,48,4,13,9
108.19,83,14,8,12,7,6,1,0
108.2,13,24,9,5,18,5,13,0
108.2,5,13,5,2,6,7,0,3
108.21,64,24,7,8,13,5,1,26
108.22,21,22,13,6,3,0,7,38
108.22,56,59,9,3,6,2,2,33
108.22,31,5,3,10,14,7,21,16
108.23,12,11,2,2,9,5,20,1
108.23,61,14,9,6,3,1,12,40
108.24,11,11,5,0,1,3,2,18
108.25,6,4,2,2,8,1,18,17
108.25,18,5,3,2,7,0,9,27
108.25,5,1,9,2,2,1,9,15
108.26,5,2,19,1,2,0,9,5
108.27,6,25,10,2,2,1,13,23
108.27,21,9,2,0,4,1,1,11
108.28,0,2,4,1,1,0,0,12
108.28,1,7,0,1,4,8,0,16
108.28,2,8,3,4,7,1,2,1
108.29,20,4,7,3,0,2,7,19
108.3,9,3,7,3,1,1,1,1
108.3,26,6,6,1,1,0,1,9
108.31,37,3,8,4,2,2,2,8
108.31,10,2,33,2,8,1,2,4
108.31,4,10,2,0,1,1,1,7
108.32,7,6,0,0,4,0,0,4
108.33,23,10,9,8,2,6,0,9
108.33,1,8,14,5,0,2,1,8
108.33,12,3,16,1,7,9,6,28
108.34,11,0,45,2,6,6,3,10
108.34,25,7,34,25,4,3,0,9
108.35,38,14,31,15,0,3,2,4
108.36,7,7,35,28,8,3,2,11
108.36,12,6,56,43,7,8,2,9
108.36,2,3,45,35,4,2,1,3
108.37,4,5,2,58,8,2,0,4
108.38,9,10,19,9,1,2,7,7
108.38,20,12,22,41,21,8,12,3
108.39,4,12,7,61,13,0,10,3
108.39,3,4,17,18,2,2,15,8
108.39,19,18,46,89,23,4,6,4
108.4,20,12,6,25,15,10,2,13
108.41,7,31,97,88,35,12,25,1
108.41,3,7,89,10,9,16,3,31
108.42,7,8,25,26,10,10,8,8
108.42,7,12,19,32,14,6,11,8
108.42,11,6,1,17,5,1,3,6
108.43,15,6,8,6,1,7,3,3
108.44,7,9,16,8,10,12,5,7
108.44,4,2,18,15,4,2,1,1
108.44,4,12,31,91,13,0,1,2
108.45,3,19,2,22,17,8,0,4
108.45,5,9,37,19,7,8,0,5
108.46,1,5,26,45,10,7,11,5
108.47,21,47,34,83,43,32,27,18
108.47,14,17,73,102,20,8,17,7
108.47,8,5,32,52,8,2,1,9
108.48,2,10,58,27,4,0,0,5
108.48,18,28,39,86,22,9,11,4
108.49,13,12,91,119,18,12,11,5
108.5,6,10,27,29,9,9,2,5
108.5,7,4,46,36,11,3,2,8
108.5,9,16,81,16,12,7,5,9
108.51,3,5,24,22,2,4,3,0
108.52,4,4,9,56,7,6,0,5
108.52,6,7,27,75,12,3,1,6
108.53,0,0,30,24,5,3,2,0
108.53,0,6,43,12,0,0,0,1
108.53,7,6,21,31,7,6,3,7
108.54,2,3,47,57,4,2,3,2
108.55,6,12,17,26,15,12,17,3
108.55,17,33,62,105,32,14,24,9
108.56,1,14,22,32,5,4,3,7
108.56,3,12,41,11,1,8,1,5
108.56,8,19,11,47,16,2,5,0
108.57,6,15,52,119,12,9,73,0
108.58,9,27,43,128,25,18,75,6
108.58,7,2,25,5,1,1,7,0
108.58,1,2,15,16,3,1,1,1
108.59,3,2,2,8,5,1,1,5
108.59,5,3,12,11,0,4,20,1
108.6,8,15,81,64,7,2,2,1
108.61,4,7,23,3,2,3,2,1
108.61,3,2,57,4,0,6,11,1
108.61,4,16,41,2,5,4,6,2
108.62,3,5,26,32,5,14,15,4
108.62,7,10,26,45,12,7,11,4
108.63,1,6,10,5,12,9,12,2
108.64,3,5,3,62,1,5,9,2
108.64,11,21,13,79,26,12,1,9
108.64,3,6,10,29,6,7,4,2
108.65,2,3,19,9,5,1,11,1
108.66,3,9,41,28,10,1,5,0
108.66,2,9,10,34,9,9,3,4
108.67,3,7,44,27,5,4,5,2
108.67,2,2,5,48,5,1,11,2
108.67,5,11,35,19,6,4,9,0
108.68,8,25,8,36,11,10,5,5
108.69,0,3,8,38,4,1,1,0
108.69,3,4,1,32,17,1,3,0
108.69,1,2,14,6,2,6,0,1
108.7,2,1,41,25,10,3,2,4
108.7,1,4,33,37,5,2,1,5
108.71,5,5,60,36,5,2,2,2
108.72,4,6,24,56,2,1,2,2
108.72,0,1,45,36,3,1,1,0
108.72,5,9,28,58,8,3,0,3
108.73,7,6,14,13,6,3,2,0
108.73,3,0,3,5,0,3,0,4
108.74,0,8,1,36,4,4,1,1
108.75,9,13,24,41,16,5,5,3
108.75,0,4,13,5,3,4,4,3
108.75,4,3,6,0,1,4,2,2
108.76,1,2,22,16,5,1,1,1
108.77,1,11,47,28,4,2,4,1
108.77,5,8,22,12,11,6,5,1
108.78,6,16,95,85,17,9,3,4
108.78,2,3,30,8,4,5,1,1
108.78,0,1,2,2,1,1,1,0
108.79,4,6,17,24,4,5,2,1
108.8,2,2,11,15,1,2,0,1
108.8,0,3,19,18,1,2,1,1
108.81,4,0,3,6,6,7,0,1
108.81,3,9,20,25,6,8,1,3
108.81,11,27,31,53,27,17,9,7
108.82,1,3,6,6,1,8,4,3
108.83,2,2,10,15,9,9,4,0
108.83,2,2,6,4,2,3,3,1
108.83,4,0,9,27,16,2,1,2
108.84,2,5,5,11,0,1,1,0
108.84,5,9,10,11,1,2,6,5
108.85,3,3,6,12,0,4,0,2
108.86,12,12,16,2,10,5,8,7
108.86,18,4,0,1,1,2,1,8
108.86,13,8,11,5,11,4,8,19
108.87,68,26,22,34,15,16,12,23
108.88,6,9,17,22,4,2,3,2
108.88,13,5,2,17,4,10,7,1
108.89,8,8,17,4,5,2,3,17
108.89,27,1,4,9,5,11,8,14
108.89,20,6,5,11,3,2,2,34
108.9,56,8,5,5,4,11,16,7
108.91,11,10,8,5,4,8,15,32
108.91,21,3,23,19,12,13,2,32
108.92,4,9,26,26,22,16,19,16
108.92,123,38,17,8,18,26,22,73
108.92,47,3,10,0,28,16,17,8
108.93,95,57,34,43,13,24,29,95
108.94,60,20,3,23,5,3,5,55
108.94,4,18,18,49,4,6,5,46
108.94,61,7,47,99,10,0,10,12
108.95,70,36,23,18,10,18,13,53
108.95,85,24,10,11,16,14,18,68
108.96,38,14,5,6,5,3,4,23
108.97,12,8,10,37,15,2,5,9
108.97,16,2,8,15,1,10,4,19
108.97,10,8,10,6,5,1,5,12
108.98,9,6,19,9,10,8,3,3
108.98,33,15,14,11,2,5,6,21
108.99,25,5,40,18,11,6,1,2
109,22,19,20,12,5,2,0,2
109,5,17,22,47,5,4,2,12
109,3,6,13,30,14,9,19,89
109.01,28,10,7,7,34,4,14,43
109.02,4,4,10,3,6,0,18,98
109.02,35,3,6,11,4,7,6,19
109.03,35,20,6,8,8,3,7,12
109.03,25,9,21,4,7,6,1,62
109.03,26,6,22,1,14,9,9,14
109.04,46,20,4,4,10,3,5,68
109.05,6,2,11,6,6,4,2,13
109.05,8,22,31,15,11,4,7,12
109.06,3,19,33,23,14,3,1,9
109.06,3,10,14,9,0,1,6,14
109.06,8,16,8,7,14,9,9,81
109.07,2,1,17,3,1,4,11,107
109.08,7,3,9,10,4,1,2,36
109.08,19,8,17,9,7,3,9,11
109.08,4,9,15,5,7,1,6,10
109.09,42,3,5,4,9,6,10,17
109.09,63,19,0,0,5,4,4,10
109.1,105,25,2,10,7,3,11,39
109.11,16,27,17,5,7,10,11,56
109.11,44,24,9,5,10,1,10,33
109.11,8,13,5,8,6,4,0,1
109.12,13,2,0,5,23,2,6,8
109.12,6,4,6,3,5,0,5,2
109.13,49,12,2,5,6,1,2,32
109.14,6,4,13,0,9,1,3,8
109.14,6,14,7,2,9,0,3,13
109.14,11,2,0,14,5,1,6,9
109.15,60,7,4,13,5,0,1,28
109.16,29,11,10,11,24,3,5,13
109.16,61,54,3,3,1,10,10,72
109.17,4,10,0,5,7,2,7,16
109.17,46,6,1,2,7,4,8,103
109.17,36,29,11,9,9,5,29,79
109.18,78,1,16,3,0,0,2,65
109.19,8,21,9,8,2,4,5,22
109.19,16,10,3,6,5,8,2,40
109.19,34,6,2,1,8,4,10,14
109.2,6,1,13,5,6,3,3,30
109.2,19,25,24,4,1,1,3,12
109.21,7,13,1,9,6,4,5,19
109.22,3,1,1,5,4,1,4,18
109.22,44,16,7,2,20,3,8,1
109.22,6,2,1,16,21,1,1,1
109.23,16,17,8,1,5,4,6,22
109.23,3,2,7,3,8,0,1,8
109.24,21,3,2,2,2,1,1,6
109.25,8,5,3,8,5,1,1,0
109.25,11,1,7,2,5,4,4,14
109.25,11,2,5,0,0,3,3,7
109.26,55,10,8,5,3,2,0,7
109.27,61,4,3,3,4,6,9,15
109.27,6,4,0,1,1,3,0,16
109.28,5,7,0,1,6,2,9,17
109.28,24,0,2,3,5,0,3,6
109.28,24,5,5,5,3,3,3,11
109.29,45,14,3,3,4,7,4,24
109.3,5,0,3,1,1,3,1,8
109.3,19,14,4,3,0,4,6,4
109.31,32,9,6,1,0,3,3,9
109.31,48,11,2,5,4,8,5,16
109.31,14,6,21,7,2,1,1,6
109.32,9,4,2,20,4,3,6,1
109.33,9,1,38,44,0,4,4,9
109.33,9,0,38,4,5,8,6,14
109.33,11,26,98,109,19,21,11,8
109.34,26,22,82,55,9,4,6,4
109.34,29,1,57,69,5,8,18,8
109.35,47,26,55,101,16,11,11,19
109.36,84,50,73,86,28,21,17,21
109.36,24,6,20,20,1,2,6,7
109.36,8,0,8,13,4,1,2,11
109.37,4,19,3,82,12,10,10,19
109.38,38,36,86,127,19,11,8,24
109.38,45,27,53,65,19,12,4,38
109.39,6,18,83,47,13,11,14,5
109.39,0,22,28,78,9,9,16,9
109.39,32,35,50,118,44,23,16,14
109.4,34,61,116,92,66,31,31,8
109.41,14,12,81,54,7,4,11,7
109.41,3,2,1,16,11,8,9,10
109.42,4,15,105,72,11,7,8,2
109.42,13,31,66,72,34,17,14,14
109.42,4,1,29,50,9,6,1,5
109.43,7,12,74,79,16,10,6,8
109.44,8,1,24,34,9,2,4,6
109.44,12,9,16,26,4,0,2,1
109.44,5,1,43,8,2,5,9,4
109.45,7,22,8,19,18,8,5,1
109.45,17,25,123,62,17,11,1,5
109.46,4,5,47,14,2,6,7,2
109.47,10,19,34,82,16,11,10,3
109.47,1,3,22,11,9,10,10,1
109.47,9,3,69,29,1,2,3,4
109.48,1,7,29,18,8,12,5,0
109.48,6,6,16,5,5,3,3,2
109.49,6,1,5,28,0,1,6,1
109.5,5,7,25,65,7,1,3,1
109.5,1,13,23,56,15,5,3,2
109.5,1,8,28,14,6,1,3,3
109.51,9,17,61,72,21,16,11,4
109.52,0,6,30,72,11,3,4,3
109.52,0,6,28,44,3,6,2,2
109.53,1,6,12,48,3,6,1,0
109.53,9,4,1,21,2,6,11,2
109.53,7,4,44,19,10,7,22,6
109.54,13,3,36,4,9,1,6,0
109.55,1,10,3,45,7,4,3,3
109.55,2,10,27,50,13,10,1,1
109.56,1,11,0,25,0,3,8,4
109.56,2,7,32,38,13,11,8,3
109.56,4,8,15,23,0,2,4,2
109.57,0,20,14,28,4,3,0,2
109.58,8,10,42,69,8,2,1,2
109.58,4,2,21,38,4,2,3,3
109.58,0,8,17,11,3,2,1,4
109.59,1,4,11,8,6,0,4,1
109.59,3,2,17,54,5,2,1,2
109.6,6,14,18,13,8,4,5,3
109.61,3,8,6,31,8,8,2,2
109.61,4,3,19,29,1,5,2,4
109.61,6,7,45,0,0,5,1,6
109.62,3,3,7,11,0,2,2,1
109.62,2,3,23,58,6,0,2,0
109.63,6,2,4,12,6,3,6,3
109.64,4,6,0,67,9,5,0,1
109.64,3,4,4,4,6,3,0,1
109.64,2,2,23,61,10,4,0,0
109.65,8,14,51,37,9,10,7,4
109.66,2,2,7,51,4,5,7,1
109.66,2,0,12,3,1,0,3,1
109.67,4,9,25,16,5,0,1,0
109.67,1,1,9,7,1,4,1,1
109.67,1,2,19,23,2,1,1,2
109.68,7,11,27,64,8,6,0,3
109.69,13,27,95,71,20,8,4,5
109.69,5,1,40,4,4,4,2,3
109.69,1,4,11,3,1,0,2,1
109.7,1,4,13,23,4,4,2,2
109.7,5,15,34,65,12,2,0,3
109.71,10,18,74,84,13,6,0,1
109.72,31,58,94,97,54,19,15,9
109.72,5,8,41,70,8,5,7,0
109.72,6,11,20,24,3,7,3,3
109.73,1,7,35,17,14,6,0,2
109.73,4,19,32,72,0,1,0,3
109.74,4,9,31,36,10,7,4,2
109.75,2,2,18,17,3,1,2,4
109.75,3,3,21,19,4,1,1,3
109.75,4,6,16,10,8,6,1,0
109.76,8,7,17,31,8,1,1,1
109.77,2,3,15,11,10,0,3,0
109.77,6,3,11,30,8,7,5,2
109.78,3,5,2,16,11,3,1,2
109.78,10,23,74,95,23,4,5,3
109.78,32,57,55,66,54,23,19,10
109.79,1,2,25,39,4,1,0,0
109.8,2,5,12,20,3,2,1,1
109.8,2,6,13,13,17,4,2,0
109.81,1,13,4,25,1,4,4,4
109.81,6,11,38,27,4,2,4,4
109.81,1,5,11,22,3,7,4,6
109.82,0,6,28,46,4,3,0,3
109.83,11,16,18,20,16,5,3,4
109.83,3,8,25,23,13,1,3,2
109.83,4,7,18,24,10,4,1,2
109.84,22,18,22,39,20,7,8,10
109.84,7,15,46,77,16,7,3,2
109.85,1,4,66,42,4,7,1,3
109.86,6,0,65,5,1,1,1,2
109.86,0,5,11,12,8,11,1,1
109.86,7,5,24,31,1,1,2,0
109.87,9,11,16,32,10,7,0,0
109.88,23,5,22,5,2,5,11,1
109.88,9,15,28,47,15,13,19,10
109.89,8,13,18,37,12,4,10,4
109.89,2,6,10,20,5,3,4,3
109.89,9,4,11,3,3,5,3,3
109.9,5,2,24,0,7,2,2,1
109.91,7,3,14,10,1,3,4,4
109.91,7,12,64,38,15,8,3,5
109.92,2,1,24,45,3,1,1,4
109.92,17,2,28,9,10,9,5,8
109.92,7,11,14,2,17,15,16,11
109.93,59,5,52,5,1,5,1,13
109.94,10,14,30,49,8,4,2,3
109.94,1,10,20,30,9,2,1,14
109.94,5,1,4,16,8,9,11,9
109.95,28,13,7,6,9,10,11,30
109.95,8,6,19,3,8,0,4,0
109.96,10,2,40,6,1,11,17,21
109.97,3,2,4,15,8,2,2,2
109.97,3,4,29,67,7,7,2,7
109.97,8,30,55,83,19,9,2,22
109.98,11,13,28,35,8,11,7,34
109.98,22,6,4,17,14,7,14,62
109.99,6,8,7,14,13,4,3,11
110,32,14,2,21,1,7,5,8
110,1,2,21,9,5,4,3,31
110,81,3,5,9,9,3,8,55
110.01,2,5,9,26,14,0,0,15
110.02,6,10,4,38,7,3,7,4
110.02,34,5,31,21,3,6,14,30
110.03,39,21,75,8,8,5,1,34
110.03,76,8,7,10,25,20,22,54
110.03,6,1,34,37,8,2,5,5
110.04,9,8,21,8,7,1,1,8
110.05,12,5,1,23,6,2,2,18
110.05,25,12,9,6,2,13,7,7
110.06,3,5,31,27,10,2,8,17
110.06,18,15,11,29,47,19,15,40
110.06,13,12,4,10,6,4,4,33
110.07,24,8,9,14,13,3,1,33
110.08,21,6,28,45,1,1,13,40
110.08,17,16,29,23,0,1,3,17
110.08,3,8,14,55,2,3,1,14
110.09,16,9,7,2,3,0,17,13
110.09,17,9,1,16,17,12,24,90
110.1,2,10,5,16,1,6,10,47
110.11,14,36,47,53,6,1,2,7
110.11,1,33,52,96,12,4,4,26
110.11,40,31,9,1,10,4,1,2
110.12,4,12,16,29,25,8,14,52
110.12,32,10,52,36,1,6,9,15
110.13,29,27,40,10,8,9,23,17
110.14,24,38,2,16,7,7,2,73
110.14,23,1,15,3,9,0,9,13
110.14,59,49,7,20,10,3,16,16
110.15,22,46,12,11,0,6,20,53
110.16,3,12,0,2,9,0,1,24
110.16,12,8,41,38,7,1,5,44
110.17,41,5,26,43,7,3,6,28
110.17,30,105,29,15,6,1,5,54
110.17,64,77,19,9,7,0,7,19
110.18,1,33,2,10,5,0,3,25
110.19,34,8,33,13,12,1,1,28
110.19,13,10,33,1,9,0,8,22
110.19,6,21,11,11,22,8,2,23
110.2,49,5,10,27,1,8,17,62
110.2,42,4,20,53,2,1,9,34
110.21,33,11,18,47,31,8,14,113
110.22,53,70,15,17,29,14,39,84
110.22,44,31,9,6,18,10,22,67
110.22,27,16,24,52,4,2,9,15
110.23,22,8,39,10,16,8,16,51
110.23,9,5,55,35,1,0,6,18
110.24,8,18,14,42,1,2,2,4
110.25,28,17,4,28,9,5,12,6
110.25,39,19,3,1,13,0,10,26
110.25,10,19,15,3,14,2,7,6
110.26,8,5,3,7,1,3,0,18
110.27,18,16,1,1,3,1,6,12
110.27,11,26,9,12,11,2,9,3
110.28,8,26,2,21,7,4,5,27
110.28,22,45,1,2,10,3,11,39
110.28,0,4,6,12,1,3,3,5
110.29,6,3,3,2,6,3,1,17
110.3,28,32,13,8,1,3,3,9
110.3,16,21,17,11,3,0,1,10
110.31,17,30,2,12,5,4,1,6
110.31,1,10,4,13,4,6,8,8
110.31,11,4,10,4,1,0,7,1
110.32,6,9,3,2,12,8,9,23
110.33,4,6,9,2,3,1,10,10
110.33,4,3,1,0,2,7,6,2
110.33,4,57,9,12,11,0,5,1
110.34,1,19,3,15,1,2,3,0
110.34,18,1,3,2,4,2,0,2
110.35,24,18,3,14,4,1,7,16
110.36,5,12,6,17,0,5,2,5
110.36,18,3,1,4,4,3,1,17
110.36,13,4,8,7,11,2,7,58
110.37,7,18,4,0,2,1,7,12
110.38,14,26,3,7,3,6,12,8
110.38,14,17,1,5,4,10,16,18
110.39,7,3,3,2,6,1,11,10
110.39,4,13,16,14,8,6,45,6
110.39,10,0,16,26,7,4,4,5
110.4,63,9,43,16,2,0,3,27
110.41,8,1,19,27,15,13,4,1
110.41,10,7,18,19,2,4,9,9
110.42,15,34,44,37,2,6,1,10
110.42,18,42,48,44,6,1,1,4
110.42,1,11,58,53,8,1,14,0
110.43,22,20,75,54,15,10,13,19
110.44,30,18,76,6,18,5,6,8
110.44,28,32,56,36,5,14,9,9
110.44,21,10,3,65,14,4,12,9
110.45,4,3,39,27,3,8,2,29
110.45,1,34,50,23,10,15,17,10
110.46,21,34,80,118,31,25,28,9
110.47,7,8,25,22,5,13,43,15
110.47,40,68,57,75,55,33,21,12
110.47,6,7,105,97,27,6,0,23
110.48,19,100,117,128,70,33,16,10
110.48,27,46,127,127,31,19,26,21
110.49,9,30,18,73,28,21,19,12
110.5,18,72,69,94,65,37,28,13
110.5,26,4,76,117,13,2,9,4
110.5,10,32,50,50,16,7,2,3
110.51,18,15,127,94,15,4,4,17
110.52,25,40,16,0,21,9,10,12
110.52,2,3,19,54,15,8,0,1
110.53,3,7,20,73,9,0,1,13
110.53,8,42,115,105,43,23,6,8
110.53,16,2,83,18,2,5,25,5
110.54,13,2,62,51,2,1,49,3
110.55,1,35,57,65,9,3,9,4
110.55,23,116,37,68,28,19,16,9
110.56,16,15,77,55,5,2,0,11
110.56,14,2,43,8,6,10,11,5
110.56,5,3,44,57,13,6,1,4
110.57,12,4,17,11,11,8,2,2
110.58,18,9,32,10,4,3,5,5
110.58,13,31,82,18,21,9,4,10
110.58,11,6,38,74,14,0,8,6
110.59,7,25,59,1,3,6,1,6
110.59,14,28,89,30,8,3,3,5
110.6,6,36,57,81,11,8,1,3
110.61,12,23,26,79,14,2,4,2
110.61,3,19,3,97,20,2,1,16
110.61,3,6,71,82,12,2,13,18
110.62,4,27,33,23,3,1,8,3
110.62,8,3,69,77,7,1,19,7
110.63,9,29,93,54,13,9,12,13
110.64,14,25,47,19,7,4,1,8
110.64,2,17,84,13,6,0,8,10
110.64,2,17,77,38,12,14,16,5
110.65,5,16,40,50,4,8,11,2
110.66,14,2,43,3,5,1,1,7
110.66,11,62,16,76,8,5,1,9
110.67,11,2,47,55,6,3,0,5
110.67,8,9,11,5,3,4,5,5
110.67,3,6,0,23,8,3,3,4
110.68,4,20,16,83,20,4,3,2
110.69,1,16,39,82,13,5,3,0
110.69,2,1,33,9,3,2,1,2
110.69,6,15,36,3,14,9,8,4
110.7,5,5,11,0,5,2,5,6
110.7,7,5,11,5,3,3,8,3
110.71,1,5,27,27,0,6,2,3
110.72,11,22,13,43,13,9,6,3
110.72,5,4,61,36,8,3,4,1
110.72,6,9,10,15,5,6,4,6
110.73,0,4,6,8,4,1,2,6
110.73,7,3,2,21,4,5,6,4
110.74,6,3,4,26,11,6,7,6
110.75,10,43,74,75,21,6,6,6
110.75,8,11,67,14,14,5,4,2
110.75,16,24,49,115,23,9,6,7
110.76,8,4,23,15,5,5,1,2
110.77,0,6,8,29,7,2,2,0
110.77,3,12,60,58,15,3,1,2
110.78,11,12,90,42,30,7,1,1
110.78,0,14,4,33,0,0,0,2
110.78,6,1,10,12,1,1,1,4
110.79,2,15,1,13,1,1,2,1
110.8,2,1,17,29,10,3,0,1
110.8,3,0,4,6,11,6,3,0
110.81,5,4,15,11,2,1,3,15
110.81,0,6,25,4,10,1,2,1
110.81,32,11,19,15,0,7,2,12
110.82,18,6,11,14,2,1,3,7
110.83,25,3,14,23,2,6,9,23
110.83,6,10,5,31,12,3,1,10
110.83,15,19,21,29,26,11,6,1
110.84,3,12,18,30,5,4,3,3
110.84,0,18,78,74,20,3,3,2
110.85,16,35,3,28,10,7,6,11
110.86,1,5,6,19,1,4,3,0
110.86,2,2,25,16,1,1,2,1
110.86,12,19,6,31,5,5,2,1
110.87,9,5,46,9,12,1,4,4
110.88,11,5,12,54,4,3,1,5
110.88,8,1,27,28,4,1,1,2
110.89,0,9,31,20,5,3,1,0
110.89,2,4,5,32,3,6,6,6
110.89,7,4,25,18,7,5,5,7
110.9,5,0,10,15,3,1,0,4
110.91,1,5,11,2,1,4,4,2
110.91,3,13,51,69,1,2,7,2
110.92,9,15,8,28,10,8,4,1
110.92,8,15,4,22,5,6,3,6
110.92,20,7,6,14,8,2,15,34
110.93,2,13,6,31,8,2,6,7
110.94,1,1,12,11,5,2,2,3
110.94,6,0,5,5,6,1,1,1
110.94,3,2,8,1,6,2,1,9
110.95,2,26,15,1,3,3,0,0
110.95,1,5,8,8,4,8,6,6
110.96,1,4,12,5,1,2,3,1
110.97,1,25,7,4,2,1,1,5
110.97,4,36,33,38,0,2,0,2
110.97,1,15,47,81,9,0,0,2
110.98,6,1,7,13,2,6,5,4
110.98,6,1,8,5,1,1,1,4
110.99,2,15,9,1,1,5,3,1
111,8,4,35,28,2,2,6,7
111,2,6,25,9,5,8,2,6
111,1,9,3,6,2,4,0,3
111.01,11,5,8,6,7,2,6,4
111.02,32,10,16,0,4,4,1,5
111.02,22,14,8,14,5,9,1,2
111.03,8,6,2,0,1,2,3,0
111.03,30,3,8,4,10,9,8,11
111.03,13,42,12,9,1,7,5,9
111.04,44,13,25,12,8,5,1,10
111.05,67,24,21,11,0,5,0,10
111.05,86,3,58,33,25,21,19,18
111.06,54,24,10,3,3,6,1,15
111.06,0,12,9,16,3,4,7,3
111.06,48,8,31,17,7,8,12,13
111.07,107,28,21,1,3,23,5,29
111.08,117,61,40,34,8,8,15,18
111.08,109,64,50,12,20,21,25,40
111.08,14,7,102,41,5,19,3,25
111.09,12,11,72,4,14,9,16,16
111.09,104,19,82,10,8,10,12,41
111.1,76,62,108,3,25,7,31,58
111.11,53,47,101,26,1,9,3,21
111.11,64,53,80,6,10,12,13,17
111.11,31,9,119,24,10,4,1,18
111.12,42,34,18,13,10,1,5,5
111.12,72,49,0,2,9,8,10,53
111.13,4,28,111,7,10,4,8,57
111.14,33,13,26,16,8,4,21,41
111.14,6,14,30,3,15,8,6,47
111.14,15,15,54,17,9,1,3,27
111.15,21,16,31,6,3,1,6,1
111.16,37,2,22,2,9,2,21,31
111.16,46,7,65,3,11,2,12,6
111.17,48,5,18,2,2,9,1,7
111.17,25,1,17,8,7,2,26,31
111.17,119,67,26,28,36,19,15,35
111.18,61,29,21,22,6,7,17,14
111.19,51,40,55,20,12,11,20,96
111.19,4,5,32,25,11,2,19,68
111.19,65,74,7,35,12,11,28,64
111.2,3,13,21,3,7,2,3,45
111.2,3,1,6,8,7,0,10,31
111.21,38,7,8,6,5,7,1,43
111.22,12,28,13,12,6,10,9,20
111.22,1,5,51,4,6,14,15,26
111.22,10,0,43,1,8,3,1,14
111.23,37,29,28,9,6,5,11,19
111.23,3,16,7,4,0,1,3,3
111.24,20,41,14,4,4,2,0,11
111.25,31,1,13,0,0,3,10,28
111.25,14,37,48,13,4,2,1,8
111.25,14,10,10,11,16,2,2,22
111.26,20,33,11,3,9,2,1,11
111.27,19,18,5,1,7,7,2,21
111.27,30,15,28,9,22,3,6,11
111.28,21,12,38,16,9,0,5,16
111.28,5,42,5,1,1,3,0,4
111.28,31,27,19,9,8,4,2,0
111.29,43,0,26,7,2,4,4,7
111.3,11,28,5,0,2,2,11,33
111.3,8,4,6,1,4,3,4,7
111.31,21,12,6,8,1,1,1,6
111.31,7,9,15,2,5,9,0,18
111.31,17,0,3,2,5,4,4,10
111.32,4,5,10,3,3,5,3,8
111.33,9,13,8,1,4,10,7,5
111.33,11,3,15,8,7,1,8,32
111.33,4,6,4,5,3,3,6,4
111.34,1,14,6,21,8,6,1,3
111.34,12,38,24,25,11,3,3,4
111.35,5,2,2,2,2,5,1,5
111.36,0,18,0,2,7,4,2,0
111.36,1,21,1,7,5,2,1,6
111.36,1,10,4,7,3,4,9,15
111.37,4,0,8,1,0,4,1,7
111.38,2,6,3,7,0,3,3,6
111.38,8,4,5,1,0,2,1,3
111.39,5,3,7,3,1,2,3,10
111.39,4,10,26,2,0,1,1,4
111.39,3,34,25,4,3,4,5,2
111.4,6,16,4,6,6,3,2,2
111.41,6,9,2,5,6,2,7,0
111.41,22,2,2,0,2,4,7,2
111.42,14,4,4,1,2,2,3,6
111.42,1,4,3,4,1,1,0,4
111.42,5,2,24,1,4,4,1,5
111.43,4,5,3,2,1,3,2,3
111.44,23,16,2,1,5,6,6,8
111.44,2,6,6,7,0,0,1,4
111.44,3,1,4,4,5,2,1,3
111.45,2,0,11,11,1,1,4,0
111.45,12,1,21,24,2,1,2,11
111.46,2,3,35,83,13,4,0,2
111.47,40,12,11,18,2,3,7,21
111.47,9,8,18,24,7,7,8,7
111.47,0,2,5,15,4,3,6,1
111.48,9,7,39,2,0,1,3,11
111.48,20,18,42,57,11,10,1,9
111.49,6,9,74,53,17,1,10,4
111.5,14,8,47,99,1,4,2,10
111.5,33,86,80,83,66,43,40,44
111.5,9,1,50,28,3,3,2,1
111.51,5,3,35,74,10,8,3,9
111.52,26,21,27,60,16,10,13,24
111.52,10,40,90,127,39,26,13,2
111.53,10,23,84,22,11,3,7,10
111.53,1,28,7,103,35,23,17,3
111.53,7,10,2,1,6,2,10,6
111.54,4,16,23,6,5,1,12,25
111.55,4,16,27,59,9,3,4,6
111.55,4,24,25,90,25,17,14,5
111.56,6,9,39,82,8,4,12,5
111.56,5,5,52,24,1,3,5,2
111.56,2,6,7,11,2,0,1,1
111.57,4,7,41,49,18,9,9,2
111.58,4,4,11,101,33,16,11,7
111.58,5,24,92,66,25,9,5,4
111.58,1,38,83,8,1,6,4,3
111.59,0,80,75,74,0,5,8,4
111.59,3,18,93,23,10,3,5,9
111.6,0,9,24,37,3,11,9,7
111.61,0,1,43,8,1,3,1,3
111.61,3,23,13,32,1,3,5,0
111.61,13,36,4,48,5,4,4,9
111.62,4,8,21,2,2,2,3,8
111.62,1,28,23,25,8,5,2,4
111.63,16,68,26,22,13,7,3,7
111.64,3,27,10,82,34,16,10,11
111.64,40,31,2,52,7,6,5,8
111.64,6,8,32,32,4,5,12,6
111.65,5,4,32,35,10,7,24,9
111.66,8,9,35,8,7,10,45,9
111.66,12,12,30,15,6,3,10,7
111.67,3,0,13,7,0,2,0,4
111.67,6,14,7,2,6,5,0,0
111.67,11,2,22,75,21,13,15,3
111.68,7,4,30,26,10,4,6,3
111.69,5,5,20,26,1,1,9,2
111.69,11,16,34,55,7,1,0,4
111.69,21,25,91,96,26,14,9,5
111.7,11,6,59,51,14,6,1,3
111.7,2,10,7,19,6,4,6,6
111.71,11,1,27,15,4,3,7,10
111.72,2,2,2,22,4,4,4,6
111.72,3,3,27,40,5,7,4,10
111.72,1,3,29,6,10,2,9,8
111.73,14,18,68,13,6,9,8,9
111.73,0,27,92,13,8,1,2,6
111.74,7,26,21,12,11,7,10,9
111.75,5,4,1,3,1,5,2,0
111.75,1,6,2,51,1,3,2,2
111.75,4,19,63,30,5,1,12,1
111.76,6,28,2,17,4,1,1,0
111.77,16,17,13,25,3,4,0,7
111.77,16,7,15,50,9,1,3,3
111.78,3,2,62,46,17,3,3,2
111.78,6,11,2,53,7,7,7,3
111.78,0,1,49,5,6,11,2,2
111.79,5,14,43,62,13,7,4,2
111.8,2,22,48,62,15,2,7,2
111.8,7,10,12,9,4,2,3,1
111.81,3,2,44,4,14,3,1,2
111.81,4,16,6,39,4,1,10,2
111.81,7,24,47,92,22,6,5,6
111.82,6,30,46,83,12,2,2,5
111.83,3,6,42,38,2,2,1,2
111.83,6,29,22,8,0,5,6,1
111.83,5,6,0,10,15,2,1,2
111.84,4,6,36,81,16,6,1,2
111.84,1,11,11,34,3,2,3,4
111.85,0,28,89,54,9,3,3,1
111.86,3,14,46,24,9,2,5,1
111.86,3,2,2,36,6,0,1,1
111.86,4,18,34,80,22,13,10,5
111.87,6,0,35,5,1,4,7,5
111.88,7,5,5,27,14,10,4,5
111.88,19,10,15,10,16,0,1,2
111.89,39,7,33,11,4,4,2,5
111.89,11,20,33,38,3,2,2,2
111.89,4,15,78,77,23,8,1,7
111.9,3,12,4,13,3,16,40,0
111.91,34,13,25,14,11,4,14,8
111.91,1,0,8,8,12,7,4,1
111.92,1,6,11,49,14,6,13,4
111.92,18,24,74,62,8,6,9,1
111.92,32,38,38,106,36,11,12,5
111.93,25,0,47,22,5,9,3,4
111.94,1,1,24,29,2,3,2,2
111.94,1,10,25,16,9,6,4,2
111.94,12,12,0,41,9,7,3,2
111.95,3,10,25,46,8,3,4,2
111.95,0,3,9,6,1,2,5,2
111.96,19,14,25,10,6,7,13,5
111.97,5,1,5,11,3,1,1,4
111.97,7,3,5,17,10,3,5,3
111.97,4,3,9,5,3,12,2,1
111.98,7,8,18,20,3,1,9,1
111.98,0,2,18,1,3,5,2,1
111.99,9,8,25,22,4,3,4,1
112,1,5,21,18,5,7,7,3
112,22,18,4,1,0,6,7,7
112,5,1,12,18,2,4,9,3
112.01,4,10,6,47,15,11,5,5
112.02,4,9,3,6,0,8,2,1
112.02,2,1,30,13,2,5,4,1
112.03,1,9,1,17,9,2,1,1
112.03,2,0,6,19,1,1,3,0
112.03,6,2,9,12,10,3,10,7
112.04,4,5,13,1,8,1,0,7
112.05,3,3,15,23,3,4,3,11
112.05,2,4,14,15,1,3,0,2
112.06,3,1,17,8,2,1,3,4
112.06,5,3,6,1,5,3,2,0
112.06,13,2,0,13,3,4,2,4
112.07,13,3,13,2,7,2,3,1
112.08,53,14,1,5,2,0,4,4
112.08,4,1,48,6,2,5,3,2
112.08,7,3,12,8,1,5,0,2
112.09,24,12,2,2,12,5,5,5
112.09,9,1,26,0,1,2,5,0
112.1,25,6,12,10,4,0,3,2
112.11,0,7,11,22,4,1,3,6
112.11,18,18,41,98,18,9,5,3
112.11,15,1,1,48,3,1,2,2
112.12,9,1,11,13,0,1,3,8
112.12,25,14,23,44,19,8,4,25
112.13,25,13,9,41,2,8,2,20
112.14,29,2,5,2,7,10,8,10
112.14,15,8,5,6,5,12,10,24
112.14,124,49,20,11,5,11,6,27
112.15,81,9,35,7,13,21,41,67
112.16,119,61,31,29,3,8,11,115
112.16,86,43,75,25,24,30,59,90
112.17,85,72,50,2,12,39,54,106
112.17,46,4,19,18,1,14,6,20
112.17,70,4,26,30,10,8,24,41
112.18,110,41,44,16,25,37,51,110
112.19,70,33,78,22,17,13,24,70
112.19,49,24,2,25,3,2,17,27
112.19,1,8,9,10,9,1,7,37
112.2,64,13,7,50,2,8,1,1
112.2,98,29,73,2,3,0,7,11
112.21,93,69,101,8,3,0,2,8
112.22,127,25,61,21,10,0,16,2
112.22,128,49,29,20,26,50,53,113
112.22,56,24,11,6,35,1,19,30
112.23,63,20,50,12,26,14,23,44
112.23,10,18,0,15,15,10,2,2
112.24,15,8,60,10,22,16,18,55
112.25,11,51,9,17,2,8,3,9
112.25,62,4,6,1,6,10,25,14
112.25,44,19,17,5,4,2,1,38
112.26,40,31,33,4,14,8,12,32
112.27,22,2,32,3,7,9,10,0
112.27,31,11,30,2,1,12,25,5
112.28,46,8,10,3,8,24,18,43
112.28,43,1,14,9,16,14,13,39
112.28,36,14,7,1,4,4,6,23
112.29,5,9,4,12,7,4,6,23
112.3,11,44,7,9,4,1,4,13
112.3,18,13,11,6,12,7,1,25
112.31,13,18,1,24,18,12,10,22
112.31,10,38,11,25,9,13,12,36
112.31,79,44,14,15,5,8,6,32
112.32,52,16,71,16,2,11,11,9
112.33,5,10,74,11,3,0,9,3
112.33,22,1,12,4,6,4,5,8
112.33,18,12,10,0,3,3,2,0
112.34,30,5,24,12,21,3,3,3
112.34,12,8,23,1,4,5,7,7
112.35,14,4,14,1,4,4,9,9
112.36,26,29,23,2,2,4,1,3
112.36,1,33,8,1,3,6,10,10
112.36,3,0,9,12,2,6,0,5
112.37,31,16,4,6,6,1,3,13
112.38,56,3,6,2,4,2,1,14
112.38,41,14,12,1,4,9,1,18
112.39,48,31,12,12,9,17,20,29
112.39,2,9,5,2,2,2,7,5
112.39,7,17,2,7,8,0,5,9
112.4,43,18,13,7,3,4,1,15
112.41,11,34,4,9,12,3,2,6
112.41,33,20,16,29,21,1,3,6
112.42,17,3,20,1,3,1,2,3
112.42,32,8,8,0,0,3,3,12
112.42,13,17,20,8,0,1,3,1
112.43,8,22,26,19,2,5,7,8
112.44,32,53,39,9,9,9,6,13
112.44,10,0,19,1,1,0,2,3
112.44,1,2,13,2,3,3,0,3
112.45,20,11,2,5,0,3,0,7
112.45,2,3,10,2,0,0,4,5
112.46,37,4,5,3,5,1,0,4
112.47,18,7,9,0,5,2,6,7
112.47,19,9,10,3,6,1,1,2
112.47,15,12,9,0,4,4,2,1
112.48,9,4,3,1,1,1,1,1
112.48,18,9,3,6,6,4,1,1
112.49,5,6,0,14,7,3,2,0
112.5,22,4,1,12,7,3,1,11
112.5,23,0,3,0,0,0,5,2
112.5,1,11,6,5,2,8,4,9
112.51,5,0,3,5,6,2,6,10
112.52,11,8,7,7,6,0,1,2
112.52,12,6,0,2,7,2,2,1
112.53,6,12,24,9,7,1,5,6
112.53,21,8,3,7,0,2,1,13
112.53,18,9,13,8,2,2,3,7
112.54,24,6,6,1,3,2,5,34
112.55,23,10,14,1,6,10,7,2
112.55,11,4,5,7,3,1,1,4
112.56,15,7,17,3,2,0,5,10
112.56,9,3,5,7,4,4,2,12
112.56,15,6,19,2,4,0,2,4
112.57,17,9,22,1,2,5,9,8
112.58,2,2,3,3,2,1,13,1
112.58,15,4,24,5,2,2,3,7
112.58,2,2,20,29,3,1,7,9
112.59,13,8,2,24,9,5,12,3
112.59,3,5,45,0,2,1,9,5
112.6,13,3,66,20,6,0,4,8
112.61,13,6,15,26,1,2,23,1
112.61,3,14,44,11,5,4,2,11
112.61,9,1,13,75,11,7,10,4
112.62,1,2,24,6,5,5,6,3
112.62,6,15,47,11,9,10,15,16
112.63,3,6,126,50,6,5,9,4
112.64,5,4,17,20,0,0,6,6
112.64,4,1,27,8,2,1,1,7
112.64,4,11,28,17,4,3,0,4
112.65,6,2,83,25,6,4,6,3
112.66,8,5,57,14,4,6,4,11
112.66,12,1,23,2,0,4,1,11
112.67,4,19,34,59,22,13,14,4
112.67,1,1,55,66,9,3,2,3
112.67,23,48,68,75,48,20,19,12
112.68,20,32,70,107,22,14,2,5
112.69,16,9,39,39,11,12,3,10
112.69,19,17,115,33,9,8,11,14
112.69,37,11,12,58,19,4,3,6
112.7,18,39,47,85,38,23,15,10
112.7,22,37,69,64,22,12,6,1
112.71,5,17,2,23,7,11,63,23
112.72,7,4,32,1,1,9,76,9
112.72,5,2,10,34,4,0,12,12
112.72,10,2,41,41,1,1,5,1
112.73,3,11,76,26,0,6,1,8
112.73,2,11,10,36,2,6,27,7
112.74,7,1,53,31,2,1,13,8
112.75,11,1,18,59,7,8,1,8
112.75,3,6,1,5,5,5,13,3
112.75,11,10,45,100,21,2,14,8
112.76,6,17,93,82,18,9,12,4
112.77,8,15,16,12,14,6,0,6
112.77,6,21,40,91,22,5,7,5
112.78,2,32,72,124,37,17,10,7
112.78,9,2,28,23,1,1,11,2
112.78,4,3,14,32,8,10,3,2
112.79,14,19,25,62,21,12,22,15
112.8,18,17,18,55,21,10,17,7
112.8,1,10,40,55,6,4,3,6
112.81,10,23,27,81,16,12,12,9
112.81,9,9,11,22,4,1,8,3
112.81,7,8,4,4,9,5,15,2
112.82,1,8,26,6,3,3,2,3
112.83,4,1,1,8,1,2,6,0
112.83,14,8,21,30,14,8,10,17
112.83,13,2,52,17,6,4,6,8
112.84,2,3,57,31,5,0,1,2
112.84,2,1,46,45,11,5,2,0
112.85,13,19,79,77,10,4,4,5
112.86,5,4,24,45,12,3,4,3
112.86,1,5,40,3,2,3,5,4
112.86,1,5,5,38,6,6,3,1
112.87,2,1,19,60,4,2,5,1
112.88,8,18,10,82,14,2,5,3
112.88,7,7,2,27,5,6,1,2
112.89,1,4,47,43,1,9,1,0
112.89,1,6,10,4,3,1,3,1
112.89,2,4,12,56,4,0,0,4
112.9,4,9,68,78,9,3,1,4
112.91,4,12,63,59,14,11,14,2
112.91,21,31,31,5,21,16,22,6
112.92,5,4,13,0,2,1,7,1
112.92,1,2,13,2,1,1,5,4
112.92,5,7,31,21,4,4,7,2
112.93,10,17,65,107,7,6,9,1
112.94,3,3,37,36,7,4,0,2
112.94,20,41,125,99,26,13,9,5
112.94,2,4,77,6,6,6,6,4
112.95,6,5,18,7,9,0,2,1
112.95,4,14,45,66,11,9,1,2
112.96,0,1,18,2,2,1,3,2
112.97,8,10,47,40,6,2,4,3
112.97,0,7,41,29,8,1,1,0
112.97,4,19,36,24,25,10,5,3
112.98,1,5,16,12,8,3,3,3
112.98,2,13,29,26,8,4,6,7
112.99,4,11,37,16,9,6,2,0
113,6,1,20,11,1,1,0,1
113,3,2,22,22,6,5,3,2
113,6,0,2,9,1,0,1,1
113.01,3,15,26,18,1,10,5,6
113.02,0,2,4,33,2,3,0,1
113.02,3,4,11,14,4,3,1,1
113.03,2,18,51,70,13,8,7,6
113.03,9,25,17,34,19,10,6,5
113.03,3,9,79,71,4,5,4,3
113.04,3,8,50,14,5,3,0,4
113.05,2,2,8,4,1,0,1,1
113.05,2,1,6,8,6,4,2,2
113.06,0,3,15,2,2,4,1,0
113.06,1,4,16,10,7,5,0,0
113.06,0,0,26,37,0,4,1,0
113.07,8,19,2,92,23,13,9,7
113.08,3,10,30,33,8,2,5,2
113.08,2,3,19,6,2,1,2,3
113.08,1,5,5,8,6,1,3,1
113.09,2,8,7,27,3,2,1,2
113.09,4,4,17,10,6,2,3,1
113.1,2,3,4,30,7,3,3,0
113.11,3,13,20,37,7,13,4,2
113.11,5,4,6,2,5,10,4,0
113.11,1,9,48,13,2,4,1,2
113.12,2,2,29,11,4,2,2,0
113.12,2,10,35,45,20,13,8,3
113.13,14,2,19,20,4,2,1,1
113.14,4,2,15,21,3,3,5,2
113.14,3,5,17,15,5,0,1,2
113.14,14,10,18,11,7,2,0,0
113.15,11,3,25,7,0,1,3,9
113.16,8,6,16,18,15,1,5,15
113.16,31,5,15,13,5,7,6,6
113.17,25,11,45,38,8,6,4,11
113.17,13,10,100,112,15,1,7,39
113.17,21,6,8,50,0,0,7,19
113.18,13,7,9,3,4,1,1,18
113.19,14,3,9,12,2,1,7,3
113.19,2,9,1,9,1,0,8,21
113.19,15,5,17,26,5,4,2,4
113.2,0,13,27,17,7,5,8,7
113.2,29,2,2,8,2,7,11,36
113.21,40,19,3,23,1,10,8,37
113.22,17,7,3,16,1,3,11,8
113.22,5,20,22,5,4,8,14,62
113.22,48,15,53,9,6,14,15,52
113.23,19,19,36,18,0,3,8,10
113.23,40,19,5,12,17,17,36,92
113.24,7,1,2,20,13,11,3,98
113.25,65,3,4,35,41,26,40,74
113.25,128,77,29,37,11,26,39,128
113.25,35,8,4,15,3,8,2,28
113.26,101,12,25,16,13,17,40,95
113.27,127,27,18,15,7,28,25,117
113.27,52,54,47,16,27,5,14,31
113.28,70,36,15,5,1,14,24,69
113.28,32,26,17,17,13,10,4,40
113.28,14,2,26,9,28,1,11,49
113.29,127,16,15,7,5,27,24,5
113.3,3,23,57,6,17,5,13,15
113.3,82,49,52,11,2,20,15,57
113.31,79,12,2,6,12,8,13,57
113.31,99,46,4,15,16,13,5,46
113.31,85,11,9,14,16,12,12,81
113.32,23,28,53,9,18,1,15,71
113.33,19,12,48,2,2,8,1,13
113.33,25,6,2,14,6,3,7,51
113.33,18,15,11,9,5,3,3,47
113.34,14,12,15,1,3,6,6,46
113.34,19,19,6,2,4,0,2,56
113.35,26,7,7,7,8,1,0,18
113.36,128,39,17,14,23,16,21,99
113.36,94,7,12,4,3,3,8,42
113.36,10,44,9,3,5,1,9,27
113.37,16,15,7,0,2,4,14,101
113.38,12,9,7,10,11,0,1,1
113.38,11,5,28,9,6,5,2,8
113.39,98,46,10,18,7,9,26,87
113.39,54,21,26,1,18,6,1,40
113.39,15,32,8,2,8,5,9,5
113.4,39,0,25,19,9,2,4,16
113.41,79,29,18,2,2,11,13,31
113.41,79,26,7,11,6,0,14,94
113.42,45,6,10,8,11,7,1,37
113.42,103,39,18,2,11,3,18,70
113.42,96,2,24,4,15,2,9,62
113.43,55,87,15,6,7,8,9,23
113.44,91,18,33,4,0,3,13,20
113.44,19,15,22,0,2,1,2,14
113.44,56,34,27,2,15,8,16,18
113.45,92,66,3,2,12,6,11,69
113.45,106,9,2,8,8,8,3,31
113.46,39,31,15,2,2,2,4,8
113.47,42,12,17,2,1,5,3,38
113.47,28,1,5,11,11,4,1,16
113.47,42,8,10,3,2,0,3,18
113.48,51,10,7,1,25,4,10,29
113.48,26,25,5,10,16,2,5,13
113.49,57,25,3,16,18,1,8,6
113.5,21,4,21,3,8,4,6,7
113.5,29,36,25,5,5,6,8,11
113.5,12,12,8,4,0,2,7,16
113.51,6,24,0,5,3,2,4,24
113.52,69,42,14,6,9,0,4,18
113.52,25,10,14,7,0,3,2,52
113.53,11,15,5,4,10,11,9,4
113.53,51,18,5,7,6,0,1,8
113.53,18,2,9,0,3,3,1,21
113.54,7,10,3,8,1,2,2,16
113.55,41,30,9,5,3,2,10,4
113.55,53,29,5,17,9,3,12,5
113.56,33,9,13,5,8,6,1,8
113.56,56,14,5,1,3,1,1,19
113.56,7,4,59,17,5,9,5,30
113.57,6,5,8,13,3,10,5,11
113.58,61,28,51,11,2,1,2,10
113.58,57,33,1,22,12,6,9,11
113.58,47,41,80,9,2,2,12,21
113.59,27,20,11,47,12,6,5,2
113.59,2,1,77,52,4,2,1,19
113.6,8,2,0,60,11,13,7,8
113.61,26,33,19,16,14,11,13,4
113.61,21,6,66,69,4,4,2,0
113.61,1,62,56,20,12,3,4,17
113.62,19,14,84,108,15,1,3,25
113.62,8,17,3,21,4,5,1,3
113.63,12,12,42,34,19,14,8,2
113.64,18,13,107,74,24,11,1,4
113.64,6,10,118,82,8,3,6,3
113.64,4,3,121,83,2,3,1,15
113.65,13,23,1,13,0,9,2,0
113.66,11,18,26,8,1,5,2,4
113.66,0,41,21,34,9,0,4,6
113.67,9,1,70,33,2,5,1,7
113.67,13,16,57,86,9,11,3,12
113.67,18,16,63,97,25,14,8,12
113.68,0,29,35,58,8,6,8,2
113.69,13,8,63,40,11,6,4,4
113.69,11,20,66,61,13,5,6,3
113.69,9,9,18,93,12,7,6,3
113.7,15,40,38,112,22,17,11,5
113.7,1,6,19,5,10,4,3,11
113.71,19,1,19,40,9,0,3,4
113.72,7,7,15,5,3,9,1,2
113.72,13,4,87,73,3,11,7,11
113.72,5,5,48,43,5,0,3,5
113.73,8,3,25,8,7,1,2,26
113.73,12,18,7,37,7,6,0,7
113.74,9,14,57,96,6,9,1,1
113.75,6,11,14,5,0,1,5,8
113.75,3,1,22,27,8,5,1,7
113.75,8,1,15,41,10,8,2,4
113.76,2,12,53,51,12,7,1,2
113.77,2,5,47,34,5,4,4,5
113.77,7,11,8,22,6,2,0,4
113.78,2,3,9,19,1,2,2,0
113.78,12,6,25,48,5,1,3,7
113.78,11,4,23,50,10,4,1,16
113.79,1,12,27,59,22,9,11,13
113.8,11,14,2,22,1,14,9,10
113.8,2,14,40,107,13,7,0,4
113.81,6,7,15,35,4,1,4,6
113.81,3,4,61,5,10,8,6,11
113.81,0,18,56,0,6,3,1,5
113.82,9,5,6,12,5,4,1,3
113.83,10,12,27,73,15,6,2,4
113.83,8,22,77,78,19,7,7,1
113.83,4,12,31,36,0,0,2,3
113.84,10,23,98,90,19,9,2,0
113.84,28,12,10,26,10,2,6,12
113.85,13,1,29,64,12,3,2,5
113.86,3,2,7,37,9,7,4,2
113.86,5,5,7,26,6,1,1,1
113.86,12,12,11,15,1,2,3,5
113.87,9,1,6,33,6,8,3,2
113.88,14,10,43,49,12,1,4,0
113.88,0,1,35,15,2,5,1,8
113.89,12,2,1,8,5,2,2,1
113.89,5,0,17,9,6,0,0,3
113.89,7,4,5,13,3,1,0,4
113.9,3,6,12,35,1,3,2,2
113.91,7,6,22,5,6,3,4,3
113.91,1,11,12,4,7,8,3,3
113.92,7,19,13,63,23,11,7,4
113.92,4,14,6,73,11,10,4,7
113.92,9,6,11,31,6,6,6,3
113.93,12,18,50,63,13,3,4,2
113.94,1,9,13,44,17,9,5,4
113.94,3,0,18,11,11,1,2,4
113.94,12,7,20,18,7,2,4,7
113.95,2,4,30,13,3,2,2,0
113.95,4,4,28,15,2,2,2,3
113.96,3,3,11,16,1,2,2,0
113.97,1,2,4,1,0,3,1,1
113.97,2,10,6,16,9,6,5,3
113.97,2,16,6,9,5,1,0,0
113.98,5,19,60,126,10,6,2,3
113.98,14,28,82,76,26,17,5,7
113.99,1,4,19,6,2,4,1,2
114,1,7,30,34,9,5,6,2
114,1,7,31,6,5,0,1,1
114,3,11,11,28,2,2,2,2
114.01,4,5,14,17,11,9,8,3
114.02,1,6,18,33,4,2,3,1
114.02,2,12,23,13,5,4,2,1
114.03,1,9,4,7,1,0,0,1
114.03,1,3,4,21,2,1,0,2
114.03,1,7,53,16,5,0,1,0
114.04,6,12,85,21,7,3,3,4
114.05,5,2,10,20,16,1,3,0
114.05,0,4,0,28,1,4,1,0
114.06,3,3,7,3,1,3,2,1
114.06,1,3,26,4,4,1,3,4
114.06,0,0,12,9,7,0,0,0
114.07,3,0,3,4,2,6,1,2
114.08,3,1,3,4,2,5,2,0
114.08,3,1,2,7,10,3,6,3
114.08,1,10,5,11,3,2,2,0
114.09,0,2,7,13,0,1,2,1
114.09,2,7,5,3,9,5,2,0
114.1,2,3,3,20,10,6,7,4
114.11,0,2,14,23,15,8,5,0
114.11,3,9,32,10,5,3,0,0
114.11,1,6,17,7,1,6,1,1
114.12,1,19,34,13,1,4,1,0
114.12,3,20,18,9,0,3,4,0
114.13,1,14,18,1,1,0,1,1
114.14,3,0,2,2,1,2,3,0
114.14,6,27,14,3,14,1,1,0
114.14,18,14,8,2,5,3,2,5
114.15,13,1,23,22,1,7,2,4
114.16,3,4,2,5,2,1,0,3
114.16,2,8,1,6,16,8,2,1
114.17,5,19,3,24,12,3,1,0
114.17,1,9,19,6,2,3,0,0
114.17,8,16,11,5,9,3,6,1
114.18,1,5,5,5,2,1,1,1
114.19,3,2,8,0,3,1,1,3
114.19,3,7,4,6,4,0,1,3
114.19,23,4,15,6,5,0,0,0
114.2,2,4,30,27,19,8,5,1
114.2,23,5,17,4,1,0,4,3
114.21,5,1,5,0,1,1,1,7
114.22,11,5,10,5,4,2,0,1
114.22,8,4,54,1,1,1,3,1
114.22,24,1,33,13,3,7,1,5
114.23,17,10,4,5,0,4,2,1
114.23,20,3,35,2,4,1,3,1
114.24,5,9,13,6,3,8,5,13
114.25,56,20,19,15,8,3,2,4
114.25,19,3,19,11,11,0,3,8
114.25,42,8,8,7,19,3,7,1
114.26,74,24,17,0,3,0,4,3
114.27,53,1,8,9,14,8,12,19
114.27,9,15,31,9,7,3,4,16
114.28,53,19,51,3,6,3,0,52
114.28,91,15,17,11,5,10,18,85
114.28,66,5,31,31,3,0,1,29
114.29,90,16,42,56,18,1,3,60
114.3,89,22,17,1,6,15,9,103
114.3,48,35,1,4,10,8,20,127
114.31,1,4,10,21,1,1,6,58
114.31,30,18,3,13,1,2,3,87
114.31,79,58,4,10,0,2,8,86
114.32,54,2,17,24,4,4,31,87
114.33,11,4,11,6,17,10,4,21
114.33,15,0,1,17,14,1,10,60
114.33,84,6,1,1,18,14,23,57
114.34,34,27,56,3,17,13,19,112
114.34,101,28,60,16,5,21,50,97
114.35,51,9,3,4,9,16,9,49
114.36,26,14,17,8,7,2,11,75
114.36,47,16,7,3,6,8,4,47
114.36,53,98,3,1,5,6,11,50
114.37,24,11,7,5,2,7,7,6
114.38,17,23,4,3,2,9,4,14
114.38,54,16,12,28,9,3,5,27
114.39,101,3,3,3,4,9,10,122
114.39,128,44,3,14,5,6,35,106
114.39,125,36,26,43,16,5,1,41
114.4,1,54,19,8,13,11,1,13
114.41,29,32,27,5,13,7,7,5
114.41,54,25,25,5,7,2,13,71
114.42,20,6,16,14,1,7,2,55
114.42,14,8,21,2,2,4,6,10
114.42,3,16,4,24,2,3,1,30
114.43,27,27,3,16,0,0,10,29
114.44,20,22,3,4,4,11,11,49
114.44,15,3,0,3,2,7,2,4
114.44,11,25,2,10,2,3,4,14
114.45,117,39,4,5,1,12,23,66
114.45,119,46,9,5,12,1,20,17
114.46,76,6,8,16,3,17,26,47
114.47,46,27,6,3,3,10,4,3
114.47,38,31,0,5,3,5,3,12
114.47,81,9,20,9,1,5,12,32
114.48,63,10,6,18,14,13,14,73
114.48,54,4,21,21,38,5,23,63
114.49,20,21,13,8,1,4,2,1
114.5,53,19,0,13,6,2,1,0
114.5,6,34,4,0,12,7,8,28
114.5,16,5,15,18,11,1,1,5
114.51,7,24,3,3,1,2,2,5
114.52,1,15,9,10,1,2,1,26
114.52,10,41,9,13,10,6,6,17
114.53,26,25,0,6,21,9,2,27
114.53,57,44,11,6,35,13,14,49
114.53,6,14,15,4,10,8,0,14
114.54,44,0,1,0,1,2,5,4
114.55,21,16,8,8,1,4,3,15
114.55,13,16,24,10,13,14,9,5
114.56,6,3,6,5,8,13,4,21
114.56,37,5,16,3,1,0,2,10
114.56,13,2,11,2,6,1,1,14
114.57,17,5,2,3,10,3,1,25
114.58,17,0,0,5,9,1,7,16
114.58,44,9,3,1,4,2,7,15
114.58,24,9,17,12,5,7,0,9
114.59,9,12,12,19,3,2,0,1
114.59,19,17,10,3,1,2,6,9
114.6,14,13,14,7,7,15,11,7
114.61,6,5,21,17,1,0,8,5
114.61,44,0,31,13,3,5,0,1
114.61,54,0,20,41,6,27,9,3
114.62,26,6,89,73,4,7,6,3
114.62,43,35,20,60,23,15,6,3
114.63,28,6,51,54,11,4,2,10
114.64,12,5,48,77,9,1,3,13
114.64,13,25,56,61,32,5,7,9
114.64,17,28,65,72,9,2,5,18
114.65,1,1,82,6,6,4,2,26
114.66,25,39,37,29,31,28,19,12
114.66,16,24,121,52,23,9,8,1
114.67,16,10,95,120,9,0,3,4
114.67,44,16,47,67,14,1,8,2
114.67,37,24,17,55,18,5,10,3
114.68,17,1,24,74,4,0,6,3
114.69,12,1,117,112,5,10,6,13
114.69,0,1,24,50,1,1,4,10
114.69,4,12,111,128,9,2,2,8
114.7,8,7,31,17,1,0,3,7
114.7,10,15,31,57,18,16,5,2
114.71,19,0,69,47,4,7,8,7
114.72,2,51,1,11,13,12,6,12
114.72,5,56,61,25,2,1,3,4
114.72,4,1,15,23,6,10,5,4
114.73,2,0,20,4,10,6,3,3
114.73,3,9,16,37,5,7,3,10
114.74,0,6,41,80,16,4,1,3
114.75,3,42,7,11,0,10,1,3
114.75,9,7,42,9,3,1,5,2
114.75,7,17,41,26,9,0,2,0
114.76,1,12,8,17,10,4,1,4
114.77,5,8,5,12,10,2,1,1
114.77,4,9,28,33,0,2,2,3
114.78,8,3,38,86,4,1,3,4
114.78,3,64,65,78,19,13,10,1
114.78,3,22,5,17,4,3,2,29
114.79,21,22,36,55,3,4,1,8
114.8,3,27,46,7,2,0,2,5
114.8,2,13,10,1,9,1,3,2
114.81,11,8,7,19,4,1,1,3
114.81,5,15,2,2,15,8,7,0
114.81,7,6,4,83,11,7,4,20
114.82,9,9,5,41,17,12,4,3
114.83,6,1,39,23,3,4,2,7
114.83,4,18,46,90,4,3,4,0
114.83,5,16,45,24,6,9,4,3
114.84,8,7,14,60,24,9,6,2
114.84,4,1,8,4,2,0,2,2
114.85,8,5,14,12,3,2,4,3
114.86,11,19,55,27,16,3,1,6
114.86,3,5,18,76,13,7,2,2
114.86,6,8,47,85,23,14,8,5
114.87,9,7,5,86,34,19,7,11
114.88,23,18,11,71,49,25,11,21
114.88,15,12,18,43,8,1,4,8
114.89,1,8,27,76,9,4,8,5
114.89,4,3,4,5,2,3,0,2
114.89,1,6,20,7,10,8,1,3
114.9,6,20,1,12,4,2,0,1
114.91,0,15,23,36,9,6,4,5
114.91,2,5,6,1,4,1,0,2
114.92,3,4,9,39,5,0,2,1
114.92,1,7,8,6,4,5,0,5
114.92,4,4,21,21,12,6,1,4
114.93,8,4,28,27,9,5,5,3
114.94,6,1,3,15,8,8,2,2
114.94,3,3,5,4,7,4,3,7
114.94,1,11,7,73,15,4,1,5
114.95,11,18,45,124,29,14,9,6
114.95,3,5,4,19,5,0,2,5
114.96,5,2,19,21,9,0,6,4
114.97,4,1,27,12,2,3,4,1
114.97,3,8,14,6,3,8,2,2
114.97,10,3,48,89,13,9,1,5
114.98,6,3,7,64,10,3,4,5
114.98,6,3,24,16,6,4,1,0
114.99,4,9,13,8,1,0,2,1
115,6,3,9,6,5,0,0,0
115,2,14,11,39,5,1,2,2
115,6,15,1,10,1,2,0,3
115.01,7,13,6,1,12,2,2,2
115.02,1,2,15,45,5,0,1,1
115.02,6,1,16,20,5,3,3,5
115.03,1,7,40,19,4,4,0,0
115.03,1,1,10,5,5,0,0,1
115.03,0,2,7,13,6,3,1,0
115.04,3,12,4,38,8,2,2,2
115.05,5,7,44,48,6,2,4,2
115.05,1,2,30,41,5,1,0,1
115.06,4,7,24,26,12,8,6,4
115.06,4,5,6,4,2,3,2,4
115.06,0,10,89,48,3,5,4,3
115.07,1,4,18,37,5,4,2,5
115.08,2,3,16,3,4,3,1,1
115.08,1,1,21,29,2,2,2,1
115.08,3,2,30,8,4,1,2,3
115.09,3,17,46,50,13,11,4,2
115.09,11,27,14,81,28,15,8,9
115.1,4,1,4,5,7,3,3,1
115.11,1,4,22,3,1,0,0,3
115.11,3,14,70,25,2,1,6,0
115.11,1,3,5,30,10,6,0,0
115.12,6,27,35,1,4,2,2,7
115.12,14,7,19,34,10,12,5,6
115.13,4,1,7,0,10,4,5,0
115.14,1,1,46,24,1,0,1,8
115.14,8,17,57,4,3,1,7,9
115.14,8,5,50,9,8,5,29,12
115.15,30,9,28,51,6,5,53,8
115.16,56,11,72,54,11,11,28,16
115.16,1,1,13,11,1,6,39,21
115.17,14,8,63,13,6,4,6,6
115.17,11,2,19,25,5,4,12,1
115.17,23,17,42,12,11,11,1,8
115.18,8,11,31,58,0,2,11,4
115.19,43,2,22,41,6,2,13,9
115.19,3,5,13,3,6,6,8,4
115.19,10,6,10,2,8,5,4,10
115.2,5,2,10,31,9,3,17,3
115.2,28,9,9,9,13,3,16,5
115.21,20,6,18,39,16,11,2,10
115.22,16,19,8,8,1,6,3,9
115.22,6,4,13,7,2,2,1,8
115.22,1,5,11,22,8,3,4,12
115.23,11,0,1,12,13,6,13,13
115.23,59,23,25,9,3,4,4,31
115.24,73,13,5,20,34,10,3,104
115.25,83,55,1,2,4,20,40,72
115.25,95,17,29,85,20,4,13,62
115.25,44,5,68,67,30,16,11,10
115.26,27,1,14,31,17,13,29,42
115.27,127,68,37,48,32,32,33,78
115.27,79,23,58,30,50,14,23,39
115.28,66,77,38,22,0,37,50,88
115.28,104,21,11,26,2,8,3,31
115.28,20,20,77,29,1,3,7,26
115.29,20,30,41,29,16,26,47,51
115.3,99,103,27,11,9,28,12,111
115.3,128,54,27,48,31,35,44,117
115.31,70,28,26,29,13,17,18,53
115.31,94,99,22,83,0,19,1,11
115.31,78,8,46,65,1,11,30,24
115.32,106,17,36,6,13,35,35,109
115.33,80,63,127,42,2,10,12,90
115.33,66,6,111,61,19,11,36,104
115.33,128,6,20,14,19,22,40,113
115.34,32,41,22,28,7,6,7,11
115.34,47,0,27,6,7,2,7,6
115.35,16,17,47,32,19,11,19,74
115.36,127,3,56,63,10,22,29,82
115.36,40,119,25,1,6,3,7,57
115.36,65,128,28,29,16,27,47,122
115.37,41,42,25,21,14,0,8,113
115.38,55,18,22,68,16,12,3,72
115.38,2,8,121,2,2,4,10,13
115.39,1,30,26,23,28,6,23,7
115.39,59,3,3,3,0,3,9,73
115.39,58,33,50,4,18,9,3,5
115.4,11,61,46,9,15,2,7,75
115.41,127,72,33,5,2,9,13,30
115.41,64,22,2,35,17,5,21,67
115.42,65,59,3,15,3,11,3,18
115.42,9,11,36,33,12,3,2,1
115.42,17,47,24,8,9,4,11,22
115.43,74,11,0,24,5,14,26,76
115.44,41,41,12,18,18,8,12,50
115.44,91,68,15,18,45,22,12,33
115.44,13,48,14,3,5,7,7,34
115.45,95,16,55,4,2,3,2,9
115.45,51,21,10,18,6,16,19,50
115.46,92,37,32,14,1,5,16,23
115.47,89,43,20,16,7,18,20,60
115.47,46,17,21,3,4,12,8,27
115.47,24,12,5,2,1,2,15,52
115.48,82,28,1,4,11,32,40,110
115.48,62,6,5,10,6,18,48,45
115.49,6,15,11,8,20,13,32,16
115.5,65,35,7,5,7,16,0,14
115.5,36,88,53,4,11,2,16,29
115.5,16,2,34,6,7,12,24,30
115.51,40,8,3,8,1,9,3,16
115.52,25,11,24,27,5,14,4,18
115.52,50,4,1,12,1,16,22,29
115.53,25,52,60,16,19,6,2,15
115.53,52,20,42,25,5,10,7,24
115.53,79,45,4,17,2,3,6,5
115.54,11,23,35,7,11,4,10,20
115.55,23,16,14,4,4,6,10,55
115.55,34,16,6,6,0,2,4,17
115.56,18,3,22,1,5,6,5,20
115.56,11,31,28,4,0,1,3,19
115.56,25,42,20,3,10,10,5,24
115.57,8,46,22,0,2,3,0,16
115.58,14,50,10,12,8,10,15,38
115.58,41,20,7,1,2,4,3,9
115.58,59,1,19,4,1,4,4,24
115.59,5,14,5,0,1,1,7,20
115.59,7,2,4,7,0,3,4,1
115.6,20,13,19,3,10,2,3,7
115.61,80,5,26,28,13,10,5,26
115.61,118,47,2,5,5,8,8,28
115.61,23,11,4,11,4,2,2,9
115.62,33,18,15,13,8,2,1,15
115.62,63,13,2,11,7,0,2,21
115.63,12,19,17,17,8,3,12,14
115.64,4,6,16,4,2,7,5,11
115.64,24,24,25,2,5,1,3,15
115.64,25,11,53,6,4,6,4,20
115.65,23,12,12,5,4,5,5,9
115.66,6,1,11,3,2,6,4,16
115.66,23,17,4,2,5,1,3,5
115.67,27,22,1,6,6,4,3,8
115.67,5,11,0,11,1,0,4,10
115.67,19,3,22,8,3,5,7,1
115.68,56,20,17,26,11,8,8,22
115.69,23,17,9,1,1,10,4,8
115.69,28,20,11,16,10,11,9,11
115.69,1,26,17,9,12,5,5,5
115.7,38,8,47,36,4,3,9,28
115.7,22,36,19,28,30,17,7,3
115.71,22,15,11,33,27,14,2,21
115.72,36,40,42,56,19,26,12,2
115.72,7,17,52,37,10,5,3,2
115.72,2,3,52,46,0,11,4,8
115.73,2,6,1,28,10,11,5,2
115.73,9,21,3,60,6,1,10,15
115.74,31,20,101,94,22,10,10,2
115.75,1,23,112,44,24,22,18,34
115.75,7,22,43,44,20,10,8,7
115.75,4,12,5,28,4,3,0,10
115.76,7,11,57,15,0,3,3,16
115.77,10,22,52,107,18,10,9,5
115.77,15,23,104,128,23,10,5,4
115.78,9,6,79,26,19,12,0,1
115.78,18,10,23,26,2,1,0,4
115.78,4,17,84,27,6,0,11,7
115.79,7,10,20,45,11,4,9,3
115.8,39,26,5,59,17,14,9,2
115.8,70,38,90,86,27,17,21,24
115.81,6,12,61,4,6,6,2,4
115.81,8,29,89,69,3,7,5,7
115.81,4,1,16,0,9,2,6,3
115.82,12,14,5,97,13,12,5,0
115.83,2,3,56,57,12,22,5,4
115.83,10,15,4,31,6,0,0,3
115.83,7,4,17,0,6,11,4,1
115.84,0,11,127,98,13,15,8,14
115.84,10,8,37,83,24,14,8,11
115.85,6,3,20,71,15,9,5,2
115.86,31,59,54,120,61,31,14,14
115.86,8,14,39,119,32,10,9,6
115.86,14,5,7,10,7,1,5,10
115.87,12,20,45,16,1,6,6,20
115.88,8,23,6,86,27,19,4,5
115.88,3,30,39,128,39,16,8,5
115.89,6,7,33,39,2,4,3,1
115.89,3,19,57,71,22,15,11,6
115.89,8,33,79,93,26,19,16,5
115.9,2,1,58,39,0,4,4,5
115.91,1,4,42,6,2,4,0,7
115.91,4,14,0,6,9,7,4,1
115.92,8,2,18,16,3,4,1,8
115.92,8,19,45,55,19,6,5,10
115.92,10,9,52,7,11,2,6,10
115.93,7,10,3,51,12,4,0,12
115.94,14,17,54,45,12,6,5,3
115.94,3,10,35,39,23,6,0,5
115.94,13,22,86,46,26,8,4,1
115.95,10,14,47,2,9,6,5,8
115.95,4,11,40,45,9,7,0,0
115.96,5,18,8,66,19,12,4,6
115.97,0,13,22,31,12,7,3,1
115.97,5,5,16,20,7,3,4,6
115.97,1,1,7,17,2,1,1,0
115.98,7,5,24,5,9,0,0,3
115.98,5,0,3,13,5,2,5,9
115.99,6,14,35,32,32,6,0,1
116,4,4,5,17,11,4,4,4
116,0,4,3,17,0,0,1,0
116,21,45,109,100,49,19,10,11
116.01,24,70,73,90,77,40,30,21
116.02,3,14,48,61,3,4,0,7
116.02,3,16,28,33,1,3,2,4
116.03,5,2,48,46,3,4,2,2
116.03,14,29,7,41,34,20,12,12
116.03,11,9,27,41,14,9,9,3
116.04,1,4,19,48,11,4,2,5
116.05,2,1,29,1,3,3,5,2
116.05,6,25,104,76,24,10,2,2
116.06,29,53,67,110,46,23,15,11
116.06,7,16,22,36,18,7,4,5
116.06,6,9,14,20,10,6,5,7
116.07,1,8,48,2,5,1,2,1
116.08,2,7,42,31,16,5,1,0
116.08,1,0,13,13,6,2,1,0
116.08,13,15,16,23,10,7,4,3
116.09,2,1,23,13,1,7,0,3
116.09,8,20,34,38,24,14,10,7
116.1,5,4,22,36,10,8,5,2
116.11,1,12,34,14,7,6,4,7
116.11,4,16,31,52,23,9,5,5
116.11,11,16,65,50,24,9,10,6
116.12,2,2,31,70,14,10,2,7
116.12,0,9,24,12,1,0,2,0
116.13,3,1,23,14,5,2,0,1
116.14,0,9,33,51,13,11,2,4
116.14,3,4,37,10,4,1,4,2
116.14,3,10,4,12,10,7,3,3
116.15,3,6,26,40,10,1,0,0
116.16,3,8,37,42,5,4,1,0
116.16,5,10,21,27,5,0,3,2
116.17,6,1,14,6,3,7,4,0
116.17,9,8,28,0,8,3,1,4
116.17,1,3,30,6,0,1,0,4
116.18,1,2,1,12,2,5,3,4
116.19,1,4,14,2,2,3,0,2
116.19,8,1,7,14,5,11,1,2
116.19,0,0,7,3,1,5,1,1
116.2,2,2,18,21,10,10,1,1
116.2,5,7,33,6,15,15,8,5
116.21,1,1,1,10,16,1,1,1
116.22,3,2,24,22,21,2,1,1
116.22,6,9,29,23,21,6,4,2
116.22,2,7,47,51,24,19,6,3
116.23,6,4,39,7,12,11,9,6
116.23,1,7,7,54,7,11,1,1
116.24,3,2,14,31,2,0,2,1
116.25,3,5,2,6,3,4,2,2
116.25,3,4,51,10,5,4,0,1
116.25,1,4,18,43,0,5,1,1
116.26,2,6,52,31,3,5,1,2
116.27,1,0,18,6,7,2,1,2
116.27,1,7,23,17,18,5,1,2
116.28,5,14,47,6,7,1,5,4
116.28,1,7,10,10,2,6,1,3
116.28,3,1,7,2,5,2,2,2
116.29,5,3,6,12,9,2,1,1
116.3,1,2,0,7,5,4,0,1
116.3,13,10,12,36,18,1,4,2
116.31,23,11,42,47,28,3,2,3
116.31,60,12,2,7,1,2,4,8
116.31,10,8,17,1,2,5,3,7
116.32,2,1,11,14,0,1,2,1
116.33,13,3,8,9,1,5,2,3
116.33,38,27,11,2,6,4,5,8
116.33,32,7,11,13,7,4,2,7
116.34,66,15,19,8,4,3,10,13
116.34,50,14,67,19,1,4,6,13
116.35,45,20,4,4,6,6,1,5
116.36,68,23,19,15,5,2,2,9
116.36,27,8,10,25,4,7,4,3
116.36,7,15,15,8,4,7,5,3
116.37,7,16,8,8,8,0,1,3
116.38,10,18,4,10,11,1,7,3
116.38,42,1,40,9,9,3,3,1
116.39,2,19,33,13,3,7,6,2
116.39,30,17,7,8,15,6,7,10
116.39,12,3,25,17,6,7,2,3
116.4,95,37,44,2,2,11,13,7
116.41,25,0,9,6,1,7,5,13
116.41,43,28,16,19,6,2,1,10
116.42,37,8,33,14,6,1,3,4
116.42,59,0,8,1,6,5,6,24
116.42,31,45,12,16,11,13,4,38
116.43,22,22,5,1,1,0,5,23
116.44,70,33,7,9,8,4,9,3
116.44,42,21,23,2,6,7,0,19
116.44,5,7,1,6,1,6,1,15
116.45,14,12,2,19,14,0,6,43
116.45,42,21,35,4,7,3,3,77
116.46,5,10,30,16,3,6,4,11
116.47,56,60,5,4,6,4,4,38
116.47,25,18,15,1,0,2,6,3
116.47,61,3,23,13,13,6,2,5
116.48,70,36,10,1,5,14,17,89
116.48,61,11,6,7,9,0,4,45
116.49,7,1,3,2,4,5,8,18
116.5,54,5,10,10,9,11,12,53
116.5,20,10,37,10,1,5,12,18
116.5,30,3,65,11,9,5,4,16
116.51,36,10,18,3,3,1,2,18
116.52,12,1,23,4,6,4,4,2
116.52,33,7,4,0,5,3,2,9
116.53,4,8,19,4,4,4,1,15
116.53,44,36,7,0,4,6,9,14
116.53,4,18,11,11,5,6,5,8
116.54,11,22,26,4,12,7,5,25
116.55,106,25,3,1,18,10,16,74
116.55,15,17,14,2,7,6,4,10
116.56,17,22,20,8,1,0,4,41
116.56,67,8,3,4,1,0,3,6
116.56,25,2,3,7,1,7,2,14
116.57,26,2,4,11,14,5,12,12
116.58,40,20,12,10,16,6,9,13
116.58,4,5,3,6,7,3,3,8
116.58,24,3,8,4,1,1,4,18
116.59,18,14,11,13,4,10,4,4
116.59,53,5,8,7,0,2,2,2
116.6,90,18,3,1,3,5,5,18
116.61,83,15,7,5,5,4,2,21
116.61,76,45,1,12,6,3,8,20
116.61,2,16,12,5,0,4,10,8
116.62,8,9,14,11,1,2,5,33
116.62,17,24,28,1,4,10,8,10
116.63,38,13,33,0,3,9,2,13
116.64,50,40,1,11,3,1,5,2
116.64,54,10,6,9,14,2,6,21
116.64,38,12,6,1,3,0,11,6
116.65,58,10,11,0,2,2,4,2
116.66,17,4,12,12,1,8,8,16
116.66,45,2,2,5,1,4,6,21
116.67,16,0,1,1,1,3,3,6
116.67,16,11,1,8,12,3,4,4
116.67,19,7,8,2,4,3,1,12
116.68,23,7,35,1,4,7,2,12
116.69,32,5,2,4,6,8,4,9
116.69,12,16,5,1,4,3,1,11
116.69,15,12,12,5,5,2,4,17
116.7,20,3,9,5,3,8,4,18
116.7,16,2,4,2,4,1,3,2
116.71,0,0,7,0,2,0,1,0
116.72,13,12,36,10,5,3,3,14
116.72,51,13,12,3,4,4,1,15
116.72,81,18,8,0,8,2,9,6
116.73,4,2,2,3,4,2,2,6
116.73,7,4,1,3,1,4,0,7
116.74,22,12,13,1,3,5,6,12
116.75,18,1,20,2,2,1,3,1
116.75,6,10,19,14,4,3,7,17
116.75,8,5,4,24,1,2,2,6
116.76,1,4,4,23,2,0,2,8
116.77,1,2,49,69,6,7,2,2
116.77,2,10,30,21,9,7,6,4
116.78,3,4,16,46,6,4,1,2
116.78,12,4,8,43,5,1,1,13
116.78,11,15,23,52,10,12,13,29
116.79,27,2,43,14,1,6,2,4
116.8,12,6,12,43,4,3,1,2
116.8,6,12,70,53,15,8,5,9
116.81,13,10,51,69,4,3,2,6
116.81,42,22,69,119,10,2,4,1
116.81,11,37,5,88,34,22,21,16
116.82,24,16,11,18,10,1,7,10
116.83,13,15,27,80,19,6,2,16
116.83,6,9,87,91,5,2,0,2
116.83,3,12,20,50,17,14,11,4
116.84,24,43,87,107,40,25,15,5
116.84,4,10,56,0,5,0,2,10
116.85,6,8,31,74,8,8,0,5
116.86,1,2,9,14,4,1,3,6
116.86,2,14,19,39,11,3,1,4
116.86,14,32,25,70,22,19,9,7
116.87,19,21,18,82,28,23,13,9
116.88,21,10,23,17,12,2,5,12
116.88,46,7,43,81,15,4,3,0
116.89,16,33,95,97,22,8,15,17
116.89,16,25,34,48,18,8,4,5
116.89,4,11,7,18,5,2,2,6
116.9,3,11,11,23,13,2,5,3
116.91,12,35,97,122,40,17,18,16
116.91,3,18,81,77,19,6,9,8
116.92,14,41,36,42,40,21,12,7
116.92,10,9,23,97,21,15,4,1
116.92,9,2,35,24,2,9,1,3
116.93,7,4,24,39,8,2,4,3
116.94,10,2,68,30,1,3,2,4
116.94,13,2,8,34,7,5,3,4
116.94,4,1,14,26,2,5,3,1
116.95,4,2,30,28,0,3,1,1
116.95,6,14,28,31,3,7,1,2
116.96,5,9,16,19,15,10,7,10
116.97,4,9,27,29,0,1,0,3
116.97,2,9,31,11,10,3,1,3
116.97,9,6,17,48,2,0,0,2
116.98,13,12,34,38,15,2,1,2
116.98,0,9,51,77,8,3,3,4
116.99,9,12,107,100,29,11,5,2
117,0,3,28,47,13,1,0,6
117,1,4,20,23,5,1,1,1
117,9,15,37,28,8,10,2,2
117.01,6,16,84,66,13,1,4,5
117.02,4,3,45,10,1,1,3,3
117.02,2,7,32,16,20,6,4,1
117.03,8,4,18,7,2,1,2,0
117.03,4,3,14,27,2,1,2,2
117.03,2,0,7,1,7,2,1,2
117.04,0,3,20,13,8,4,0,2
117.05,0,5,24,27,4,1,2,2
117.05,4,5,1,37,2,5,2,2
117.06,11,17,2,72,13,11,7,8
117.06,4,6,92,71,7,2,5,5
117.06,8,11,11,44,14,8,8,2
117.07,10,17,69,106,17,3,3,4
117.08,7,17,5,72,15,15,10,2
117.08,12,31,40,69,38,26,16,15
117.08,1,4,12,4,1,2,1,15
117.09,2,2,4,13,3,2,1,2
117.09,3,19,34,80,16,6,4,2
117.1,5,14,11,26,10,4,3,4
117.11,3,14,44,49,11,5,3,6
117.11,1,7,8,2,1,2,2,3
117.11,5,1,10,2,8,6,2,6
117.12,1,2,6,17,1,4,2,7
117.12,5,6,1,13,11,6,10,6
117.13,2,2,4,0,1,1,1,6
117.14,2,4,22,17,1,8,1,5
117.14,2,8,11,9,12,9,3,3
117.14,7,18,106,121,17,12,6,1
117.15,28,48,86,121,53,18,17,9
117.16,0,10,20,14,10,10,7,1
117.16,2,8,35,62,14,1,5,1
117.17,0,6,21,37,11,2,2,1
117.17,1,8,23,32,7,6,5,4
117.17,1,0,42,22,14,3,2,5
117.18,6,1,22,1,1,1,0,7
117.19,5,3,28,29,2,0,0,1
117.19,4,6,4,12,9,5,2,9
117.19,4,8,30,8,1,0,5,2
117.2,1,9,26,10,3,2,1,4
117.2,6,4,22,31,5,6,0,4
117.21,1,4,8,18,2,1,1,4
117.22,17,4,3,20,9,4,2,3
117.22,12,5,4,7,2,1,5,2
117.22,4,8,21,28,11,7,1,2
117.23,5,5,3,27,10,0,5,0
117.23,5,18,41,82,20,5,7,7
117.24,14,19,91,87,11,6,6,5
117.25,10,23,47,87,24,10,9,2
117.25,2,11,57,25,13,7,3,3
117.25,1,4,3,5,10,2,4,1
117.26,4,9,48,51,10,0,3,0
117.27,1,2,1,7,3,2,1,2
117.27,5,4,14,4,2,2,3,4
117.28,2,3,7,2,4,3,2,3
117.28,1,4,0,1,2,2,2,1
117.28,2,7,1,4,6,0,0,0
117.29,3,2,2,14,4,1,1,2
117.3,6,6,12,15,6,3,3,1
117.3,23,6,1,8,13,3,2,5
117.31,7,2,35,11,2,7,4,5
117.31,1,11,31,15,3,0,2,6
117.31,0,10,49,59,8,9,4,0
117.32,26,13,14,4,2,8,6,12
117.33,33,11,12,11,11,1,5,5
117.33,86,14,6,21,11,5,8,10
117.33,4,10,23,24,3,0,6,8
117.34,7,13,13,8,4,0,2,3
117.34,16,8,15,15,6,7,5,9
117.35,52,0,10,8,7,1,11,13
117.36,83,10,3,8,12,15,9,14
117.36,76,6,12,11,20,6,5,8
117.36,65,55,30,10,3,13,13,24
117.37,53,1,26,13,4,8,3,5
117.38,70,40,22,24,14,11,13,17
117.38,127,27,7,31,18,9,10,27
117.39,87,1,28,10,13,3,15,22
117.39,72,30,9,4,1,10,10,63
117.39,61,69,17,22,15,8,1,27
117.4,90,45,20,11,9,17,16,34
117.41,74,21,6,15,12,6,16,33
117.41,102,95,22,4,11,15,8,20
117.42,116,23,19,6,1,9,2,28
117.42,71,14,22,1,20,12,21,27
117.42,115,40,23,19,10,5,7,40
117.43,49,29,30,37,16,1,4,53
117.44,94,50,25,50,25,20,18,57
117.44,66,6,12,10,5,1,4,9
117.44,5,6,23,3,7,1,3,25
117.45,8,8,1,2,4,0,1,23
117.45,36,30,2,20,2,3,6,29
117.46,32,10,34,8,13,1,5,17
117.47,30,5,21,1,9,3,3,8
117.47,5,3,1,8,6,4,1,31
117.47,12,29,5,0,13,6,11,37
117.48,101,41,5,6,2,12,12,49
117.48,49,31,17,1,6,1,10,38
117.49,2,2,2,1,3,2,2,17
117.5,44,21,3,12,6,5,8,38
117.5,25,24,6,8,9,3,12,43
117.5,51,40,2,0,18,0,4,34
117.51,5,28,1,13,9,4,3,1
117.52,36,23,6,3,4,3,2,18
117.52,99,48,8,24,8,8,4,20
117.53,60,1,11,2,3,15,17,10
117.53,104,85,20,26,27,5,7,6
117.53,12,15,5,9,7,4,6,16
117.54,46,14,16,4,6,2,4,33
117.55,3,16,9,2,13,3,5,8
117.55,109,5,12,11,9,1,4,3
117.56,128,16,3,7,1,2,3,42
117.56,30,52,6,5,13,9,14,46
117.56,11,30,4,5,3,1,2,2
117.57,10,23,7,30,1,2,8,28
117.58,78,34,17,1,1,7,8,47
117.58,53,17,17,8,10,4,16,33
117.58,69,31,16,0,2,8,2,30
117.59,101,9,20,1,7,15,15,48
117.59,72,6,25,10,6,0,2,7
117.6,127,46,29,10,3,5,10,17
117.61,73,10,13,6,6,0,1,3
117.61,19,28,8,11,8,1,4,1
117.61,126,29,8,8,3,8,4,1
117.62,120,63,23,21,7,5,10,26
117.62,36,15,6,10,0,6,8,5
117.63,43,13,9,0,6,3,3,5
117.64,6,23,3,8,4,9,5,14
117.64,53,19,10,1,3,4,4,10
117.64,6,10,7,4,7,5,6,0
117.65,60,3,2,4,4,1,1,1
117.66,5,24,7,6,7,2,0,1
117.66,3,21,7,0,10,4,1,3
117.67,22,0,4,8,12,1,1,4
117.67,8,21,7,4,8,7,5,5
117.67,19,11,9,7,4,5,5,8
117.68,6,17,3,10,5,7,4,0
117.69,0,6,14,17,4,5,2,8
117.69,23,1,2,2,7,2,0,3
117.69,19,5,3,8,5,2,1,3
117.7,9,4,6,0,8,5,7,5
117.7,25,14,5,3,11,12,7,11
117.71,10,1,5,7,5,2,5,5
117.72,53,15,3,7,11,12,9,17
117.72,28,15,3,5,9,3,9,0
117.72,11,9,2,7,0,2,1,0
117.73,20,15,24,4,1,5,10,10
117.73,48,24,14,28,7,0,17,13
117.74,41,17,8,19,7,2,1,2
117.75,18,11,14,10,2,4,1,13
117.75,3,2,56,69,2,5,18,4
117.75,41,3,29,65,10,0,5,18
117.76,20,8,69,31,24,14,14,15
117.77,1,16,74,0,11,7,5,1
117.77,13,24,20,102,27,18,2,11
117.78,10,48,75,89,51,35,11,6
117.78,0,17,76,96,13,9,6,3
117.78,14,6,30,13,5,2,1,7
117.79,3,3,75,76,2,0,4,5
117.8,9,29,36,112,28,17,8,13
117.8,3,6,30,23,5,14,5,14
117.81,0,3,12,37,11,0,3,1
117.81,7,2,57,77,1,1,2,3
117.81,12,19,47,17,13,6,1,5
117.82,15,0,64,17,0,4,0,2
117.83,2,3,35,3,6,1,1,3
117.83,9,6,27,46,7,5,2,4
117.83,1,1,5,45,6,1,0,11
117.84,2,0,66,0,10,1,5,8
117.84,7,5,13,1,2,7,3,6
117.85,3,1,5,57,12,5,7,0
117.86,1,17,18,13,11,7,5,3
117.86,7,22,13,18,16,10,3,2
117.86,18,16,48,48,12,9,7,7
117.87,0,7,11,19,8,6,2,1
117.88,10,25,59,69,21,12,9,4
117.88,2,2,6,14,6,2,0,1
117.89,5,5,8,23,1,3,4,2
117.89,12,22,64,16,26,12,10,2
117.89,1,0,21,50,9,4,1,5
117.9,4,7,32,37,12,6,3,0
117.91,10,12,35,36,16,6,2,5
117.91,0,8,51,49,1,5,2,1
117.92,2,4,15,3,5,7,0,1
117.92,1,6,7,53,2,5,2,1
117.92,2,2,1,37,2,9,6,8
117.93,2,2,17,22,4,5,1,0
117.94,1,4,57,60,2,5,5,1
117.94,1,3,5,47,1,1,2,4
117.94,7,4,28,68,11,9,1,1
117.95,9,24,22,55,22,16,6,1
117.95,5,4,17,1,1,4,1,5
117.96,4,7,24,14,9,1,1,0
117.97,0,8,44,46,11,3,3,0
117.97,0,1,10,18,1,3,1,7
117.97,12,1,47,32,6,1,2,2
117.98,15,12,4,9,5,8,6,2
117.98,5,9,26,22,11,0,1,2
117.99,5,16,14,24,14,5,3,4
118,1,5,7,16,3,6,6,4
118,8,5,34,16,10,1,2,3
118,0,1,3,10,5,8,3,2
118.01,4,14,39,58,16,4,6,3
118.02,1,6,111,27,6,9,5,1
118.02,17,27,31,67,30,28,19,10
118.03,12,16,24,87,14,6,7,6
118.03,17,23,35,126,27,15,10,12
118.03,16,12,30,53,14,5,1,2
118.04,1,12,4,31,12,6,3,2
118.05,7,1,11,24,20,3,4,2
118.05,4,0,7,57,4,4,2,4
118.06,6,3,25,34,3,1,3,2
118.06,11,22,84,91,18,10,0,7
118.06,1,2,24,9,4,1,1,4
118.07,3,6,23,31,7,5,1,1
118.08,0,1,9,6,6,2,3,2
118.08,4,11,21,45,10,5,3,1
118.08,2,6,7,37,5,5,0,1
118.09,10,18,82,113,15,5,8,3
118.09,0,4,13,31,4,6,2,2
118.1,1,6,11,5,3,2,1,2
118.11,1,4,12,7,19,3,4,4
118.11,9,18,12,65,14,8,6,0
118.11,13,24,13,16,26,10,11,3
118.12,4,12,17,65,14,9,3,2
118.12,7,10,38,45,7,3,4,2
118.13,8,17,38,64,14,14,8,6
118.14,4,8,3,33,6,3,4,2
118.14,3,6,5,1,2,3,1,2
118.14,6,8,25,38,9,1,2,0
118.15,1,0,12,3,2,0,2,0
118.16,11,3,8,18,14,3,3,6
118.16,1,2,5,16,4,7,2,0
118.17,4,8,25,3,12,4,5,4
118.17,1,2,4,22,1,3,1,2
118.17,8,3,3,7,10,0,2,3
118.18,11,8,4,10,13,5,0,2
118.19,8,10,30,29,20,4,4,4
118.19,40,9,8,21,9,5,4,7
118.19,3,2,35,16,7,4,2,3
118.2,9,15,15,70,14,15,6,2
118.2,18,8,8,5,4,2,2,1
118.21,24,15,36,27,4,6,3,9
118.22,5,7,34,11,4,3,3,2
118.22,45,2,28,20,3,4,6,8
118.22,4,7,12,52,13,8,2,7
118.23,1,16,32,4,12,10,2,0
118.23,10,10,76,29,7,5,3,4
118.24,14,11,89,8,2,3,1,3
118.25,5,5,23,37,8,4,1,1
118.25,5,2,27,2,8,2,3,1
118.25,2,2,13,45,7,6,5,4
118.26,2,2,15,40,3,3,2,2
118.27,10,5,0,19,9,6,2,4
118.27,23,7,1,9,12,8,2,5
118.28,30,9,18,5,6,2,5,2
118.28,17,2,5,2,2,10,0,6
118.28,88,44,36,9,2,9,6,22
118.29,5,5,20,9,0,0,1,3
118.3,6,3,14,22,16,5,5,6
118.3,46,5,22,10,21,4,2,15
118.31,36,16,19,20,9,3,4,10
118.31,50,11,5,13,2,15,5,41
118.31,10,0,9,52,11,5,1,3
118.32,1,2,22,47,4,5,0,1
118.33,3,23,49,91,31,17,13,0
118.33,28,16,42,18,2,11,7,15
118.33,22,2,6,1,3,4,1,2
118.34,76,7,14,30,4,1,1,7
118.34,8,6,4,33,8,4,3,2
118.35,1,8,19,11,5,1,3,1
118.36,7,6,1,15,4,5,0,3
118.36,46,19,12,14,16,10,10,31
118.36,33,4,36,22,21,8,9,7
118.37,35,19,23,1,5,17,18,2
118.38,85,29,62,7,6,15,24,81
118.38,11,9,30,3,8,2,5,28
118.39,79,4,12,17,18,9,11,9
118.39,41,15,8,6,3,20,25,67
118.39,34,8,16,13,14,10,14,73
118.4,93,48,0,27,6,17,34,117
118.41,11,6,15,24,17,2,10,50
118.41,61,6,17,22,5,2,5,21
118.42,33,17,38,16,5,7,11,33
118.42,2,8,18,10,13,2,5,16
118.42,2,10,18,23,9,6,1,9
118.43,36,3,15,33,1,0,8,27
118.44,11,1,8,5,6,0,1,14
118.44,43,2,13,19,12,2,5,19
118.44,27,5,5,5,6,0,3,43
118.45,45,11,30,20,4,5,12,96
118.45,66,40,27,10,11,6,3,46
118.46,5,7,33,3,7,8,19,87
118.47,8,10,10,23,12,2,14,96
118.47,58,3,3,16,11,1,10,100
118.47,13,2,38,3,1,10,0,16
118.48,95,16,26,2,19,22,30,83
118.48,50,11,13,10,6,3,7,69
118.49,52,7,15,3,8,4,4,41
118.5,127,22,6,2,18,12,24,55
118.5,126,46,37,23,13,22,20,62
118.5,65,0,20,10,27,18,25,81
118.51,79,81,21,26,20,15,9,54
118.52,105,5,5,42,3,2,6,19
118.52,38,16,0,3,2,6,6,34
118.53,127,55,10,11,7,7,2,28
118.53,99,27,14,15,4,2,10,22
118.53,128,111,25,16,18,16,15,80
118.54,96,17,23,1,6,5,7,24
118.55,54,4,20,1,5,3,11,22
118.55,51,43,13,14,5,11,3,2
118.56,5,35,6,12,1,3,8,21
118.56,59,26,12,14,11,5,6,6
118.56,90,8,18,19,5,4,6,14
118.57,106,40,8,1,3,2,0,3
118.58,107,8,9,2,1,3,7,23
118.58,70,4,9,3,11,1,7,5
118.58,12,0,5,1,5,6,6,0
118.59,22,13,1,4,5,1,0,10
118.59,31,31,13,12,9,8,6,8
118.6,6,1,14,7,1,2,4,38
118.61,58,29,6,2,4,0,5,13
118.61,3,13,8,10,2,7,2,1
118.61,26,29,14,15,6,1,5,0
118.62,38,13,9,5,1,5,1,8
118.62,7,7,13,3,5,7,4,10
118.63,8,8,3,1,2,1,2,2
118.64,19,27,7,5,5,0,0,1
118.64,21,10,28,6,2,1,3,4
118.64,30,4,16,4,4,2,1,8
118.65,16,10,20,5,7,10,8,1
118.66,5,5,3,1,1,2,2,8
118.66,4,6,11,5,8,7,7,9
118.67,3,5,2,1,3,1,2,6
118.67,9,14,4,1,3,1,0,8
118.67,26,5,5,1,2,1,7,2
118.68,3,3,4,7,10,2,1,3
118.69,19,3,1,0,1,2,1,3
118.69,46,23,0,9,4,4,3,8
118.69,22,14,4,13,5,1,2,9
118.7,4,1,0,3,1,3,4,6
118.7,12,14,1,4,15,7,4,4
118.71,33,13,4,7,11,3,1,4
118.72,24,22,3,13,11,7,2,4
118.72,56,45,20,19,25,13,8,8
118.72,11,2,6,1,9,3,3,1
118.73,10,7,1,5,5,7,2,0
118.73,23,2,1,3,1,2,1,2
118.74,13,11,6,14,3,2,3,0
118.75,27,11,14,17,12,1,3,3
118.75,2,3,2,0,0,1,1,2
118.75,1,4,5,0,6,6,3,1
118.76,5,14,16,1,4,1,1,6
118.77,20,5,2,3,0,0,3,8
118.77,9,5,3,2,5,2,2,1
118.78,4,4,2,0,3,1,0,5
118.78,2,1,0,2,4,2,1,8
118.78,0,3,4,2,3,1,0,7
118.79,5,2,6,10,3,1,2,18
118.8,15,9,12,3,5,5,6,1
118.8,4,2,20,2,6,2,4,4
118.81,6,8,2,2,2,1,2,5
118.81,3,2,0,1,6,1,3,4
118.81,9,8,7,2,7,2,6,13
118.82,23,4,5,12,7,5,3,5
118.83,56,26,62,26,14,15,21,23
118.83,3,5,15,66,11,13,3,9
118.83,19,11,29,22,1,0,0,8
118.84,5,21,63,83,12,13,8,6
118.84,11,35,75,78,25,12,4,1
118.85,7,6,67,105,9,3,1,7
118.86,3,11,58,59,14,13,7,9
118.86,7,31,63,68,16,8,6,16
118.86,3,26,73,53,18,10,18,9
118.87,13,6,28,45,6,3,2,24
118.88,4,17,54,25,11,1,13,5
118.88,3,10,33,4,1,5,13,16
118.89,2,0,10,47,5,6,7,10
118.89,7,22,56,49,11,6,3,9
118.89,8,5,82,36,0,4,4,7
118.9,22,31,49,106,20,15,5,6
118.91,2,2,6,20,2,1,7,2
118.91,4,16,59,106,13,10,7,2
118.92,7,21,72,77,20,14,6,3
118.92,13,7,2,45,4,0,2,2
118.92,25,27,46,79,29,18,6,8
118.93,38,73,65,80,67,29,24,16
118.94,3,20,101,95,10,1,2,1
118.94,6,16,41,23,6,1,1,6
118.94,8,24,127,99,16,5,2,9
118.95,6,6,52,70,7,2,5,1
118.95,19,32,45,99,31,16,16,11
118.96,10,18,75,69,12,6,2,3
118.97,2,9,19,41,6,5,7,8
118.97,6,15,24,59,23,6,4,6
118.97,20,32,17,56,25,14,13,9
118.98,12,8,54,50,8,4,4,4
118.98,2,9,63,73,13,5,4,3
118.99,1,2,29,39,1,1,2,2
119,6,22,17,77,22,9,7,2
119,2,20,99,62,13,6,6,2
119,5,1,35,6,2,3,0,4
119.01,3,15,63,78,8,1,3,1
119.02,4,6,22,30,6,1,1,3
119.02,0,2,24,7,0,1,1,1
119.03,1,0,14,15,6,3,3,1
119.03,2,2,19,23,14,2,0,5
119.03,6,12,9,53,22,7,6,6
119.04,4,8,18,54,10,12,6,3
119.05,7,17,74,105,18,9,3,1
119.05,13,21,74,79,22,7,9,6
119.06,1,4,1,16,6,5,1,4
119.06,3,9,40,52,9,4,4,0
119.06,9,11,20,49,11,7,8,4
119.07,12,24,47,127,10,10,7,6
119.08,11,21,45,83,20,5,11,9
119.08,3,8,28,15,2,3,3,3
119.08,3,15,15,42,12,2,5,3
119.09,1,5,27,62,1,2,1,0
119.09,9,19,16,75,16,7,4,1
119.1,31,27,12,86,35,14,13,9
119.11,17,8,0,35,1,2,1,3
119.11,4,2,7,2,2,2,4,2
119.11,6,18,16,107,23,12,9,1
119.12,8,11,23,70,23,9,11,5
119.12,5,7,23,18,5,5,1,0
119.13,17,19,73,104,24,13,2,3
119.14,3,2,30,15,8,6,5,2
119.14,12,22,36,86,29,12,5,5
119.14,27,34,100,127,34,18,13,7
119.15,16,9,77,93,15,5,2,3
119.16,5,4,3,13,5,2,4,2
119.16,5,13,67,75,18,5,1,4
119.17,11,17,40,36,13,1,1,4
119.17,6,10,12,33,12,7,4,1
119.17,17,21,11,105,23,14,8,4
119.18,5,6,23,32,8,2,1,2
119.19,1,4,24,19,2,3,1,1
119.19,1,0,5,11,1,2,1,2
119.19,4,3,8,30,1,2,1,1
119.2,0,4,8,17,5,7,4,3
119.2,9,11,17,4,2,1,2,0
119.21,19,18,35,35,8,8,1,6
119.22,9,22,76,76,23,8,9,2
119.22,4,8,4,45,15,12,4,3
119.22,3,3,37,53,1,0,3,1
119.23,7,6,4,4,3,6,1,1
119.23,6,4,25,20,6,2,2,2
119.24,11,14,38,98,12,0,0,1
119.25,1,1,12,3,1,2,1,4
119.25,0,1,7,8,3,3,0,2
119.25,3,4,3,9,2,4,5,3
119.26,6,4,27,19,3,3,4,0
119.27,1,2,18,12,6,6,0,0
119.27,0,5,25,23,1,3,2,1
119.28,4,13,61,63,9,5,0,0
119.28,5,13,1,53,21,6,1,3
119.28,3,0,6,7,13,4,1,0
119.29,0,3,8,20,3,3,1,4
119.3,6,14,23,38,10,6,2,2
119.3,5,0,3,27,10,2,2,3
119.31,23,12,42,13,21,8,5,3
119.31,1,5,24,34,8,7,7,1
119.31,2,3,12,11,6,4,7,1
119.32,11,9,17,9,6,4,2,6
119.33,20,2,5,45,4,1,1,1
119.33,28,1,12,24,12,4,2,5
119.33,19,14,22,29,17,11,8,7
119.34,9,1,9,1,18,3,3,1
119.34,11,3,14,0,8,4,4,0
119.35,24,3,2,31,6,1,3,4
119.36,16,6,8,20,2,3,4,2
119.36,61,1,7,27,9,4,1,6
119.36,14,14,26,27,0,7,4,2
119.37,14,5,12,21,7,3,0,3
119.38,15,17,36,39,14,4,1,2
119.38,56,19,34,37,7,1,3,11
119.39,50,10,4,4,1,5,1,10
119.39,54,1,7,25,7,8,3,4
119.39,87,26,22,14,5,14,8,23
119.4,4,13,50,3,1,11,4,6
119.41,18,2,14,25,9,0,6,2
119.41,62,9,30,17,10,6,1,7
119.42,64,9,20,12,5,4,5,19
119.42,55,0,5,27,4,0,1,5
119.42,2,4,9,11,11,3,6,1
119.43,55,4,28,1,11,11,11,8
119.44,45,4,84,11,1,2,2,59
119.44,82,5,31,19,3,5,0,15
119.44,54,39,2,14,17,18,23,44
119.45,73,21,7,1,0,7,10,79
119.45,30,3,23,26,3,10,14,50
119.46,91,44,2,5,6,25,45,110
119.47,8,23,8,13,6,11,8,13
119.47,83,41,28,2,1,6,15,71
119.47,77,18,11,5,0,12,17,25
119.48,15,11,6,3,2,17,20,69
119.48,44,16,8,15,12,5,12,30
119.49,61,44,2,6,2,17,20,114
119.5,9,7,24,6,4,4,3,79
119.5,88,28,5,9,3,5,6,5
119.5,77,29,19,27,9,2,3,17
119.51,84,43,38,24,12,5,7,14
119.52,36,9,3,17,16,3,8,11
119.52,0,13,8,29,5,1,8,35
119.53,1,10,9,1,9,2,1,84
119.53,71,18,29,12,24,7,8,15
119.53,25,0,31,25,29,4,7,12
119.54,22,34,36,28,8,1,4,23
119.55,96,47,9,2,4,12,12,9
119.55,3,14,9,12,11,8,11,33
119.56,32,24,14,4,15,2,3,14
119.56,45,19,18,5,5,4,4,11
119.56,62,30,8,10,0,2,2,26
119.57,12,19,17,10,8,2,2,23
119.58,69,87,3,15,6,7,10,37
119.58,51,3,7,2,7,6,3,15
119.58,55,4,1,9,5,4,1,5
119.59,26,8,3,4,4,2,5,0
119.59,71,31,20,9,7,0,7,31
119.6,20,5,2,11,2,6,3,1
119.61,11,7,5,13,11,6,8,24
119.61,16,23,12,45,42,8,5,0
119.61,45,12,5,17,10,4,13,44
119.62,24,41,64,21,3,3,4,14
119.62,38,22,9,21,2,10,4,0
119.63,42,17,24,12,7,5,6,2
119.64,34,17,8,10,1,6,4,11
119.64,76,13,33,9,1,4,6,20
119.64,24,4,21,14,0,3,1,14
119.65,23,10,30,42,3,4,4,11
119.66,46,5,29,2,2,5,6,27
119.66,6,5,3,7,2,4,2,1
119.67,71,1,5,6,7,6,3,3
119.67,70,13,9,10,3,4,5,10
119.67,62,12,5,0,0,1,3,5
119.68,6,7,15,10,3,1,2,5
119.69,39,21,8,5,3,1,0,10
119.69,45,20,6,9,6,6,3,7
119.69,47,8,1,4,5,6,2,23
119.7,53,26,10,8,5,0,1,5
119.7,16,14,7,11,3,1,4,14
119.71,18,14,2,8,3,7,1,6
119.72,4,2,22,5,0,2,3,8
119.72,8,3,13,11,4,5,6,4
119.72,14,4,7,1,7,0,5,6
119.73,4,2,3,1,0,0,1,1
119.73,5,4,8,12,1,1,3,4
119.74,3,3,2,3,3,1,1,3
119.75,13,2,1,2,0,2,1,4
119.75,0,4,4,0,3,4,1,2
119.75,12,9,11,0,0,2,1,5
119.76,15,4,8,6,6,0,1,1
119.77,8,4,5,6,4,3,5,2
119.77,10,1,4,5,4,5,0,6
119.78,2,4,16,2,1,1,1,2
119.78,19,7,26,2,4,1,2,9
119.78,20,3,20,1,2,2,2,10
119.79,1,5,4,2,4,0,2,11
119.8,12,7,13,4,1,5,0,16
119.8,3,0,7,1,1,2,5,4
119.81,6,0,14,9,3,0,1,1
119.81,0,3,27,11,1,0,0,1
119.81,11,2,3,5,3,1,1,4
119.82,13,1,14,66,9,7,3,0
119.83,11,7,4,14,1,1,4,2
119.83,3,5,2,2,7,3,4,2
119.83,2,2,2,2,3,5,0,1
119.84,4,13,63,89,9,5,6,1
119.84,11,10,21,53,3,1,4,4
119.85,5,15,24,15,8,11,6,1
119.86,30,27,45,64,21,13,10,34
119.86,3,5,32,27,2,6,1,1
119.86,34,23,36,66,19,14,10,14
119.87,34,5,48,11,3,2,6,2
119.88,8,14,29,23,9,8,5,5
119.88,25,46,101,80,24,23,22,36
119.89,6,15,80,52,4,3,8,13
119.89,32,8,64,28,9,6,7,2
119.89,5,3,38,33,0,3,2,16
119.9,12,0,1,5,1,4,5,4
119.91,10,10,43,44,13,11,8,12
119.91,1,1,33,1,1,1,5,4
119.92,15,23,70,74,18,6,6,3
119.92,6,8,49,1,8,2,8,6
119.92,11,1,14,20,7,8,3,6
119.93,0,12,46,15,3,3,1,4
119.94,22,5,32,63,1,5,3,2
119.94,8,10,95,17,6,1,1,1
119.94,4,7,26,19,6,7,2,6
119.95,7,12,31,25,10,8,2,5
119.95,6,12,39,5,7,7,8,4
119.96,2,5,20,91,13,5,1,1
119.97,21,32,100,89,32,14,13,8
119.97,7,9,43,40,2,1,1,0
119.97,6,0,12,35,1,1,1,1
119.98,5,13,21,8,7,8,5,8
119.98,1,3,18,46,8,2,2,4
119.99,2,0,34,21,2,3,1,3
120,9,5,37,18,5,5,6,6
120,11,3,15,12,1,5,1,2
120,6,13,97,64,6,3,0,9
120.01,3,10,85,38,3,4,2,1
120.02,17,14,23,26,12,6,0,2
120.02,3,1,11,5,6,3,2,2
120.03,0,3,36,1,0,16,8,10
120.03,4,0,3,13,4,1,2,4
120.03,8,8,2,29,1,3,1,1
120.04,5,9,40,2,6,1,3,1
120.05,2,0,21,44,4,1,3,1
120.05,11,26,108,127,25,12,6,3
120.06,23,44,128,108,39,18,16,9
120.06,3,10,64,97,4,2,0,3
120.06,7,8,23,44,9,1,1,1
120.07,3,8,13,9,2,6,7,4
120.08,5,5,25,7,5,4,1,0
120.08,3,10,18,23,8,5,2,0
120.08,5,15,43,100,15,9,6,3
120.09,25,48,81,112,48,17,12,6
120.09,7,6,48,2,0,10,7,14
120.1,10,0,1,16,2,2,4,8
120.11,16,13,40,79,18,8,4,0
120.11,5,10,62,71,9,6,1,1
120.11,7,9,0,31,14,10,4,1
120.12,9,9,15,43,13,9,11,1
120.12,1,14,1,13,10,5,2,4
120.13,5,6,16,3,9,1,4,0
120.14,2,1,16,24,1,3,1,3
120.14,4,5,3,5,6,2,1,3
120.14,0,4,27,9,0,5,3,2
120.15,1,8,53,68,13,4,2,5
120.16,4,15,32,42,24,18,9,2
120.16,1,7,7,48,11,4,7,1
120.17,5,7,19,15,2,0,3,2
120.17,3,13,28,38,16,3,0,0
120.17,7,18,41,77,18,15,5,5
120.18,6,6,54,12,4,1,3,3
120.19,7,24,100,95,22,9,3,5
120.19,0,1,12,19,2,1,2,0
120.19,6,6,32,44,7,4,1,3
120.2,2,1,8,10,4,2,1,2
120.2,8,16,52,38,7,6,1,1
120.21,5,21,48,22,20,8,0,2
120.22,0,1,7,8,10,5,5,2
120.22,4,2,37,4,6,7,7,3
120.22,1,1,0,24,3,1,0,1
120.23,1,7,23,8,10,8,3,1
120.23,5,4,2,10,0,3,0,0
120.24,3,3,1,3,2,2,0,2
120.25,4,6,2,12,11,5,9,0
120.25,1,0,2,7,0,5,7,2
120.25,6,10,2,30,8,8,5,2
120.26,8,17,28,80,17,8,4,4
120.27,3,1,17,15,5,10,2,0
120.27,1,3,6,4,4,3,3,1
120.28,0,0,13,1,8,3,3,1
120.28,3,0,17,11,12,0,3,1
120.28,1,5,10,7,0,3,1,3
120.29,4,5,14,2,3,3,0,0
120.3,1,4,3,11,7,11,1,3
120.3,2,2,4,1,2,3,0,1
120.31,0,2,8,4,2,6,1,1
120.31,2,6,7,41,7,1,0,1
120.31,5,10,1,20,10,1,2,1
120.32,6,5,9,5,5,7,1,2
120.33,4,5,35,74,2,8,4,2
120.33,1,9,42,21,13,6,4,3
120.33,5,0,6,3,7,0,1,0
120.34,2,2,3,25,1,1,0,2
120.34,1,6,2,7,12,6,7,2
120.35,1,2,5,17,1,1,1,1
120.36,5,6,8,1,12,2,0,3
120.36,1,3,2,5,3,1,0,10
120.36,3,2,13,11,7,2,3,8
120.37,15,7,6,12,9,5,6,4
120.38,18,8,13,15,2,5,10,8
120.38,35,9,8,8,1,7,9,96
120.39,38,21,4,10,0,4,17,93
120.39,32,5,6,16,7,8,16,17
120.39,23,20,41,3,14,10,14,40
120.4,14,17,3,29,0,2,3,8
120.41,32,4,60,41,2,3,24,91
120.41,30,2,8,4,2,2,3,30
120.42,3,0,1,0,5,1,5,13
120.42,12,3,25,3,4,0,2,20
120.42,30,6,13,15,8,2,9,79
120.43,4,5,17,18,2,2,9,20
120.44,20,6,6,10,2,5,8,28
120.44,1,5,2,7,3,5,14,34
120.44,7,5,13,1,3,2,14,48
120.45,1,12,33,8,1,2,3,56
120.45,1,11,8,2,1,9,18,78
120.46,20,9,15,13,15,5,5,33
120.47,18,17,20,24,12,5,6,19
120.47,18,16,9,6,1,5,5,67
120.47,19,27,24,0,13,6,12,52
120.48,1,17,1,16,0,2,4,4
120.48,35,2,22,3,2,4,4,39
120.49,6,31,26,6,10,1,7,9
120.5,59,6,18,14,10,6,25,30
120.5,12,31,4,2,10,1,31,7
120.5,27,4,2,3,5,5,16,74
120.51,35,3,36,22,17,1,29,59
120.52,26,47,50,16,3,4,28,86
120.52,22,17,19,6,40,13,21,79
120.53,18,6,5,5,11,2,22,11
120.53,30,22,71,12,11,6,8,1
120.53,31,7,54,12,10,8,20,87
120.54,7,20,39,14,14,6,3,43
120.55,83,6,14,5,19,9,11,25
120.55,44,21,27,14,11,12,16,38
120.56,89,72,37,10,22,27,54,61
120.56,38,8,22,6,14,5,18,35
120.56,35,39,25,12,9,4,3,51
120.57,26,29,19,14,1,1,10,74
120.58,48,3,17,9,7,21,39,47
120.58,23,6,6,2,11,8,8,31
120.58,25,10,13,9,6,11,22,26
120.59,1,10,42,5,10,2,0,53
120.59,0,14,3,9,5,5,7,15
120.6,12,4,7,3,10,2,4,7
120.61,26,17,4,0,3,6,2,49
120.61,60,19,6,14,7,2,6,67
120.61,31,15,31,2,11,1,5,25
120.62,54,72,42,9,6,17,30,60
120.62,16,9,15,3,3,16,12,81
120.63,18,6,21,1,13,0,13,10
120.64,75,23,3,11,0,7,12,57
120.64,58,48,6,18,2,15,22,76
120.64,51,16,27,11,9,9,17,41
120.65,60,69,10,14,7,17,28,76
120.66,9,6,5,2,1,2,18,24
120.66,10,16,6,6,9,5,12,13
120.67,15,8,5,1,4,2,15,1
120.67,7,18,6,2,0,4,4,19
120.67,47,3,12,2,0,2,5,23
120.68,81,2,5,8,1,1,6,4
120.69,15,13,3,4,9,10,4,8
120.69,15,3,5,3,1,5,3,20
120.69,20,1,18,9,1,3,7,24
120.7,36,17,1,12,0,3,5,15
120.7,33,7,17,2,4,5,10,12
120.71,25,1,1,2,5,6,13,41
120.72,6,6,5,3,0,0,4,5
120.72,13,13,14,9,6,11,21,16
120.72,19,1,15,35,6,10,8,14
120.73,62,8,5,1,10,7,37,35
120.73,16,24,77,60,16,12,5,26
120.74,16,1,43,2,2,9,10,31
120.75,6,7,15,22,3,1,5,6
120.75,37,15,30,10,1,9,13,15
120.75,29,5,28,46,8,10,12,2
120.76,3,9,13,9,6,2,36,1
120.77,7,13,40,69,23,13,29,2
120.77,10,10,7,42,10,3,5,5
120.78,20,0,43,14,6,3,13,9
120.78,22,2,12,43,4,3,6,8
120.78,15,9,4,30,5,9,17,11
120.79,13,17,59,37,12,13,41,23
120.8,6,5,20,16,2,1,21,1
120.8,5,17,69,38,8,5,24,6
120.81,15,14,65,92,11,3,12,4
120.81,8,4,9,41,7,5,5,5
120.81,9,7,45,41,8,5,2,2
120.82,17,15,13,54,17,6,5,7
120.83,19,42,87,75,32,16,12,9
120.83,17,14,44,48,13,4,11,0
120.83,14,5,52,9,25,7,8,6
120.84,5,18,22,53,9,8,7,1
120.84,2,1,42,76,18,4,2,2
120.85,4,4,31,22,4,10,11,3
120.86,5,8,4,10,3,6,7,1
120.86,7,5,21,28,2,2,6,3
120.86,10,3,35,48,1,1,7,2
120.87,3,22,30,76,18,3,2,0
120.88,8,10,86,87,8,9,6,7
120.88,0,4,77,70,2,1,6,4
120.89,11,16,97,122,16,12,11,7
120.89,12,20,50,49,25,6,1,4
120.89,5,10,53,94,5,3,8,4
120.9,1,10,51,48,7,5,12,7
120.91,9,11,55,11,1,0,11,3
120.91,26,19,19,69,20,11,2,7
120.92,10,7,58,67,7,7,4,1
120.92,1,5,13,17,0,1,6,1
120.92,1,8,8,31,13,0,4,0
120.93,19,40,59,127,25,11,12,7
120.94,5,7,73,62,8,9,0,2
120.94,18,43,5,70,46,21,15,6
120.94,0,7,36,60,10,3,0,1
120.95,7,33,51,51,2,6,5,0
120.95,13,20,25,1,5,3,2,3
120.96,18,33,68,122,36,13,9,7
120.97,42,107,110,128,74,40,19,26
120.97,15,22,61,127,18,11,1,3
120.97,0,8,29,43,2,4,8,1
120.98,4,12,34,9,12,8,6,3
120.98,8,24,72,19,19,7,0,5
120.99,4,34,51,3,15,4,9,3
121,1,17,39,64,12,5,2,5
121,2,34,15,23,4,1,4,2
121,11,4,47,62,9,1,5,8
121.01,2,22,14,128,17,20,10,3
121.02,7,17,94,91,12,5,10,1
121.02,2,6,65,54,7,5,18,4
121.03,0,3,44,36,5,1,1,1
121.03,6,6,45,20,11,4,5,1
121.03,7,21,47,29,9,10,1,4
121.04,1,6,9,13,5,6,5,3
121.05,5,35,39,68,30,10,2,0
121.05,3,10,20,7,1,1,3,3
121.06,5,8,20,60,34,19,12,13
121.06,6,21,92,80,24,6,2,4
121.06,0,11,12,17,4,5,0,2
121.07,7,21,32,48,16,6,5,5
121.08,8,11,66,56,18,8,4,3
121.08,9,29,71,16,7,9,9,5
121.08,5,19,20,26,2,0,8,1
121.09,2,20,12,28,2,6,8,1
121.09,7,6,1,29,1,7,5,12
121.1,11,16,1,12,15,6,7,26
121.11,10,32,69,33,15,11,7,5
121.11,2,37,19,13,5,9,16,17
121.11,13,20,9,55,4,8,7,2
121.12,13,39,41,43,8,11,27,25
121.12,9,2,65,19,1,15,30,21
121.13,1,12,39,16,6,5,13,3
121.14,13,9,2,1,9,3,6,4
121.14,10,7,2,6,6,1,16,3
121.14,7,4,32,20,6,6,15,17
121.15,1,26,7,18,9,3,6,2
121.16,49,20,43,16,1,7,1,15
121.16,9,41,66,31,10,1,5,4
121.17,0,31,4,1,10,6,3,5
121.17,4,14,44,36,7,8,8,3
121.17,24,22,13,55,11,1,12,1
121.18,8,44,16,3,12,11,30,14
121.19,4,12,1,1,15,5,21,2
121.19,2,3,11,3,0,5,12,8
121.19,18,9,9,25,7,5,19,14
121.2,15,4,23,35,1,10,40,1
121.2,4,13,4,21,4,1,44,7
121.21,28,21,39,34,17,22,10,7
121.22,2,8,54,35,10,2,12,15
121.22,13,7,68,34,11,5,8,10
121.22,2,27,22,6,4,4,13,1
121.23,7,6,85,36,2,8,6,4
121.23,16,22,106,32,14,10,18,17
121.24,47,3,36,5,5,1,4,27
121.25,18,28,29,31,1,0,3,15
121.25,12,10,61,44,4,3,3,6
121.25,1,26,75,3,8,10,6,4
121.26,9,10,118,58,12,10,7,16
121.27,11,23,110,41,4,0,1,3
121.27,0,2,66,6,5,5,5,24
121.28,4,4,32,23,2,7,4,9
121.28,6,21,35,59,18,11,13,1
121.28,13,23,75,31,9,4,2,3
121.29,4,9,91,14,0,2,11,7
121.3,5,46,13,7,4,2,3,7
121.3,26,7,34,17,3,1,6,16
121.31,23,8,41,8,1,2,6,26
121.31,2,5,30,6,2,10,5,8
121.31,5,12,98,45,8,9,2,6
121.32,23,48,120,84,36,16,11,7
121.33,32,21,41,43,1,4,9,17
121.33,4,17,50,66,10,2,1,1
121.33,14,8,3,22,5,9,19,25
121.34,12,17,19,69,11,2,38,23
121.34,12,4,26,44,10,1,45,3
121.35,18,3,16,10,0,2,51,0
121.36,6,18,56,61,15,9,2,8
121.36,21,13,45,42,12,1,17,11
121.36,13,12,5,25,5,10,3,2
121.37,7,10,5,14,9,7,14,7
121.38,26,13,5,26,5,5,2,12
121.38,12,3,45,5,8,6,16,12
121.39,10,6,14,48,5,2,14,2
121.39,10,1,15,21,1,5,18,2
121.39,13,14,15,3,1,2,17,2
121.4,7,5,1,56,11,2,14,5
121.41,15,13,49,14,6,2,6,3
121.41,13,13,29,56,18,12,7,4
121.42,4,17,45,30,3,3,1,1
121.42,1,19,17,54,13,12,4,2
121.42,12,0,1,50,0,4,3,3
121.43,11,10,22,33,8,10,5,2
121.44,6,1,24,7,1,3,5,0
121.44,12,6,22,6,17,1,11,1
121.44,1,5,4,97,12,7,5,1
121.45,11,31,15,67,5,8,6,8
121.45,10,18,15,13,2,1,0,2
121.46,24,2,9,3,12,5,0,1
121.47,63,9,20,1,10,12,12,10
121.47,1,1,18,26,3,0,1,2
121.47,17,16,37,1,8,6,6,7
121.48,11,8,23,22,7,3,2,3
121.48,25,2,36,49,1,5,0,5
121.49,5,3,45,58,5,6,2,1
121.5,4,6,39,4,4,3,9,1
121.5,21,4,36,9,2,4,2,4
121.5,13,10,39,3,0,0,2,2
121.51,25,17,37,38,9,11,6,0
121.52,33,20,18,15,3,5,1,1
121.52,30,3,25,15,8,1,0,1
121.53,37,8,36,7,3,1,1,2
121.53,30,6,14,10,19,4,5,5
121.53,21,17,32,13,1,7,2,10
121.54,7,4,7,21,7,3,4,14
121.55,52,1,7,14,5,0,1,7
121.55,68,13,11,10,3,9,6,21
121.56,87,23,34,13,12,10,14,50
121.56,17,31,15,1,2,15,10,17
121.56,4,3,19,14,2,2,3,1
121.57,60,5,35,8,7,4,11,14
121.58,33,27,24,2,3,7,6,25
121.58,19,4,9,6,1,7,4,7
121.58,10,4,14,1,4,1,6,4
121.59,45,14,23,9,11,13,3,6
121.59,5,6,12,13,4,3,2,16
121.6,18,26,12,77,4,5,3,3
121.61,2,5,92,99,16,2,8,1
121.61,63,12,1,70,10,7,5,19
121.61,63,1,51,30,5,2,2,7
121.62,11,0,52,16,4,1,1,1
121.62,74,19,33,40,13,5,10,13
121.63,17,9,11,12,15,1,2,4
121.64,11,7,7,2,1,3,0,0
121.64,47,13,14,20,3,4,8,19
121.64,41,15,29,0,2,3,2,18
121.65,63,17,12,28,15,6,1,19
121.66,84,35,11,0,8,0,2,24
121.66,71,36,43,4,14,8,8,26
121.67,85,26,35,12,0,22,17,92
121.67,115,4,5,14,15,2,18,67
121.67,32,10,29,21,12,19,11,35
121.68,71,29,17,9,5,6,9,33
121.69,53,20,2,48,24,10,17,41
121.69,95,52,29,4,9,22,40,91
121.69,91,1,20,28,7,2,8,58
121.7,25,4,23,29,15,15,21,109
121.7,127,55,114,22,10,21,34,104
121.71,23,32,35,47,11,5,2,76
121.72,101,26,20,14,1,7,15,36
121.72,40,59,25,2,4,1,14,12
121.72,27,16,40,2,5,10,15,43
121.73,43,16,15,32,5,9,9,9
121.73,46,13,17,13,8,5,4,57
121.74,25,49,21,5,11,4,4,23
121.75,58,52,6,4,1,13,7,54
121.75,13,10,4,9,10,3,10,23
121.75,23,8,19,1,9,2,1,6
121.76,67,3,12,7,9,5,12,87
121.77,45,4,7,9,5,0,8,46
121.77,32,16,12,4,7,11,6,32
121.78,22,13,17,1,3,0,2,7
121.78,45,90,22,33,6,9,12,16
121.78,122,7,12,20,15,6,13,49
121.79,43,18,30,11,19,6,6,35
121.8,51,39,41,9,4,4,0,25
121.8,6,2,19,13,16,11,12,92
121.81,16,3,49,23,38,3,9,104
121.81,53,36,12,21,18,3,25,119
121.81,49,19,22,3,22,6,8,40
121.82,20,29,48,16,2,14,15,17
121.83,43,27,30,13,16,6,13,6
121.83,18,46,19,8,22,15,13,15
121.83,2,55,24,15,33,14,10,1
121.84,60,7,20,9,2,3,3,43
121.84,78,4,27,7,1,1,2,18
121.85,82,12,15,1,1,1,3,27
121.86,10,4,5,8,19,3,5,8
121.86,23,27,10,3,3,7,11,21
121.86,78,6,18,13,5,7,27,19
121.87,77,18,14,1,7,4,7,7
121.88,72,22,6,16,1,2,1,5
121.88,28,47,10,2,5,12,2,5
121.89,16,43,5,14,4,4,9,25
121.89,23,6,5,3,9,2,3,4
121.89,44,59,10,1,5,7,3,33
121.9,23,34,11,4,1,8,7,22
121.91,60,3,4,12,8,5,2,20
121.91,8,29,8,1,5,6,6,14
121.92,42,3,0,10,20,11,10,21
121.92,50,26,5,38,47,13,12,20
121.92,18,36,30,4,5,2,2,8
121.93,22,26,18,3,2,0,7,26
121.94,3,10,6,3,2,2,2,1
121.94,56,14,0,5,7,6,14,50
121.94,30,13,6,3,1,5,7,20
121.95,0,8,0,4,9,5,5,22
121.95,4,8,7,1,8,0,3,9
121.96,26,11,12,1,5,5,2,9
121.97,44,7,2,3,4,4,15,36
121.97,10,24,13,1,14,24,37,10
121.97,79,50,12,8,21,37,97,37
121.98,5,1,11,3,2,14,16,31
121.98,3,5,6,13,3,7,2,13
121.99,6,16,24,47,9,3,28,13
122,30,12,22,49,6,12,36,23
122,29,16,19,1,3,8,35,7
122,5,24,79,79,19,21,1,13
122.01,20,1,14,11,0,4,8,2
122.02,0,4,8,2,3,16,13,2
122.02,1,10,25,15,9,3,1,10
122.03,2,13,35,45,10,14,14,5
122.03,14,2,13,1,1,2,17,1
122.03,4,2,29,46,2,5,2,10
122.04,7,9,67,69,6,6,9,0
122.05,2,5,25,37,7,9,8,2
122.05,5,5,2,28,8,7,13,3
122.06,7,18,40,60,15,3,18,7
122.06,6,2,37,42,3,1,3,22
122.06,4,3,63,24,1,3,0,8
122.07,14,3,24,36,11,6,14,5
122.08,5,5,14,5,2,1,12,1
122.08,7,2,9,25,7,5,3,6
122.08,6,3,28,15,3,3,4,1
122.09,6,0,4,16,4,2,1,0
122.09,4,7,39,24,5,6,3,11
122.1,4,6,9,31,2,0,2,5
122.11,3,9,61,46,8,7,1,1
122.11,9,23,92,44,16,12,10,4
122.11,0,8,8,11,4,6,4,0
122.12,3,3,5,14,6,4,6,5
122.12,0,5,10,27,4,6,1,1
122.13,1,5,35,52,4,1,3,5
122.14,3,16,45,75,17,14,9,8
122.14,1,6,13,32,7,5,3,1
122.14,2,19,63,59,6,8,4,4
122.15,14,7,42,20,3,5,4,2
122.16,16,0,19,31,1,2,1,0
122.16,13,19,88,70,8,10,27,4
122.17,4,2,32,24,2,1,42,6
122.17,1,6,1,21,7,4,12,0
122.17,0,7,28,19,4,2,0,2
122.18,16,21,8,55,11,8,5,5
122.19,12,4,66,50,1,1,1,1
122.19,9,23,68,18,13,4,8,7
122.19,6,28,3,101,30,14,3,9
122.2,10,2,37,64,6,6,8,2
122.2,3,8,19,58,12,11,14,1
122.21,6,21,54,56,14,0,5,5
122.22,9,2,10,38,3,7,2,2
122.22,1,5,6,17,2,2,12,3
122.22,1,3,24,32,2,0,1,4
122.23,4,7,21,35,2,3,1,4
122.23,16,16,51,39,11,5,8,6
122.24,5,4,51,46,1,0,7,5
122.25,6,1,50,10,0,4,11,3
122.25,4,12,20,89,14,9,6,4
122.25,2,9,26,49,13,6,5,0
122.26,6,6,20,13,8,1,6,1
122.27,5,5,17,10,2,4,1,2
122.27,6,8,17,41,8,9,5,4
122.28,2,1,22,13,3,3,4,2
122.28,4,3,3,1,0,5,3,2
122.28,2,7,48,33,4,1,1,0
122.29,7,14,33,27,10,5,2,0
122.3,1,2,28,52,5,4,3,10
122.3,4,0,65,24,1,7,1,5
122.31,4,2,62,8,8,6,2,2
122.31,5,2,40,9,1,1,0,3
122.31,3,12,11,72,11,5,2,6
122.32,1,5,6,34,1,5,2,4
122.33,2,0,32,27,2,2,1,2
122.33,5,12,48,48,14,6,5,0
122.33,1,12,6,26,1,1,0,4
122.34,0,3,49,44,4,4,2,1
122.34,11,17,90,36,10,5,4,6
122.35,6,4,15,4,0,0,4,1
122.36,2,6,20,14,4,4,2,1
122.36,0,3,23,7,7,4,6,5
122.36,2,4,4,26,2,7,5,2
122.37,3,1,4,12,8,3,0,1
122.38,1,7,49,22,11,4,5,5
122.38,1,1,74,43,10,9,6,11
122.39,5,4,13,2,4,2,5,2
122.39,5,0,13,14,0,2,0,1
122.39,2,10,42,44,14,8,4,0
122.4,1,1,18,6,1,2,3,0
122.41,3,7,34,15,8,4,3,0
122.41,6,9,91,83,11,6,7,0
122.42,22,37,63,84,39,23,17,5
122.42,3,14,14,3,3,3,2,5
122.42,3,3,11,11,0,5,4,1
122.43,3,10,7,32,3,10,7,6
122.44,2,7,33,18,2,2,5,0
122.44,20,16,82,46,9,7,4,4
122.44,3,2,13,26,4,6,1,0
122.45,14,25,27,76,19,13,15,9
122.45,12,16,20,2,7,3,4,0
122.46,17,13,12,9,13,14,11,16
122.47,29,6,7,4,15,6,1,11
122.47,53,10,44,11,35,11,14,29
122.47,39,4,2,12,0,4,6,11
122.48,1,3,3,27,1,4,3,5
122.48,2,7,12,10,0,3,3,8
122.49,55,6,34,3,7,7,7,22
122.5,55,23,16,33,10,12,9,37
122.5,71,15,35,11,13,6,15,40
122.5,46,12,23,33,18,20,25,69
122.51,9,4,5,33,13,2,7,43
122.52,3,3,34,25,2,4,4,8
122.52,55,9,21,9,8,10,15,40
122.53,6,2,6,9,5,6,3,14
122.53,16,0,11,2,5,8,4,20
122.53,9,1,6,27,7,0,5,36
122.54,33,16,5,6,1,5,9,75
122.55,2,7,26,40,19,14,5,0
122.55,7,7,6,2,10,2,2,10
122.56,6,2,6,7,3,7,6,9
122.56,3,4,14,3,6,5,5,1
122.56,6,8,12,5,1,3,2,29
122.57,2,6,10,13,3,3,4,18
122.58,3,9,21,8,7,1,9,17
122.58,16,13,12,9,2,3,1,1
122.58,8,12,62,81,12,10,9,24
122.59,11,19,53,103,23,18,12,2
122.59,72,34,27,18,9,11,16,33
122.6,28,19,46,30,11,9,10,8
122.61,2,3,46,12,2,4,4,12
122.61,2,4,34,0,4,4,2,0
122.61,7,6,2,8,0,3,4,12
122.62,7,3,36,5,5,5,12,40
122.62,0,10,92,12,10,9,1,12
122.63,1,11,35,23,3,3,2,4
122.64,15,1,5,4,2,2,4,0
122.64,17,6,20,6,1,4,2,36
122.64,30,1,16,26,8,1,6,36
122.65,65,3,28,2,6,4,0,29
122.66,25,20,4,1,4,1,5,26
122.66,10,2,1,12,17,3,0,5
122.67,27,10,13,11,10,3,9,45
122.67,72,28,5,5,11,9,10,54
122.67,50,22,7,1,13,10,13,51
122.68,26,2,49,10,4,5,8,47
122.69,51,18,29,13,3,7,8,48
122.69,4,10,21,24,1,1,1,22
122.69,87,36,13,9,17,13,24,87
122.7,8,39,46,1,1,3,2,36
122.7,84,56,12,60,52,25,23,76
122.71,2,34,2,2,3,16,28,76
122.72,79,24,28,13,3,1,4,10
122.72,41,6,30,1,9,5,14,57
122.72,127,52,47,22,23,17,24,127
122.73,5,6,16,5,2,7,2,70
122.73,9,25,56,4,21,6,20,74
122.74,82,19,18,24,15,8,6,15
122.75,47,1,8,2,9,1,8,45
122.75,93,44,4,12,6,25,26,112
122.75,62,6,5,23,34,19,30,91
122.76,88,39,19,10,21,3,15,9
122.77,84,11,3,1,1,1,10,80
122.77,26,18,30,20,14,3,11,107
122.78,58,49,40,15,1,7,6,89
122.78,125,46,3,15,0,1,2,7
122.78,30,7,22,0,3,1,1,11
122.79,76,41,78,22,12,4,8,18
122.8,109,31,72,7,8,4,4,5
122.8,87,17,1,2,0,1,4,6
122.81,10,4,7,10,0,2,6,8
122.81,44,1,5,10,5,1,4,15
122.81,9,13,9,4,7,4,3,22
122.82,12,12,10,4,14,2,2,26
122.83,15,19,16,3,3,3,6,6
122.83,26,17,3,1,3,1,4,23
122.83,21,6,12,10,4,2,2,7
122.84,9,3,1,4,3,4,4,15
122.84,11,7,5,1,6,7,1,5
122.85,15,15,16,2,1,7,9,29
122.86,5,3,19,2,5,1,4,6
122.86,26,8,0,10,1,3,2,21
122.86,48,25,23,6,7,13,8,19
122.87,18,4,8,5,6,2,6,9
122.88,18,5,11,0,9,11,9,14
122.88,47,6,7,31,1,7,1,12
122.89,40,13,30,6,6,1,7,18
122.89,15,14,77,84,13,6,3,7
122.89,0,0,26,0,4,1,4,6
122.9,12,4,19,0,1,3,5,0
122.91,32,3,14,66,1,4,4,8
122.91,16,0,1,32,2,8,1,6
122.92,4,7,26,7,1,3,3,2
122.92,10,4,25,24,4,11,2,2
122.92,10,12,31,60,10,5,2,9
122.93,2,3,2,35,12,3,2,2
122.94,3,14,29,49,8,15,4,4
122.94,6,3,16,26,5,1,0,10
122.94,8,3,3,3,1,4,1,2
122.95,10,10,19,44,1,5,1,11
122.95,14,5,33,21,7,2,2,0
122.96,7,1,3,18,1,8,1,14
122.97,14,8,44,126,9,1,3,12
122.97,0,2,28,43,7,1,1,2
122.97,16,10,2,19,11,2,7,2
122.98,6,4,21,30,2,0,0,2
122.98,12,8,4,14,4,1,0,6
122.99,3,15,118,96,10,1,2,4
123,20,33,93,64,20,10,6,8
123,8,2,26,4,0,3,0,5
123,1,12,46,7,1,4,4,4
123.01,1,22,63,87,17,8,6,3
123.02,4,3,62,16,1,8,1,2
123.02,0,16,35,30,15,5,8,6
123.03,4,1,3,11,7,3,4,3
123.03,7,3,4,22,2,2,1,2
123.03,9,14,32,49,15,8,5,2
123.04,3,3,16,79,3,1,1,1
123.05,2,4,15,13,3,2,0,3
123.05,0,1,44,57,0,2,3,8
123.06,10,8,5,37,13,4,3,10
123.06,9,10,45,40,8,11,4,5
123.06,7,4,12,19,6,2,3,2
123.07,1,6,6,30,17,4,1,1
123.08,10,2,73,40,7,9,1,7
123.08,33,25,66,54,21,8,8,2
123.08,3,14,48,47,17,21,7,41
123.09,1,6,10,32,1,0,4,15
123.09,7,0,30,97,19,5,1,2
123.1,14,10,41,4,10,4,4,7
123.11,0,6,18,9,1,4,2,7
123.11,1,3,44,1,9,4,4,3
123.11,0,3,24,18,3,6,2,1
123.12,0,9,53,45,4,5,4,1
123.12,10,24,61,76,18,13,8,2
123.13,3,0,12,37,2,0,0,4
123.14,0,0,10,10,4,1,0,1
123.14,1,4,5,8,1,3,2,7
123.14,7,14,19,32,8,8,3,8
123.15,6,2,27,45,3,1,1,0
123.16,19,28,66,87,18,12,9,10
123.16,9,11,10,15,6,1,2,0
123.17,1,3,11,4,1,9,1,6
123.17,10,12,39,58,12,3,4,4
123.17,8,25,89,122,22,2,4,2
123.18,3,4,126,11,6,4,3,6
123.19,10,26,100,82,20,6,8,1
123.19,3,11,43,59,13,5,6,12
123.19,5,15,104,72,11,6,5,4
123.2,0,2,40,12,7,2,3,9
123.2,0,6,5,30,7,4,2,1
123.21,4,7,39,15,4,5,5,6
123.22,3,7,25,38,14,3,5,1
123.22,1,5,5,5,0,3,4,1
123.22,1,2,16,20,1,2,0,1
123.23,3,5,14,8,1,4,2,2
123.23,0,3,5,2,2,2,0,0
123.24,2,0,14,24,1,0,0,5
123.25,2,1,3,21,4,4,1,2
123.25,5,6,12,18,5,3,13,11
123.25,20,7,2,2,8,2,2,9
123.26,32,27,71,127,28,13,19,9
123.27,50,66,86,92,52,31,52,27
123.27,10,1,6,39,2,0,4,7
123.28,3,16,50,75,10,8,2,3
123.28,5,6,6,31,13,5,2,1
123.28,24,26,20,40,27,14,18,14
123.29,26,4,28,40,4,3,1,19
123.3,7,15,13,28,6,8,4,2
123.3,28,19,29,17,14,9,4,2
123.31,6,5,48,38,0,3,3,17
123.31,44,28,34,68,11,10,19,27
123.31,0,6,12,22,3,8,6,3
123.32,11,13,10,21,13,6,15,8
123.33,22,18,32,39,10,3,7,5
123.33,15,16,11,27,7,3,7,6
123.33,15,29,30,53,29,13,15,8
123.34,7,13,5,47,7,7,2,4
123.34,5,14,8,5,11,9,11,8
123.35,8,8,5,25,12,2,6,0
123.36,6,6,29,16,7,2,2,2
123.36,9,15,35,9,13,2,5,4
123.36,0,13,41,8,11,7,12,5
123.37,15,11,23,80,5,5,9,30
123.38,6,3,35,5,6,4,3,14
123.38,11,9,40,6,7,2,3,5
123.39,1,4,18,34,2,0,0,8
123.39,10,2,14,2,5,0,2,10
123.39,0,2,11,12,5,0,1,2
123.4,12,7,24,27,20,2,0,0
123.41,4,7,1,21,13,6,6,1
123.41,6,8,7,47,13,5,12,6
123.42,1,11,34,85,13,4,2,2
123.42,18,32,113,109,20,9,13,3
123.42,6,13,32,45,8,7,3,0
123.43,2,3,94,70,7,6,0,5
123.44,2,1,60,22,1,1,1,1
123.44,3,1,40,6,7,2,1,3
123.44,3,4,26,5,3,5,0,6
123.45,4,0,32,19,4,3,0,3
123.45,1,2,12,7,7,4,5,3
123.46,3,4,19,25,2,2,2,3
123.47,3,5,4,8,8,5,5,3
123.47,4,3,9,27,3,1,3,7
123.47,0,3,2,29,1,1,4,1
123.48,2,2,6,33,1,4,5,5
123.48,1,0,20,4,0,2,1,3
123.49,6,2,34,5,1,3,2,4
123.5,10,1,12,18,11,1,2,1
123.5,26,7,6,21,12,3,0,4
123.5,60,16,9,7,6,11,10,10
123.51,21,12,8,13,5,10,5,10
123.52,8,3,33,22,2,1,0,2
123.52,18,15,38,87,27,12,7,6
123.53,23,18,91,101,24,5,3,7
123.53,17,4,6,5,11,16,10,12
123.53,30,11,16,4,11,0,7,1
123.54,32,1,33,4,8,10,9,13
123.55,5,5,20,12,5,8,5,14
123.55,73,35,25,1,6,8,1,11
123.56,28,13,0,21,13,9,10,12
123.56,67,17,13,9,6,1,9,31
123.56,82,24,14,24,11,11,11,6
123.57,117,30,0,1,9,8,5,25
123.58,92,25,8,2,15,12,18,63
123.58,91,63,22,42,15,26,18,54
123.58,55,16,22,18,11,2,4,7
123.59,87,53,9,6,6,8,20,24
123.59,46,35,11,3,12,21,6,42
123.6,49,12,32,24,1,16,20,42
123.61,128,99,21,11,20,24,24,75
123.61,85,21,12,25,21,32,45,111
123.61,66,4,11,34,2,2,14,95
123.62,34,35,18,20,11,13,13,34
123.62,116,81,25,16,3,25,29,69
123.63,60,25,29,3,1,3,3,36
123.64,33,13,11,32,0,24,33,57
123.64,12,9,11,28,6,6,7,23
123.64,36,19,66,48,18,3,8,8
123.65,11,21,1,18,15,12,21,38
123.66,24,11,4,18,19,1,0,52
123.66,85,3,16,15,5,19,43,49
123.67,1,19,22,35,4,2,10,36
123.67,33,10,1,10,2,5,2,10
123.67,5,7,13,8,4,3,15,32
123.68,67,1,9,7,1,8,8,24
123.69,4,6,23,8,6,0,9,29
123.69,7,9,15,6,3,2,5,13
123.69,60,33,14,7,1,4,4,6
123.7,13,1,1,5,6,3,1,16
123.7,11,44,34,21,3,6,15,37
123.71,6,10,17,4,25,7,2,3
123.72,10,15,35,26,2,2,2,5
123.72,3,14,14,2,11,10,5,1
123.72,2,9,33,1,10,11,8,8
123.73,12,16,12,22,4,2,3,13
123.73,0,11,1,7,10,2,5,36
123.74,17,5,11,14,9,2,1,7
123.75,62,32,1,4,18,12,11,3
123.75,33,16,11,7,6,15,15,31
123.75,76,9,8,8,3,3,1,4
123.76,32,10,5,2,7,4,1,3
123.77,35,52,5,2,4,6,3,4
123.77,1,8,7,7,9,9,8,9
123.78,25,17,6,2,6,7,7,2
123.78,74,27,2,2,3,1,4,13
123.78,4,4,3,10,0,3,6,30
123.79,102,64,13,6,7,7,4,18
123.8,86,35,10,10,5,9,6,17
123.8,98,36,7,25,35,8,6,15
123.81,46,5,1,8,4,5,6,13
123.81,0,10,4,0,10,3,2,5
123.81,29,6,2,15,16,4,4,2
123.82,42,23,3,8,8,8,4,20
123.83,83,31,12,17,10,13,22,39
123.83,31,27,2,6,6,3,2,6
123.83,4,4,23,23,9,3,0,9
123.84,4,2,8,12,4,0,2,1
123.84,7,2,2,1,3,3,3,6
123.85,19,11,6,8,3,1,1,0
123.86,58,38,2,1,3,2,2,2
123.86,25,5,8,9,4,5,8,12
123.86,27,25,6,5,4,10,8,10
123.87,64,0,1,6,3,7,7,0
123.88,44,12,5,9,6,1,1,5
123.88,3,0,7,5,3,1,3,1
123.89,13,6,5,5,3,1,5,3
123.89,37,6,17,12,2,0,1,2
123.89,21,4,18,9,3,4,2,3
123.9,1,2,4,0,7,8,0,5
123.91,18,18,7,6,8,9,12,14
123.91,23,11,2,8,4,2,7,14
123.92,41,26,4,51,19,12,12,20
123.92,30,16,28,22,12,5,8,4
123.92,11,6,8,28,4,2,3,16
123.93,6,10,5,11,3,5,12,14
123.94,24,1,39,51,13,10,2,15
123.94,22,21,84,58,16,7,4,6
123.94,20,8,39,95,23,20,38,21
123.95,4,64,70,78,60,36,56,22
123.95,8,7,97,78,7,12,5,7
123.96,17,20,74,58,16,5,7,0
123.97,11,3,8,46,15,4,29,10
123.97,9,15,11,56,11,12,13,2
123.97,25,54,128,119,34,17,33,15
123.98,2,3,54,73,8,1,5,15
123.98,44,55,126,111,40,21,0,15
123.99,51,38,76,56,22,12,7,11
124,28,24,108,65,15,7,7,1
124,69,37,36,24,23,15,11,5
124,1,19,10,74,15,14,16,3
124.01,31,57,104,127,41,22,18,1
124.02,11,16,37,37,18,14,5,15
124.02,9,8,5,32,10,3,1,0
124.03,15,14,23,9,13,8,6,11
124.03,9,9,43,93,13,1,1,20
124.03,0,11,34,46,8,12,9,0
124.04,2,7,17,12,3,3,4,6
124.05,19,20,23,49,22,17,14,11
124.05,8,6,7,3,8,1,6,5
124.06,4,3,10,15,4,3,6,1
124.06,6,4,33,61,3,0,1,9
124.06,11,21,39,28,16,10,19,17
124.07,8,13,72,75,9,4,4,4
124.08,0,5,12,18,2,4,7,3
124.08,4,34,52,102,26,15,15,3
124.08,1,1,11,32,4,4,2,9
124.09,3,1,27,23,3,0,5,10
124.09,8,17,5,69,30,21,6,4
124.1,3,12,30,77,21,11,6,0
124.11,5,7,11,47,7,1,7,9
124.11,2,8,28,20,9,3,4,7
124.11,23,7,15,59,6,4,2,20
124.12,15,2,37,29,8,7,1,29
124.12,4,15,89,100,21,10,5,8
124.13,18,4,48,14,4,5,24,25
124.14,5,6,18,51,0,6,42,14
124.14,5,1,8,26,6,1,2,5
124.14,1,12,34,60,6,2,3,2
124.15,8,4,62,40,3,3,7,2
124.16,6,5,13,23,10,2,6,8
124.16,23,6,22,6,5,2,3,7
124.17,55,34,27,31,25,15,24,7
124.17,15,13,50,11,0,4,1,5
124.17,4,8,49,19,11,12,10,4
124.18,3,3,27,15,8,14,5,2
124.19,11,0,45,18,4,2,7,1
124.19,12,23,110,110,21,7,6,2
124.19,18,28,106,85,34,9,3,9
124.2,6,10,6,1,6,2,1,5
124.2,7,2,44,43,5,6,4,1
124.21,2,9,17,75,14,7,0,2
124.22,9,1,7,2,1,1,5,0
124.22,21,18,124,93,19,11,5,12
124.22,4,16,32,54,18,17,9,1
124.23,11,8,18,0,12,5,0,6
124.23,1,16,59,74,20,11,11,7
124.24,2,9,23,20,0,5,2,0
124.25,0,9,4,17,7,3,2,3
124.25,2,9,27,21,5,3,5,2
124.25,0,9,70,29,6,5,8,17
124.26,1,9,28,11,6,2,3,7
124.27,10,5,19,5,4,6,2,5
124.27,2,0,21,2,7,0,1,3
124.28,12,16,39,85,18,12,5,9
124.28,10,14,20,44,16,12,4,10
124.28,5,18,38,99,15,10,1,1
124.29,21,44,84,128,41,20,17,18
124.3,8,18,48,89,18,12,12,6
124.3,3,2,6,33,1,4,1,3
124.31,4,2,9,54,0,1,0,6
124.31,11,17,69,34,12,3,3,2
124.31,4,1,33,12,5,3,2,7
124.32,10,19,24,70,22,11,8,1
124.33,4,11,34,9,11,8,4,1
124.33,1,5,12,15,3,1,3,3
124.33,8,12,27,29,13,5,3,5
124.34,8,21,105,105,24,10,6,1
124.34,9,22,117,79,21,4,2,2
124.35,14,24,28,44,26,17,14,5
124.36,6,14,41,87,18,6,8,1
124.36,6,8,27,19,13,0,9,2
124.36,2,3,9,33,5,2,2,4
124.37,6,1,5,4,3,4,1,4
124.38,7,2,16,29,5,6,3,1
124.38,9,11,38,37,14,6,8,3
124.39,12,19,67,89,16,4,3,7
124.39,13,15,1,29,1,3,4,2
124.39,14,6,27,6,1,2,1,2
124.4,8,2,5,3,5,3,6,8
124.41,1,2,4,11,3,3,8,3
124.41,4,18,11,20,3,3,5,19
124.42,8,6,14,8,7,10,3,6
124.42,2,17,40,20,3,1,0,9
124.42,8,2,68,36,4,0,14,18
124.43,18,1,72,23,1,8,7,11
124.44,25,8,27,73,21,7,1,2
124.44,16,29,83,128,60,24,5,6
124.44,5,1,37,61,19,1,9,1
124.45,3,7,26,20,13,1,6,3
124.45,6,7,14,3,5,5,4,9
124.46,0,10,37,20,14,1,0,1
124.47,4,0,38,12,2,4,1,1
124.47,3,11,37,2,5,0,0,3
124.47,4,14,54,26,17,0,2,6
124.48,3,2,2,12,4,5,5,5
124.48,6,6,66,36,2,0,1,1
124.49,7,6,30,22,7,12,1,3
124.5,4,12,24,45,6,4,5,0
124.5,8,6,6,6,2,1,0,5
124.5,5,8,6,6,5,1,2,4
124.51,17,6,3,31,3,0,3,3
124.52,30,4,23,12,5,8,6,9
124.52,10,1,4,16,7,7,3,3
124.53,2,2,2,42,2,3,10,5
124.53,15,1,23,39,4,3,2,7
124.53,45,22,9,1,14,4,5,7
124.54,1,13,28,17,28,0,8,9
124.55,91,29,68,23,3,6,8,42
124.55,5,11,67,22,1,0,3,0
124.56,15,6,29,5,2,3,1,1
124.56,8,9,4,1,17,1,5,7
124.56,38,14,9,7,5,10,5,27
124.57,6,2,6,4,4,2,2,24
124.58,29,16,6,24,8,12,17,16
124.58,16,9,24,0,7,10,11,11
124.58,42,4,6,18,12,8,3,7
124.59,7,1,2,9,15,11,11,32
124.59,34,15,2,4,15,10,10,14
124.6,14,5,24,21,13,2,7,6
124.61,77,20,3,4,15,2,0,8
124.61,6,5,3,26,58,5,0,14
124.61,102,67,75,31,18,15,20,19
124.62,40,22,39,8,7,14,8,15
124.62,91,44,11,11,34,15,20,30
124.63,16,16,0,20,9,2,8,16
124.64,8,33,21,8,18,7,5,14
124.64,36,22,61,13,35,1,2,4
124.64,32,8,11,8,3,1,1,7
124.65,54,24,9,0,20,8,11,26
124.66,15,11,0,5,6,8,8,21
124.66,3,8,25,10,19,1,6,5
124.67,38,19,61,19,21,15,20,22
124.67,6,2,13,0,6,1,2,0
124.67,79,18,8,3,1,1,2,1
124.68,28,14,4,1,8,2,10,9
124.69,13,21,6,1,17,1,1,4
124.69,23,2,13,14,10,7,9,16
124.69,50,27,4,5,9,1,7,28
124.7,42,8,2,4,7,8,6,1
124.7,48,2,6,18,5,0,5,15
124.71,73,3,1,21,1,2,0,9
124.72,32,6,24,11,17,3,15,23
124.72,78,24,25,11,15,14,23,97
124.72,44,24,7,7,9,8,3,8
124.73,51,18,21,8,22,0,10,20
124.73,51,36,21,3,19,16,14,12
124.74,67,4,51,10,14,3,5,20
124.75,64,19,0,6,5,4,7,5
124.75,8,21,34,1,5,1,3,6
124.75,92,26,6,2,11,3,10,26
124.76,54,16,32,3,3,3,2,6
124.77,38,1,12,10,7,4,7,17
124.77,15,4,9,8,0,3,3,16
124.78,19,2,11,7,0,8,20,39
124.78,3,3,35,2,1,5,1,8
124.78,117,20,7,4,3,2,7,22
124.79,128,49,8,3,4,0,9,17
124.8,39,42,39,14,8,11,5,43
124.8,54,14,35,8,4,0,10,18
124.81,64,1,3,12,15,2,2,7
124.81,105,31,34,18,24,2,2,4
124.81,106,88,8,7,6,11,7,5
124.82,1,3,14,4,5,2,2,5
124.83,27,14,1,11,4,1,2,2
124.83,64,20,10,10,6,6,6,11
124.83,5,18,1,3,2,8,5,20
124.84,48,12,13,3,11,8,5,7
124.84,5,2,1,0,1,3,3,6
124.85,42,7,10,10,2,1,7,19
124.86,16,16,9,6,6,0,2,10
124.86,22,3,17,5,13,7,2,6
124.86,61,19,23,9,18,4,11,19
124.87,51,24,4,3,4,16,5,8
124.88,38,1,3,1,11,3,9,28
124.88,47,22,9,6,1,14,6,8
124.89,19,9,30,21,6,0,3,4
124.89,22,18,20,15,5,23,11,12
124.89,47,10,15,37,1,6,7,17
124.9,2,9,59,37,6,7,0,3
124.91,7,3,13,26,3,5,3,10
124.91,98,11,25,38,8,1,3,21
124.92,46,8,55,8,5,10,5,18
124.92,31,29,64,71,24,21,20,26
124.92,32,18,25,13,8,4,12,38
124.93,14,3,23,79,3,3,1,2
124.94,9,6,31,41,8,13,5,2
124.94,7,22,7,37,7,10,11,24
124.94,2,1,48,28,3,4,0,10
124.95,1,2,52,14,7,1,9,10
124.95,3,1,96,60,4,6,1,11
124.96,0,26,100,92,20,17,3,6
124.97,9,11,25,30,10,2,4,13
124.97,4,12,48,47,13,2,0,0
124.97,19,12,28,49,5,2,6,9
124.98,1,4,52,63,1,3,5,4
124.98,6,9,31,4,6,2,1,2
124.99,5,12,52,32,2,5,2,4
125,13,7,25,60,8,5,2,1
125,16,19,74,63,7,1,1,2
125,2,14,128,119,13,5,1,1
125.01,7,15,95,17,8,1,1,2
125.02,5,16,33,3,7,2,5,11
125.02,9,6,13,22,7,2,2,7
125.03,5,5,15,17,1,1,1,3
125.03,2,7,24,19,2,1,5,0
125.03,4,12,17,2,3,0,2,1
125.04,1,5,47,50,13,12,6,2
125.05,1,0,46,36,3,2,1,0
125.05,5,4,20,16,5,3,11,1
125.06,7,1,23,4,2,2,3,1
125.06,9,9,27,45,14,9,0,3
125.06,3,5,50,9,5,1,0,4
125.07,8,26,65,77,42,22,13,2
125.08,22,17,29,27,9,6,8,26
125.08,7,5,50,28,2,0,0,0
125.08,1,1,21,27,0,2,6,3
125.09,12,16,20,49,11,11,4,5
125.09,0,4,12,18,17,2,7,5
125.1,11,9,23,80,28,7,5,5
125.11,0,10,12,11,2,3,2,8
125.11,0,8,32,10,9,1,1,4
125.11,0,2,4,32,3,1,0,3
125.12,1,8,27,36,3,1,2,1
125.12,8,1,63,77,4,2,1,3
125.13,6,3,17,12,1,2,5,2
125.14,18,16,30,29,14,9,8,9
125.14,13,7,39,59,18,5,8,5
125.14,6,1,10,13,1,1,1,1
125.15,9,4,18,11,0,4,2,1
125.16,8,15,19,28,25,19,10,15
125.16,11,14,50,27,13,4,5,2
125.17,2,5,3,16,4,1,1,3
125.17,2,5,12,3,7,0,1,11
125.17,6,13,48,25,6,1,4,2
125.18,0,3,41,11,5,5,3,6
125.19,20,17,21,58,16,4,5,2
125.19,11,9,11,60,11,0,2,0
125.19,12,0,1,18,2,2,1,13
125.2,14,10,47,6,10,10,5,9
125.2,11,8,39,41,5,3,4,2
125.21,4,7,3,2,5,4,2,2
125.22,5,7,17,19,1,3,0,1
125.22,3,1,39,9,2,3,1,0
125.22,15,21,48,17,15,14,8,5
125.23,6,7,37,3,3,9,3,6
125.23,15,27,57,103,27,13,9,4
125.24,17,36,46,63,31,11,9,5
125.25,10,15,42,84,16,7,6,2
125.25,1,6,35,31,7,4,0,8
125.25,6,0,1,30,5,2,1,7
125.26,6,19,30,60,9,5,4,6
125.27,12,16,58,85,6,3,2,5
125.27,3,1,13,44,3,0,0,2
125.28,0,0,5,20,2,5,1,1
125.28,1,0,20,15,1,4,1,2
125.28,7,12,9,57,16,5,8,5
125.29,7,11,11,52,14,5,1,5
125.3,4,7,41,31,6,10,3,1
125.3,5,15,30,35,7,5,1,3
125.31,8,5,27,15,9,3,0,0
125.31,9,1,3,35,2,1,1,0
125.31,8,3,50,46,3,1,1,0
125.32,4,26,55,55,3,3,6,2
125.33,11,5,51,12,8,1,1,2
125.33,25,6,10,2,4,0,3,9
125.33,11,5,13,22,10,1,2,20
125.34,19,12,27,50,12,2,6,2
125.34,2,31,58,26,4,1,6,9
125.35,26,13,107,9,6,7,3,54
125.36,4,7,60,12,0,5,23,94
125.36,19,23,41,47,9,6,10,41
125.36,20,2,21,37,1,4,0,2
125.37,10,3,32,3,2,3,7,14
125.38,16,7,11,3,3,4,1,17
125.38,18,2,11,64,5,1,2,10
125.39,6,6,23,30,5,1,6,18
125.39,3,1,8,2,1,5,3,9
125.39,5,17,30,51,21,6,4,23
125.4,4,9,22,36,6,0,0,6
125.41,3,5,18,29,2,7,1,10
125.41,8,4,5,10,3,11,6,14
125.42,5,3,12,16,4,1,2,9
125.42,8,4,49,5,3,1,1,7
125.42,6,10,26,21,2,1,1,1
125.43,14,10,3,15,13,6,8,23
125.44,2,2,2,15,7,4,6,9
125.44,14,13,34,42,9,9,4,11
125.44,13,22,87,66,31,14,9,0
125.45,14,10,1,2,1,4,0,12
125.45,1,3,27,3,8,3,4,18
125.46,10,1,5,13,2,0,2,5
125.47,3,5,6,41,7,3,3,3
125.47,11,10,40,22,6,1,1,9
125.47,2,16,67,11,13,5,4,10
125.48,8,9,17,15,7,4,1,3
125.48,4,1,53,10,10,2,1,4
125.49,20,5,7,7,2,5,0,18
125.5,17,7,15,19,12,7,11,17
125.5,39,5,24,4,14,4,5,7
125.5,28,6,11,10,7,8,6,22
125.51,10,10,28,5,6,5,4,7
125.52,13,2,22,13,8,3,5,15
125.52,65,9,13,0,6,14,16,44
125.53,33,6,43,22,1,12,4,85
125.53,56,17,42,5,10,12,25,89
125.53,100,40,52,40,21,19,24,33
125.54,14,9,28,15,6,12,7,84
125.55,30,10,7,4,8,7,16,38
125.55,47,7,21,6,16,16,17,52
125.56,54,10,42,16,4,14,9,41
125.56,26,5,39,4,27,1,5,8
125.56,10,20,5,15,5,1,2,27
125.57,13,8,6,11,8,1,7,25
125.58,4,4,16,2,2,2,3,2
125.58,96,34,29,14,31,11,16,51
125.58,74,46,56,8,1,3,9,1
125.59,88,23,42,27,36,21,27,47
125.59,84,28,25,10,9,16,18,28
125.6,84,48,1,23,5,23,16,11
125.61,85,36,42,15,7,0,9,26
125.61,74,30,2,14,19,15,21,55
125.61,70,10,11,9,4,15,22,63
125.62,7,8,32,10,2,8,3,37
125.62,30,4,55,15,8,3,12,14
125.63,20,8,51,12,5,0,8,32
125.64,22,18,0,17,26,5,1,9
125.64,6,1,9,5,4,1,0,4
125.64,3,8,8,12,4,1,1,11
125.65,5,13,64,12,7,5,3,55
125.66,1,15,48,10,5,5,0,37
125.66,8,19,3,2,1,4,14,99
125.67,52,4,35,11,6,5,3,19
125.67,15,15,4,4,1,13,8,8
125.67,34,12,46,24,10,9,7,3
125.68,10,9,16,14,15,4,0,45
125.69,65,49,1,2,28,0,5,11
125.69,112,55,17,25,47,16,5,27
125.69,52,22,5,3,12,2,2,13
125.7,37,5,18,19,5,3,2,16
125.7,36,1,20,9,7,4,1,1
125.71,37,24,3,28,19,7,7,50
125.72,2,5,39,23,26,1,3,32
125.72,30,11,32,6,1,5,0,23
125.72,5,6,22,5,8,5,5,39
125.73,34,30,1,17,4,1,11,61
125.73,51,40,12,18,13,10,13,8
125.74,94,18,7,6,11,1,7,65
125.75,128,23,1,15,12,7,12,66
125.75,86,7,20,12,12,6,14,72
125.75,14,12,11,7,5,5,7,17
125.76,25,20,21,5,2,0,1,5
125.77,40,11,38,8,9,1,4,41
125.77,57,5,24,6,0,1,7,25
125.78,21,25,17,13,4,7,16,31
125.78,1,26,4,3,3,3,4,2
125.78,7,2,22,8,6,3,2,2
125.79,11,11,25,7,29,1,10,40
125.8,18,20,16,5,15,6,3,45
125.8,43,2,11,1,3,1,11,52
125.81,26,6,12,4,6,1,4,15
125.81,3,12,10,1,0,4,0,10
125.81,4,20,30,2,6,2,10,20
125.82,6,10,9,4,7,1,1,14
125.83,26,8,12,2,4,5,1,13
125.83,1,5,3,1,6,7,4,26
125.83,13,5,12,3,3,3,7,35
125.84,20,10,4,2,3,6,5,1
125.84,10,12,0,2,6,3,1,13
125.85,10,6,2,3,0,4,1,14
125.86,3,9,9,1,5,3,1,4
125.86,35,15,13,7,6,6,2,7
125.86,4,8,7,1,4,1,0,9
125.87,10,2,8,3,0,5,3,2
125.88,2,11,1,3,1,8,1,15
125.88,16,14,7,0,1,1,1,13
125.89,37,0,14,1,3,1,0,8
125.89,1,10,0,1,8,5,4,14
125.89,46,13,6,4,4,7,9,28
125.9,1,3,20,1,4,2,6,14
125.91,4,3,7,4,0,1,2,1
125.91,6,0,9,5,1,4,2,10
125.92,14,8,11,3,7,2,8,28
125.92,6,1,15,19,1,4,3,2
125.92,30,1,28,42,11,3,0,2
125.93,83,15,11,2,6,6,6,2
125.94,2,11,25,20,6,2,6,11
125.94,3,1,16,30,1,0,3,2
125.94,8,3,8,23,3,1,0,2
125.95,8,6,14,9,2,0,2,2
125.95,3,22,88,59,14,13,1,1
125.96,6,5,65,46,2,5,8,8
125.97,57,48,48,90,41,31,19,35
125.97,21,5,52,8,0,0,2,6
125.97,1,6,1,1,1,4,1,11
125.98,19,15,85,60,14,12,7,17
125.98,2,11,2,33,15,12,7,5
125.99,17,11,22,10,3,5,3,14
126,22,6,63,44,9,4,4,1
126,32,3,31,54,10,8,6,11
126,1,3,52,30,5,3,1,6
126.01,4,10,12,11,6,0,4,8
126.02,0,8,21,3,3,3,3,4
126.02,7,3,43,51,4,4,2,0
126.03,2,3,60,50,10,14,6,3
126.03,13,6,24,51,4,6,1,15
126.03,15,33,78,103,24,15,8,15
126.04,1,7,11,26,7,9,2,8
126.05,7,16,72,50,15,11,5,9
126.05,33,18,15,37,11,2,3,1
126.06,32,10,51,22,4,1,3,1
126.06,5,2,35,33,1,2,1,11
126.06,4,14,51,87,19,4,7,6
126.07,8,4,44,16,2,2,1,5
126.08,8,6,22,16,1,0,0,3
126.08,13,11,18,18,12,4,7,20
126.08,25,12,56,1,3,6,7,34
126.09,0,3,6,4,11,4,2,5
126.09,12,18,21,71,16,9,3,3
126.1,38,55,101,102,50,19,19,10
126.11,23,9,52,31,6,5,0,8
126.11,13,11,25,14,2,1,4,10
126.11,4,6,26,44,11,8,3,2
126.12,6,23,40,20,12,2,1,0
126.12,1,3,6,13,3,2,2,0
126.13,2,6,60,5,9,6,4,1
126.14,2,3,46,65,6,9,2,1
126.14,0,3,33,24,4,5,3,5
126.14,0,3,4,20,6,7,1,6
126.15,9,19,41,84,22,9,8,3
126.16,3,8,70,29,6,4,3,6
126.16,2,12,39,21,7,4,2,5
126.17,3,6,33,73,17,2,4,8
126.17,1,13,71,112,16,3,2,3
126.17,19,37,128,128,37,12,11,7
126.18,11,19,25,99,19,10,6,3
126.19,1,11,58,85,12,12,7,4
126.19,8,24,43,122,23,17,13,9
126.19,9,13,61,69,16,8,2,0
126.2,7,4,34,17,1,1,0,6
126.2,2,2,40,14,8,5,2,3
126.21,1,6,30,3,2,1,0,5
126.22,3,5,5,5,9,3,2,3
126.22,0,3,46,59,5,4,4,0
126.22,1,1,17,5,2,2,2,1
126.23,4,20,44,56,19,13,8,3
126.23,15,23,91,74,20,6,1,5
126.24,9,7,41,2,9,8,2,4
126.25,1,9,1,27,5,3,3,5
126.25,12,20,42,98,27,13,6,9
126.25,2,6,31,28,16,5,2,4
126.26,2,6,16,29,2,5,5,1
126.27,6,2,24,32,0,1,1,2
126.27,1,0,0,15,2,0,0,2
126.28,4,10,10,75,15,6,4,8
126.28,2,22,52,115,17,6,9,8
126.28,1,2,4,16,5,2,0,1
126.29,3,3,12,28,3,2,1,1
126.3,4,9,62,37,10,5,5,5
126.3,2,5,51,28,0,2,1,1
126.31,9,13,6,3,2,3,4,2
126.31,0,6,5,28,4,1,1,0
126.31,8,21,46,72,20,16,8,9
126.32,5,11,10,56,13,7,7,3
126.33,6,14,13,43,12,2,1,2
126.33,4,4,20,55,4,1,0,1
126.33,1,5,22,47,6,0,3,2
126.34,5,8,34,9,7,3,4,2
126.34,2,2,9,29,2,6,1,1
126.35,2,6,30,23,4,1,1,1
126.36,4,11,44,64,15,6,5,1
126.36,2,0,24,19,4,4,0,1
126.36,1,1,8,32,6,1,2,0
126.37,0,1,6,29,4,1,2,0
126.38,2,1,11,68,10,9,1,1
126.38,1,6,20,31,7,8,2,0
126.39,1,5,28,34,4,3,2,10
126.39,7,11,12,40,9,7,4,3
126.39,4,12,39,57,8,3,3,0
126.4,4,11,14,68,5,7,0,2
126.41,2,6,36,14,7,6,4,7
126.41,1,4,3,55,0,5,0,1
126.42,5,2,18,32,4,2,3,0
126.42,8,10,10,2,23,1,0,4
126.42,1,1,22,3,5,2,1,2
126.43,4,3,12,7,5,2,5,4
126.44,1,7,11,29,4,1,0,1
126.44,3,5,1,7,17,7,1,3
126.44,10,11,10,34,25,4,4,3
126.45,0,7,28,0,1,4,0,3
126.45,1,1,12,2,0,6,3,1
126.46,1,3,14,24,7,2,1,1
126.47,3,0,16,24,6,5,3,0
126.47,1,6,6,10,8,3,1,2
126.47,5,0,10,21,7,1,2,1
126.48,5,12,2,8,8,8,8,4
126.48,3,8,15,20,11,0,0,2
126.49,4,3,0,14,8,2,2,1
126.5,2,1,8,5,6,1,1,0
126.5,2,7,22,49,9,5,2,2
126.5,8,13,12,68,17,14,7,3
126.51,2,1,17,21,3,2,0,2
126.52,1,10,12,20,2,4,4,1
126.52,4,11,35,4,5,4,1,1
126.53,3,11,43,7,11,11,7,7
126.53,1,6,5,36,7,3,1,1
126.53,0,3,16,17,7,2,0,1
126.54,2,1,36,13,7,4,1,1
126.55,2,4,30,13,7,5,0,0
126.55,1,1,23,30,7,2,6,2
126.56,1,3,16,12,1,0,2,3
126.56,1,7,59,62,4,3,0,0
126.56,3,5,17,57,4,1,3,1
126.57,4,2,15,26,12,3,6,0
126.58,2,2,32,6,1,3,0,0
126.58,2,0,5,7,1,4,0,0
126.58,1,2,30,27,13,5,6,3
126.59,1,2,20,14,1,6,2,1
126.59,8,14,8,81,25,11,7,6
126.6,1,1,5,5,1,1,3,1
126.61,19,10,3,13,10,5,2,11
126.61,34,12,32,26,2,8,2,23
126.61,55,12,65,12,9,10,13,26
126.62,42,6,29,6,1,12,8,29
126.62,9,6,3,3,2,0,2,3
126.63,7,6,26,9,2,3,3,6
126.64,39,9,6,5,5,4,8,20
126.64,39,7,24,2,3,1,1,9
126.64,63,3,47,8,9,2,6,14
126.65,2,3,1,30,0,4,3,12
126.66,11,6,15,8,1,2,2,1
126.66,7,3,6,9,2,2,2,5
126.67,43,14,16,16,2,3,0,5
126.67,22,3,39,6,0,1,4,5
126.67,7,6,16,3,4,4,7,0
126.68,45,0,42,6,2,1,3,6
126.69,34,21,3,25,3,2,0,2
126.69,29,80,54,59,18,5,7,6
126.69,93,11,94,9,14,16,8,13
126.7,64,23,73,33,0,12,5,30
126.7,112,10,7,19,10,8,8,20
126.71,91,63,36,43,19,17,12,30
126.72,60,39,63,9,5,14,2,21
126.72,84,92,7,10,20,24,23,47
126.72,15,15,1,28,7,14,0,29
126.73,65,2,10,16,11,1,8,8
126.73,99,26,6,18,30,18,13,26
126.74,31,34,4,19,12,15,8,36
126.75,52,10,29,3,3,3,6,5
126.75,6,12,81,15,1,6,5,17
126.75,42,1,24,2,16,9,12,38
126.76,40,27,10,2,1,8,15,92
126.77,12,15,5,9,5,2,9,36
126.77,7,31,30,8,2,2,1,14
126.78,51,2,59,14,5,0,6,21
126.78,40,34,24,7,1,3,5,13
126.78,50,38,9,13,9,6,12,60
126.79,15,6,11,10,14,12,5,29
126.8,78,31,10,4,5,6,2,29
126.8,88,37,10,4,6,1,4,40
126.81,4,5,27,16,4,4,2,8
126.81,27,25,15,7,1,6,4,14
126.81,13,2,23,0,3,1,1,45
126.82,29,8,2,11,4,0,0,24
126.83,31,6,6,8,2,0,4,2
126.83,29,15,11,3,9,3,3,6
126.83,38,11,19,6,4,0,7,51
126.84,13,9,7,8,1,14,3,68
126.84,7,1,23,8,4,6,8,19
126.85,32,13,26,7,7,8,15,65
126.86,59,11,2,5,14,11,4,19
126.86,64,12,11,11,2,6,8,51
126.86,8,10,27,6,1,4,6,27
126.87,55,36,15,3,5,2,3,14
126.88,39,9,2,4,7,4,3,10
126.88,88,53,10,21,4,12,9,4
126.89,5,6,4,6,2,5,3,6
126.89,24,14,27,2,2,15,6,11
126.89,36,18,5,3,3,2,2,22
126.9,57,50,7,5,3,1,1,4
126.91,15,17,3,26,11,8,9,32
126.91,81,1,16,3,8,4,0,30
126.92,27,11,33,2,4,3,8,7
126.92,29,7,10,9,5,6,3,48
126.92,32,17,17,8,10,7,14,42
126.93,15,31,13,4,2,1,1,11
126.94,1,9,10,5,5,5,4,7
126.94,41,21,8,12,9,8,5,16
126.94,31,4,10,2,4,2,6,9
126.95,20,33,13,7,10,1,1,15
126.95,0,1,2,2,4,2,2,9
126.96,21,22,10,17,8,4,2,7
126.97,34,22,10,0,1,1,1,7
126.97,11,4,8,1,11,3,6,23
126.97,3,2,18,5,9,6,2,1
126.98,4,5,33,6,0,6,2,0
126.98,22,17,2,5,2,1,1,0
126.99,19,3,24,3,3,4,0,17
127,7,1,4,5,5,1,4,21
127,15,20,13,1,0,1,1,4
127,76,24,10,7,0,8,10,4
127.01,29,3,12,6,3,3,1,6
127.02,20,3,6,3,4,2,3,15
127.02,7,2,18,1,2,2,1,3
127.03,43,1,31,0,0,3,6,12
127.03,3,8,6,4,3,1,4,4
127.03,17,4,21,7,2,1,2,6
127.04,12,5,19,5,6,10,2,8
127.05,46,0,54,14,1,6,3,5
127.05,3,2,18,7,1,1,2,6
127.06,3,1,12,11,3,7,3,9
127.06,1,7,42,2,0,2,1,16
127.06,2,12,3,10,2,8,1,3
127.07,3,1,10,11,1,5,1,7
127.08,8,2,35,19,2,1,2,3
127.08,7,12,19,36,9,17,7,12
127.08,4,5,31,4,7,4,0,1
127.09,10,9,63,13,3,6,2,7
127.09,4,8,5,20,6,5,2,1
127.1,16,0,55,16,3,4,4,6
127.11,4,15,18,44,17,8,7,3
127.11,2,5,8,21,5,4,2,1
127.11,3,3,15,6,0,0,0,4
127.12,1,6,35,41,9,5,0,3
127.12,11,9,20,12,3,2,1,7
127.13,5,5,64,12,10,2,5,3
127.14,7,9,5,9,3,6,4,6
127.14,4,2,34,10,5,2,1,10
127.14,3,2,9,3,4,0,1,4
127.15,4,2,3,1,3,4,5,1
127.16,0,1,8,2,1,2,2,1
127.16,2,7,12,18,2,2,2,2
127.17,1,5,35,7,2,1,0,2
127.17,2,7,26,24,4,9,2,6
127.17,1,0,3,18,2,0,1,2
127.18,2,15,44,58,11,8,3,4
127.19,4,8,2,6,7,9,4,2
127.19,8,39,48,94,33,28,16,10
127.19,1,1,9,29,3,6,2,3
127.2,1,0,7,47,2,3,7,1
127.2,19,34,127,127,32,20,7,13
127.21,10,34,80,57,22,19,15,23
127.22,5,24,72,103,31,16,8,10
127.22,33,2,44,40,4,5,35,3
127.22,1,6,12,54,4,4,35,9
127.23,7,28,64,79,23,17,13,3
127.23,6,0,8,59,9,5,9,10
127.24,1,10,88,42,19,12,8,1
127.25,2,5,35,62,2,0,14,4
127.25,8,10,2,81,22,11,6,16
127.25,6,8,2,1,4,6,2,5
127.26,13,3,52,1,2,5,2,1
127.27,13,0,2,13,2,18,0,18
127.27,8,10,45,70,16,14,3,11
127.28,5,5,49,22,2,5,8,1
127.28,8,15,31,34,16,4,3,7
127.28,8,29,101,90,34,13,7,10
127.29,1,4,23,35,7,2,2,4
127.3,9,5,30,10,4,3,1,4
127.3,26,14,72,76,13,7,4,9
127.31,5,37,95,88,45,23,11,7
127.31,3,2,13,82,11,1,6,4
127.31,6,7,45,57,8,9,4,8
127.32,10,5,45,27,2,2,8,8
127.33,9,11,56,76,19,10,9,3
127.33,1,7,13,25,3,4,1,2
127.33,13,9,12,61,13,13,11,7
127.34,6,2,6,17,3,3,1,3
127.34,3,1,12,40,3,1,7,33
127.35,11,2,2,3,2,4,9,59
127.36,1,4,15,55,8,1,0,4
127.36,3,7,58,38,11,3,2,6
127.36,5,18,46,50,15,9,5,9
127.37,1,8,28,8,12,10,5,17
127.38,5,3,27,8,4,0,1,3
127.38,0,5,3,1,7,5,5,4
127.39,3,12,4,68,17,5,3,7
127.39,0,0,4,49,9,4,2,9
127.39,9,14,51,41,16,1,5,9
127.4,0,13,7,20,7,13,2,4
127.41,3,6,47,9,10,4,3,4
127.41,3,9,1,51,19,5,4,7
127.42,1,3,3,26,3,8,1,8
127.42,2,1,2,22,5,1,4,6
127.42,7,7,8,31,4,2,0,7
127.43,5,3,8,42,5,1,0,6
127.44,3,8,3,3,2,6,3,4
127.44,6,3,26,28,5,3,3,4
127.44,7,3,21,32,3,6,1,8
127.45,0,4,47,20,7,1,3,6
127.45,1,1,15,18,0,2,2,2
127.46,5,11,13,59,12,13,9,7
127.47,5,1,7,4,1,1,6,3
127.47,1,3,23,28,3,1,1,0
127.47,2,3,0,6,2,0,2,2
127.48,2,4,9,29,4,8,1,1
127.48,3,10,37,71,17,8,5,5
127.49,1,3,16,7,2,4,4,2
127.5,2,4,11,2,3,1,2,3
127.5,2,6,16,17,7,6,2,6
127.5,7,4,93,79,4,3,4,6
127.51,3,2,40,7,1,1,1,3
127.52,3,4,16,50,7,5,3,0
127.52,4,0,11,51,3,5,1,0
127.53,5,5,47,63,5,0,3,1
127.53,0,2,28,8,2,1,3,1
127.53,4,5,28,57,7,3,3,2
127.54,3,6,12,3,1,0,3,1
127.55,5,9,14,37,9,1,2,0
127.55,1,2,22,12,1,3,2,4
127.56,3,4,0,33,6,7,2,2
127.56,5,11,33,8,12,5,3,4
127.56,0,5,11,45,9,8,1,2
127.57,3,0,10,5,0,2,1,3
127.58,3,2,10,16,5,2,2,2
127.58,1,1,0,7,4,3,5,3
127.58,2,3,1,19,14,4,1,1
127.59,3,2,8,9,4,1,2,1
127.59,3,6,29,10,10,5,6,0
127.6,5,10,12,38,6,3,4,0
127.61,3,2,24,10,8,6,3,1
127.61,3,1,11,14,8,4,2,1
127.61,3,2,3,21,1,5,4,2
127.62,4,8,9,11,10,3,1,0
127.62,1,3,6,19,9,4,1,0
127.63,3,7,33,31,3,0,2,2
127.64,8,20,34,61,15,6,6,4
127.64,3,2,11,8,3,7,2,2
127.64,0,2,2,2,2,3,1,2
127.65,0,8,30,26,14,8,6,2
127.66,5,1,13,3,6,1,1,3
127.66,0,8,7,21,6,0,5,2
127.67,15,5,16,15,1,2,3,1
127.67,4,2,2,22,7,8,3,2
127.67,1,3,7,17,5,10,0,3
127.68,2,2,7,7,1,6,7,4
127.69,8,5,3,11,8,2,2,14
127.69,7,6,6,10,7,4,4,10
127.69,9,8,21,13,7,11,7,7
127.7,3,6,23,14,7,1,4,1
127.7,16,7,4,5,15,4,8,14
127.71,50,7,10,20,14,12,7,13
127.72,62,10,19,19,67,11,8,10
127.72,10,7,26,16,2,24,32,36
127.72,65,1,26,13,5,24,24,44
127.73,21,8,89,22,22,1,23,74
127.73,39,16,58,2,16,16,2,28
127.74,25,36,53,1,8,4,9,35
127.75,8,35,25,2,0,6,2,22
127.75,11,4,7,9,18,5,8,33
127.75,16,3,1,14,11,4,11,21
127.76,23,11,31,5,7,4,4,30
127.77,17,5,8,2,3,0,2,8
127.77,21,5,26,9,10,5,0,14
127.78,6,13,6,16,3,6,4,20
127.78,16,9,16,16,16,12,13,29
127.78,5,4,13,4,6,3,3,22
127.79,7,2,30,11,1,1,0,13
127.8,27,5,33,5,15,1,2,1
127.8,31,21,15,22,11,11,14,4
127.81,14,21,13,4,3,2,13,19
127.81,20,4,18,11,24,14,7,14
127.81,15,11,20,4,25,2,7,2
127.82,23,7,33,18,0,7,6,1
127.83,14,2,4,23,5,2,4,13
127.83,2,10,24,11,1,4,10,5
127.83,24,9,2,1,3,0,6,11
127.84,56,23,10,3,6,3,7,93
127.84,31,27,16,1,15,17,33,89
127.85,54,6,5,11,1,7,4,56
127.86,18,12,8,0,3,1,0,37
127.86,28,3,13,8,1,4,5,3
127.86,35,0,1,4,3,0,12,44
127.87,29,2,13,6,7,3,5,24
127.88,0,16,19,7,2,0,1,20
127.88,26,17,2,2,8,1,1,18
127.89,6,13,1,5,4,3,0,10
127.89,19,24,1,2,1,0,1,23
127.89,26,4,2,6,2,2,2,14
127.9,35,30,11,4,5,9,6,2
127.91,65,12,15,2,15,10,2,25
127.91,6,15,31,32,0,0,1,34
127.92,9,14,2,1,4,5,8,4
127.92,59,5,45,25,1,3,8,31
127.92,22,10,44,1,6,1,5,34
127.93,12,11,2,13,8,4,6,7
127.94,5,4,25,0,1,3,3,2
127.94,36,22,9,6,2,1,5,6
127.94,14,16,23,23,1,3,6,20
127.95,11,9,1,1,0,5,7,5
127.95,3,9,4,3,9,4,5,15
127.96,66,16,13,23,17,9,6,2
127.97,11,18,1,10,7,2,5,7
127.97,33,6,4,10,7,0,4,19
127.97,10,10,11,1,6,5,8,38
127.98,5,13,29,6,7,1,7,24
127.98,16,5,10,1,6,10,19,21
127.99,67,5,19,11,6,6,0,17
128,3,9,14,6,8,5,5,3
128,86,18,4,11,18,7,7,18
128,8,11,12,20,28,6,1,15
128.01,21,35,15,6,3,4,9,24
128.01,52,19,25,11,6,3,5,33
128.02,1,18,16,2,4,5,6,33
128.03,80,32,28,21,8,4,11,17
128.03,31,14,8,4,0,0,3,9
128.03,77,37,4,10,15,5,7,1
128.04,17,17,17,6,1,5,3,12
128.04,1,17,63,8,4,0,4,7
128.05,14,1,11,10,7,2,0,1
128.06,10,2,17,15,5,3,5,11
128.06,19,1,10,5,8,5,5,7
128.06,20,13,7,8,2,4,8,14
128.07,52,8,5,0,4,4,0,8
128.07,4,28,6,4,2,6,14,40
128.08,12,9,22,8,4,4,5,2
128.09,5,5,3,12,10,3,8,16
128.09,18,3,16,14,0,0,1,13
128.09,7,1,15,9,4,3,6,20
128.1,2,7,13,11,10,3,4,5
128.1,18,9,4,7,2,0,2,15
128.11,11,8,13,12,2,1,2,1
128.12,7,5,1,2,1,0,2,12
128.12,3,14,4,20,4,0,5,4
128.12,7,11,4,10,1,3,3,1
128.13,4,8,15,8,3,1,1,8
128.13,0,7,3,18,4,1,2,5
128.14,6,13,90,84,12,4,4,1
128.15,10,14,58,36,6,1,2,9
128.15,16,37,66,111,32,21,12,15
128.16,14,3,43,38,5,3,4,2
128.16,1,4,38,26,0,3,7,15
128.16,4,7,39,28,6,6,3,1
128.17,4,7,3,50,10,4,3,5
128.18,1,1,25,5,3,2,2,19
128.18,9,8,16,23,3,5,14,4
128.19,21,5,48,51,4,2,4,9
128.19,37,20,28,10,8,12,7,30
128.19,10,6,75,91,13,8,4,20
128.2,10,15,27,73,9,10,7,6
128.21,18,6,31,19,4,10,14,21
128.21,0,11,61,56,15,3,5,11
128.22,0,10,45,80,14,5,6,7
128.22,1,16,19,13,14,7,16,10
128.22,7,18,20,61,9,12,1,7
128.23,11,26,43,69,14,18,5,5
128.24,20,29,13,38,17,14,12,16
128.24,5,3,19,6,4,1,5,1
128.25,7,9,58,53,3,4,6,5
128.25,11,13,107,62,9,1,1,7
128.25,13,5,87,11,4,9,2,8
128.26,3,16,69,81,6,8,1,7
128.26,15,18,29,52,23,17,3,6
128.27,2,10,13,12,0,0,1,7
128.28,20,11,89,93,6,2,5,7
128.28,44,13,42,34,12,1,2,13
128.28,19,22,104,108,20,14,13,6
128.29,2,7,22,23,4,1,1,8
128.29,20,28,126,123,24,16,6,15
128.3,22,2,3,27,1,2,4,2
128.31,1,12,34,50,5,6,1,4
128.31,2,4,4,12,5,5,5,1
128.31,3,9,27,101,16,6,3,4
128.32,9,21,31,72,9,5,3,5
128.32,7,16,41,75,18,15,8,11
128.33,22,50,8,55,48,23,17,13
128.34,6,3,10,57,1,2,2,1
128.34,2,3,44,1,3,9,0,1
128.34,9,5,40,20,7,6,2,1
128.35,4,13,37,36,17,12,7,5
128.35,1,2,35,88,12,1,3,5
128.36,3,10,42,19,4,6,2,6
128.37,17,16,20,60,20,14,1,9
128.37,11,0,51,31,8,2,8,7
128.38,1,9,78,49,8,11,6,1
128.38,0,9,74,27,8,8,6,5
128.38,12,31,7,57,21,12,9,6
128.39,9,10,32,18,8,1,6,3
128.4,4,0,34,51,5,2,6,4
128.4,2,1,13,16,1,9,2,2
128.41,3,5,9,5,1,2,0,6
128.41,1,5,9,16,2,2,1,2
128.41,5,9,53,60,7,0,2,0
128.42,16,26,46,65,19,7,6,9
128.43,3,3,5,53,5,1,5,5
128.43,10,23,66,34,24,14,9,6
128.44,9,12,67,21,15,7,4,2
128.44,1,9,39,30,10,6,3,5
128.44,5,11,47,60,11,3,1,2
128.45,0,1,10,9,0,2,3,2
128.46,2,9,4,2,1,0,2,4
128.46,9,17,6,22,5,5,2,1
128.47,4,6,10,30,7,12,2,4
128.47,4,14,23,49,9,3,4,2
128.47,4,7,28,5,10,7,6,0
128.48,2,4,12,5,3,3,6,2
128.49,4,7,18,5,22,9,2,2
128.49,8,10,0,1,19,8,4,1
128.5,5,12,28,72,10,5,1,2
128.5,4,3,13,22,6,2,1,2
128.5,1,6,11,22,6,5,0,1
128.51,5,2,23,46,4,3,1,1
128.51,4,9,65,6,0,4,4,2
128.52,1,10,42,25,0,1,1,2
128.53,2,5,21,45,13,12,6,7
128.53,0,2,7,13,0,2,3,2
128.53,1,4,14,8,4,4,1,1
128.54,4,3,9,18,0,5,0,1
128.54,0,5,2,46,4,1,1,2
128.55,1,2,1,36,8,3,3,0
128.56,2,9,14,28,2,9,0,1
128.56,5,8,32,42,5,4,3,4
128.56,4,3,5,7,7,3,2,1
128.57,2,9,19,7,2,7,1,2
128.57,3,11,28,11,10,2,4,0
128.58,7,8,18,62,14,8,2,2
128.59,3,12,27,38,32,2,3,2
128.59,22,7,35,25,12,5,1,1
128.59,6,21,14,12,14,16,7,9
128.6,1,4,7,36,1,9,0,2
128.6,2,2,9,4,5,1,1,2
128.61,9,6,20,3,2,2,1,2
128.62,2,8,9,28,2,0,3,1
128.62,6,2,9,10,3,2,1,2
128.62,1,2,72,26,4,1,2,1
128.63,1,1,83,35,9,3,3,4
128.63,1,4,1,20,0,3,1,1
128.64,1,3,17,7,2,5,1,1
128.65,2,2,11,27,10,1,4,1
128.65,1,9,47,21,1,3,6,1
128.66,2,3,5,0,5,2,3,8
128.66,3,3,13,5,9,3,4,12
128.66,4,2,4,5,2,3,6,4
128.67,1,6,50,35,1,3,3,1
128.68,1,4,62,0,7,3,2,4
128.68,0,6,6,15,6,4,5,3
128.69,6,5,2,18,3,0,2,1
128.69,1,1,8,19,8,4,1,2
128.69,1,8,61,25,10,4,1,6
128.7,5,11,84,10,18,8,6,9
128.71,2,9,11,51,5,6,2,0
128.71,1,0,3,11,4,1,1,0
128.72,0,8,3,12,12,4,5,3
128.72,4,4,9,13,9,3,3,1
128.72,4,6,3,11,3,1,2,1
128.73,2,4,14,7,1,1,1,1
128.74,1,2,10,3,2,1,4,0
128.74,7,5,12,2,7,4,0,4
128.75,18,4,42,10,3,3,3,14
128.75,27,2,12,6,12,4,7,14
128.75,79,32,49,12,9,8,13,17
128.76,28,8,18,14,6,8,1,7
128.76,1,5,18,2,9,1,3,2
128.77,17,0,11,5,4,4,6,18
128.78,35,4,3,0,0,2,0,10
128.78,5,9,17,5,2,2,2,1
128.78,5,11,8,1,1,1,4,4
128.79,8,10,24,2,3,4,1,3
128.79,0,7,19,8,5,2,4,2
128.8,7,12,31,9,5,6,3,5
128.81,23,7,24,17,6,1,3,3
128.81,22,11,19,10,13,1,3,7
128.81,20,7,7,8,1,2,4,27
128.82,20,17,11,8,7,2,2,2
128.82,81,19,31,15,4,11,7,19
128.83,35,22,22,4,2,13,2,10
128.84,112,20,18,17,1,5,10,35
128.84,113,20,13,4,2,12,3,13
128.84,93,28,8,4,11,12,17,40
128.85,22,17,15,16,1,7,5,13
128.85,53,25,17,8,6,3,4,5
128.86,73,14,7,9,4,1,3,8
128.87,16,15,3,1,0,1,0,9
128.87,37,12,1,8,0,3,1,5
128.88,55,17,5,7,3,4,4,3
128.88,24,41,2,6,3,4,7,4
128.88,28,13,0,3,2,1,1,14
128.89,37,14,6,1,7,0,6,2
128.9,14,14,2,3,3,3,6,6
128.9,27,6,2,2,0,4,1,8
128.91,45,9,9,9,8,6,2,17
128.91,108,4,15,6,1,7,7,12
128.91,44,17,6,3,8,1,1,2
128.92,92,36,3,4,12,10,7,16
128.93,47,8,8,11,1,2,3,6
128.93,118,22,6,6,3,16,9,26
128.94,36,15,3,5,5,2,3,14
128.94,57,60,17,5,11,13,8,46
128.94,60,2,4,3,4,4,5,6
128.95,1,0,4,1,8,1,2,3
128.96,6,9,6,7,6,7,7,9
128.96,10,17,3,6,5,1,1,12
128.97,19,13,5,9,9,2,4,5
128.97,48,16,10,1,2,3,0,8
128.97,4,16,1,5,2,3,3,7
128.98,18,7,5,1,1,2,4,4
128.99,4,11,7,4,8,3,6,3
128.99,14,1,17,11,14,8,10,0
129,81,39,2,10,2,3,0,15
129,24,18,3,20,3,2,4,9
129,35,5,5,4,3,0,2,20
129.01,40,22,7,1,8,8,13,18
129.01,91,10,38,7,5,6,4,14
129.02,6,31,2,1,3,0,4,1
129.03,27,1,5,5,2,6,5,13
129.03,11,1,4,1,1,0,2,5
129.03,43,27,3,8,9,0,3,2
129.04,10,6,4,5,4,4,0,1
129.04,7,18,2,5,4,1,1,2
129.05,33,12,6,6,1,3,1,10
129.06,73,8,1,19,11,3,6,15
129.06,0,16,5,2,11,0,4,0
129.06,7,13,9,4,6,1,1,3
129.07,4,1,0,1,2,3,2,3
129.07,40,10,2,2,1,2,1,6
129.08,6,5,2,1,5,8,2,4
129.09,12,24,7,8,7,1,3,9
129.09,11,3,4,4,2,5,1,4
129.09,30,3,1,1,4,4,1,4
129.1,7,4,0,1,1,1,3,2
129.1,3,0,2,7,2,0,2,9
129.11,9,1,6,3,1,1,3,1
129.12,13,6,0,2,2,8,1,1
129.12,3,2,3,1,2,3,4,2
129.12,3,10,1,4,6,1,4,1
129.13,12,1,3,6,2,0,2,1
129.13,15,3,2,2,2,2,1,0
129.14,2,5,3,1,3,5,2,1
129.15,9,4,4,4,4,2,0,8
129.15,4,7,4,4,3,3,2,4
129.16,16,3,7,6,3,3,2,1
129.16,0,3,6,3,4,2,2,1
129.16,5,1,2,2,3,6,3,4
129.17,7,1,1,1,8,1,4,4
129.18,8,2,13,3,1,0,0,0
129.18,0,1,7,1,5,2,5,1
129.19,3,8,9,4,0,4,2,1
129.19,2,0,7,4,3,3,1,2
129.19,5,17,14,21,10,12,2,1
129.2,3,1,15,45,6,10,3,6
129.21,4,21,1,12,4,6,3,10
129.21,0,1,2,2,5,2,1,3
129.22,6,0,26,29,3,2,2,4
129.22,26,7,37,47,5,9,0,3
129.22,13,9,32,47,8,1,7,13
129.23,5,15,37,73,11,5,4,3
129.24,8,47,93,84,31,22,13,24
129.24,36,0,6,43,4,2,2,2
129.25,5,7,38,51,2,5,5,1
129.25,2,6,104,20,2,4,6,11
129.25,25,38,80,115,32,15,15,21
129.26,2,7,72,0,1,0,0,13
129.26,25,50,26,98,48,26,20,28
129.27,3,13,53,80,14,2,3,2
129.28,5,9,33,27,1,4,0,1
129.28,23,16,39,32,22,6,9,13
129.28,10,19,9,51,10,12,4,6
129.29,12,24,108,120,17,16,11,15
129.29,10,7,36,44,7,3,5,6
129.3,11,7,62,51,8,3,5,18
129.31,5,4,72,30,10,9,5,10
129.31,3,7,39,12,0,2,1,4
129.31,4,14,87,55,8,3,6,0
129.32,7,1,71,41,4,4,0,2
129.32,2,21,82,95,11,10,7,11
129.33,14,8,14,27,5,5,3,0
129.34,5,4,9,35,6,2,4,3
129.34,2,5,32,35,11,0,1,5
129.34,13,13,45,23,14,5,7,2
129.35,4,2,46,22,6,2,1,2
129.35,7,8,16,1,1,1,2,2
129.36,2,2,39,30,10,16,6,6
129.37,0,8,23,23,11,5,2,9
129.37,4,11,5,34,10,4,3,5
129.38,1,0,16,28,1,2,2,0
129.38,0,5,6,22,6,4,3,5
129.38,3,4,12,7,4,3,1,1
129.39,6,0,3,5,4,1,2,2
129.4,3,3,40,59,5,2,6,2
129.4,10,17,67,61,16,4,5,6
129.41,0,5,11,29,3,6,3,0
129.41,2,4,41,43,1,7,1,1
129.41,6,8,42,38,10,3,2,0
129.42,1,2,50,37,4,7,6,4
129.43,1,5,7,22,3,4,1,0
129.43,3,3,14,10,3,2,1,2
129.44,4,7,29,30,3,2,0,1
129.44,3,8,63,51,5,3,2,1
129.44,5,10,97,41,8,8,1,2
129.45,0,3,12,11,0,2,4,1
129.46,4,2,23,3,0,0,11,8
129.46,1,5,1,8,5,3,14,0
129.47,2,1,41,23,3,1,8,2
129.47,0,1,19,9,1,2,17,4
129.47,7,16,31,15,13,7,2,4
129.48,2,3,19,8,1,4,1,1
129.49,7,20,60,87,24,12,19,4
129.49,15,38,79,100,32,14,13,7
129.5,3,8,68,68,7,5,10,1
129.5,10,16,26,18,15,8,6,5
129.5,1,3,9,18,6,3,2,3
129.51,2,6,19,18,9,2,4,1
129.51,4,8,12,0,8,5,0,4
129.52,3,5,23,2,19,2,2,1
129.53,6,8,31,35,6,7,4,5
129.53,1,3,3,3,2,6,2,1
129.53,1,5,22,26,2,3,2,4
129.54,4,8,9,33,11,0,2,9
129.54,5,8,24,26,8,0,5,5
129.55,0,2,14,8,2,2,8,0
129.56,1,3,19,25,1,1,3,2
129.56,0,0,9,15,2,3,0,4
129.56,1,2,6,9,7,5,1,2
129.57,2,0,7,7,2,5,2,1
129.57,2,3,12,35,0,4,0,1
129.58,7,7,37,47,2,7,1,0
129.59,1,0,23,44,1,4,2,1
129.59,3,10,35,28,8,8,3,4
129.59,3,7,15,26,10,1,3,0
129.6,7,12,48,54,16,6,2,1
129.6,4,1,26,36,2,2,1,0
129.61,4,1,0,16,4,1,1,2
129.62,3,5,3,7,8,7,2,1
129.62,2,0,1,8,4,1,1,4
129.62,3,1,1,3,3,5,1,1
129.63,2,5,15,10,1,0,1,1
129.63,5,0,24,20,1,0,1,0
129.64,3,4,4,0,5,2,4,3
129.65,0,5,11,5,4,6,5,2
129.65,1,1,8,3,1,6,5,1
129.66,2,0,2,1,6,0,2,1
129.66,2,1,7,13,3,11,5,3
129.66,1,3,17,7,11,4,2,1
129.67,0,2,17,3,3,1,4,2
129.68,5,5,27,15,1,2,3,0
129.68,0,1,14,1,1,6,1,1
129.69,1,9,12,19,7,9,5,4
129.69,3,1,8,1,0,2,0,2
129.69,2,1,11,5,1,1,0,2
129.7,3,2,12,17,2,8,0,2
129.71,1,1,12,2,4,6,0,1
129.71,2,2,13,12,6,0,3,4
129.72,1,1,14,5,0,4,5,1
129.72,1,2,19,9,1,2,3,1
129.72,1,2,12,5,1,0,1,1
129.73,2,2,1,5,6,3,0,0
129.74,2,2,9,7,2,1,0,1
129.74,4,2,5,10,8,1,3,2
129.75,1,3,8,14,1,0,4,2
129.75,0,1,5,4,3,2,1,0
129.75,0,0,11,2,4,4,2,2
129.76,2,1,2,10,1,1,1,0
129.76,5,0,6,4,4,2,3,1
129.77,0,1,1,6,1,4,1,1
129.78,3,4,0,2,4,1,1,2
129.78,0,0,1,10,4,2,2,1
129.78,4,1,11,6,5,6,4,1
129.79,6,5,3,4,5,2,1,1
129.79,1,4,2,10,6,5,3,2
129.8,0,1,3,1,5,2,0,2
129.81,0,3,1,10,12,6,5,4
129.81,2,0,3,2,5,3,3,2
129.81,1,7,5,9,5,4,2,10
129.82,7,0,1,9,9,1,2,18
129.82,18,8,3,0,1,4,9,47
129.83,11,11,2,1,1,5,7,2
129.84,2,6,2,0,3,2,3,4
129.84,3,0,6,5,4,0,8,12
129.84,8,8,15,4,2,5,0,14
129.85,5,2,2,1,5,4,4,3
129.85,6,3,0,7,6,1,3,0
129.86,22,3,3,1,4,2,6,11
129.87,2,4,3,1,0,1,2,5
129.87,2,1,15,6,5,1,3,1
129.88,12,5,22,7,5,4,1,6
129.88,19,6,13,14,7,2,2,1
129.88,28,13,6,6,10,5,4,23
129.89,23,9,14,28,18,13,8,55
129.9,12,6,12,3,7,2,2,9
129.9,25,10,11,5,3,2,0,3
129.91,0,4,5,3,2,1,0,9
129.91,10,4,2,11,3,4,5,26
129.91,3,1,3,4,3,4,2,5
129.92,4,9,11,12,9,8,3,10
129.93,19,10,1,4,9,2,5,11
129.93,20,9,2,8,4,4,2,3
129.94,41,9,5,30,16,7,7,5
129.94,17,1,23,0,5,3,3,9
129.94,22,12,14,6,6,2,2,2
129.95,39,2,2,4,8,9,8,33
129.96,30,37,6,18,13,2,6,56
129.96,70,32,4,24,17,11,17,93
129.97,50,13,27,8,1,5,4,28
129.97,45,21,6,10,4,3,3,40
129.97,47,2,10,11,3,5,7,69
129.98,12,32,12,2,4,1,3,40
129.99,17,19,20,12,12,4,5,14
129.99,8,6,5,2,7,1,7,21
130,87,12,3,7,11,12,19,12
130,27,13,10,36,3,0,7,48
130,10,13,9,2,7,7,20,42
130.01,12,4,7,4,6,2,7,22
130.01,66,26,6,6,8,9,11,44
130.02,23,14,1,1,14,10,8,14
130.03,72,26,29,52,47,20,22,10
130.03,11,38,8,13,3,15,17,93
130.03,35,14,3,3,1,11,9,14
130.04,2,20,14,3,8,6,8,3
130.04,127,36,18,19,21,17,24,63
130.05,99,27,27,2,7,1,1,8
130.06,73,5,0,7,9,6,3,6
130.06,2,21,2,1,4,1,15,15
130.06,12,25,19,8,9,4,1,13
130.07,12,10,3,1,4,4,6,23
130.07,40,19,27,14,2,1,3,14
130.08,80,29,4,3,11,11,8,19
130.09,2,19,17,7,8,1,9,12
130.09,41,2,0,4,2,1,6,12
130.09,20,16,11,4,6,3,6,1
130.1,27,9,5,8,1,10,6,5
130.1,15,4,8,9,8,4,4,16
130.11,19,14,1,3,1,1,1,3
130.12,27,4,12,8,5,7,12,9
130.12,25,15,3,8,10,1,2,4
130.12,1,3,1,11,3,5,7,29
130.13,27,0,4,2,2,4,6,33
130.13,39,0,11,1,1,1,1,17
130.14,25,11,3,1,2,4,2,5
130.15,4,9,19,6,7,5,3,4
130.15,4,10,2,8,5,6,4,1
130.16,2,0,8,5,1,5,5,3
130.16,2,3,2,0,5,2,6,8
130.16,5,2,10,0,2,2,1,8
130.17,1,1,3,3,4,1,1,7
130.18,9,3,1,1,5,5,4,5
130.18,12,1,9,5,0,1,3,7
130.19,15,10,3,2,4,3,6,1
130.19,1,4,15,5,0,2,3,1
130.19,4,3,7,2,4,8,9,4
130.2,3,1,1,2,2,3,3,5
130.21,1,3,5,1,0,1,1,4
130.21,5,2,3,12,2,2,1,11
130.22,6,13,58,16,2,2,1,5
130.22,1,1,0,48,5,3,5,2
130.22,5,3,49,31,3,2,7,3
130.23,8,12,6,2,4,9,2,5
130.24,1,10,66,58,10,1,5,3
130.24,8,11,7,33,9,9,6,9
130.25,2,5,13,83,3,4,4,7
130.25,19,8,10,55,5,2,5,4
130.25,32,16,54,63,19,6,2,8
130.26,15,3,28,87,3,5,2,4
130.26,5,10,24,54,23,13,7,6
130.27,1,6,1,9,10,9,4,4
130.28,4,7,1,15,5,2,4,18
130.28,13,6,44,30,1,2,0,1
130.28,13,0,3,66,9,1,15,14
130.29,14,9,18,85,18,6,2,2
130.29,35,9,35,8,4,6,2,5
130.3,53,14,83,81,25,11,10,0
130.31,10,43,121,83,34,12,4,10
130.31,5,13,42,65,16,10,12,21
130.31,23,23,116,97,14,12,3,8
130.32,20,15,79,29,12,3,2,2
130.32,20,33,14,127,30,4,12,11
130.33,17,3,35,57,7,6,3,28
130.34,24,37,108,82,40,12,8,12
130.34,48,1,16,30,13,9,3,16
130.34,15,4,41,4,3,8,2,8
130.35,20,27,71,115,27,4,9,21
130.35,1,9,40,58,12,6,4,9
130.36,12,5,96,6,16,1,1,18
130.37,48,42,57,27,38,20,13,28
130.37,12,15,57,81,11,13,7,6
130.38,4,13,66,31,9,1,2,4
130.38,2,6,7,32,1,5,0,11
130.38,15,21,28,35,17,9,7,13
130.39,10,2,34,31,3,4,2,1
130.4,5,10,16,5,3,7,4,6
130.4,1,3,53,33,2,1,1,1
130.41,12,8,45,82,2,6,2,2
130.41,11,10,16,59,13,6,7,1
130.41,6,4,21,1,1,3,4,4
130.42,7,17,19,8,10,0,1,0
130.43,2,16,3,37,15,6,2,6
130.43,2,3,18,15,6,4,0,3
130.44,4,15,56,41,15,11,9,6
130.44,13,9,86,50,9,9,7,10
130.44,1,0,23,5,6,4,4,4
130.45,1,5,17,35,13,8,4,9
130.46,7,16,12,42,22,15,10,13
130.46,1,2,37,27,2,10,3,3
130.47,6,2,11,22,8,0,2,1
130.47,4,6,9,3,2,2,0,3
130.47,2,5,7,50,10,10,2,0
130.48,7,6,2,28,9,1,2,4
130.49,3,5,2,27,4,5,2,2
130.49,8,10,17,26,17,0,0,2
130.5,0,1,1,59,3,4,0,3
130.5,7,14,2,105,15,7,4,6
130.5,5,2,12,24,8,3,1,3
130.51,3,10,35,23,8,5,3,0
130.51,6,17,54,21,5,3,5,1
130.52,6,1,33,24,2,6,2,4
130.53,10,21,30,104,20,8,7,2
130.53,9,15,10,76,17,9,4,3
130.53,2,5,26,4,13,13,7,2
130.54,21,4,20,34,10,7,0,3
130.54,0,2,37,36,9,1,1,1
130.55,1,4,4,13,1,1,4,2
130.56,3,11,17,34,12,8,3,4
130.56,2,5,47,29,6,1,4,6
130.56,10,26,48,69,34,15,11,6
130.57,3,1,3,6,2,4,1,2
130.57,3,1,8,4,10,2,2,0
130.58,12,14,18,47,10,7,2,3
130.59,12,5,4,30,15,3,1,1
130.59,12,13,31,29,9,11,8,9
130.59,41,21,37,29,4,6,4,10
130.6,12,4,26,29,8,2,7,4
130.6,1,7,29,6,8,5,3,1
130.61,23,2,38,3,0,3,0,2
130.62,10,2,23,10,2,5,1,2
130.62,9,5,15,8,11,19,6,2
130.62,10,9,4,53,14,1,0,1
130.63,28,25,73,97,33,12,5,9
130.63,4,6,51,50,3,2,2,4
130.64,8,6,21,9,4,5,4,3
130.65,18,13,31,30,17,8,1,7
130.65,12,4,3,54,4,0,5,1
130.66,63,19,17,48,17,8,6,12
130.66,16,4,13,9,5,4,5,6
130.66,12,7,36,0,3,6,1,1
130.67,4,13,5,7,16,10,6,9
130.68,86,13,10,16,3,4,8,24
130.68,42,15,19,3,8,4,10,3
130.69,111,55,48,12,11,16,17,73
130.69,48,7,0,6,0,8,4,6
130.69,33,2,15,2,0,5,6,6
130.7,36,6,10,3,11,10,9,25
130.71,70,23,3,1,11,17,9,36
130.71,24,1,5,12,24,11,4,13
130.72,79,22,15,5,3,7,6,52
130.72,2,9,10,8,8,3,6,0
130.72,17,12,4,33,6,5,1,16
130.73,10,14,13,31,17,13,3,19
130.74,25,25,3,9,1,1,0,23
130.74,125,44,34,54,13,14,2,33
130.75,13,33,19,4,0,2,5,16
130.75,38,8,13,6,7,0,3,7
130.75,60,52,1,4,12,3,4,58
130.76,30,1,22,5,6,2,9,76
130.76,7,1,35,43,12,4,5,31
130.77,21,33,35,24,3,7,5,4
130.78,27,8,30,56,32,14,7,15
130.78,24,29,23,17,4,1,9,16
130.78,50,3,12,11,11,10,13,68
130.79,1,12,29,35,8,6,1,7
130.79,16,27,3,6,7,6,8,22
130.8,76,6,18,7,2,6,4,35
130.81,32,17,25,3,2,6,2,13
130.81,7,27,37,12,9,11,18,19
130.81,101,36,48,66,12,6,5,1
130.82,24,38,85,52,18,11,5,13
130.82,2,12,28,65,5,5,1,24
130.83,12,15,68,62,11,7,6,2
130.84,62,33,31,46,3,2,0,13
130.84,6,2,42,50,6,9,6,47
130.84,7,42,31,1,18,13,21,105
130.85,8,28,24,23,6,2,6,24
130.85,23,4,11,22,13,4,0,0
130.86,76,12,30,45,3,5,6,58
130.87,1,14,17,34,1,4,3,5
130.87,106,24,6,4,13,6,3,51
130.88,2,15,1,8,9,1,4,28
130.88,25,9,3,15,2,8,2,4
130.88,14,18,4,18,0,1,3,66
130.89,36,13,19,3,5,2,9,22
130.9,15,23,3,9,8,2,1,0
130.9,59,4,3,9,4,1,1,49
130.91,35,3,20,55,9,4,6,35
130.91,11,17,2,26,1,1,3,23
130.91,10,11,16,6,7,2,8,20
130.92,51,16,47,35,5,1,4,8
130.93,11,14,9,14,9,1,1,5
130.93,1,18,73,20,9,1,1,16
130.94,51,1,9,10,7,4,0,12
130.94,1,26,11,49,1,3,1,10
130.94,34,29,0,27,18,2,3,8
130.95,13,8,2,17,1,4,3,12
130.96,98,36,22,46,3,1,7,5
130.96,24,22,20,7,1,5,3,7
130.97,62,24,5,15,1,1,1,10
130.97,0,10,23,6,1,0,2,10
130.97,1,6,16,14,0,1,2,7
130.98,45,21,19,5,12,3,4,14
130.99,14,1,11,15,1,4,3,11
130.99,14,3,8,11,2,4,1,7
131,8,8,10,2,6,1,0,10
131,1,1,12,18,1,6,8,11
131,21,2,2,13,1,2,2,36
131.01,37,0,4,3,1,4,1,16
131.01,6,12,1,14,5,3,6,7
131.02,24,5,1,7,2,3,2,3
131.03,19,11,20,36,12,9,7,4
131.03,16,0,6,3,7,6,0,4
131.03,8,14,37,60,20,8,5,5
131.04,7,5,2,11,0,2,6,6
131.04,7,15,16,22,9,6,3,3
131.05,2,2,1,5,2,2,7,2
131.06,11,13,21,29,12,12,8,22
131.06,30,4,46,57,7,5,5,3
131.06,54,3,80,48,6,3,1,1
131.07,7,0,65,3,2,1,2,5
131.07,13,12,53,12,5,7,2,19
131.08,15,5,18,42,5,2,3,5
131.09,27,5,41,40,4,9,1,10
131.09,45,9,20,83,22,5,1,0
131.09,1,9,18,56,10,7,5,10
131.1,10,13,52,66,22,11,5,13
131.1,25,15,72,80,16,11,4,1
131.11,40,18,24,126,16,6,0,9
131.12,30,10,18,91,14,5,3,12
131.12,14,19,91,43,3,0,5,9
131.12,4,12,42,59,14,10,5,3
131.13,23,7,27,38,1,2,2,6
131.13,4,12,4,34,6,9,5,2
131.14,24,18,77,26,15,14,8,15
131.15,17,32,60,53,23,15,9,17
131.15,21,71,100,91,54,33,22,29
131.16,3,25,108,116,21,14,5,2
131.16,6,4,13,10,9,5,6,9
131.16,6,14,12,29,6,2,3,17
131.17,7,4,36,11,6,6,0,8
131.18,2,13,39,32,25,17,11,9
131.18,1,17,107,55,15,7,5,10
131.19,6,1,32,63,8,1,3,4
131.19,3,4,80,3,4,1,3,1
131.19,21,20,82,67,9,10,7,15
131.2,25,24,128,84,9,5,6,14
131.21,5,11,33,20,23,15,8,4
131.21,1,18,73,95,24,10,5,5
131.22,1,6,70,8,5,3,1,3
131.22,17,26,74,52,18,11,3,7
131.22,3,12,49,21,14,3,5,12
131.23,20,10,29,18,3,6,5,6
131.24,3,7,10,26,6,0,1,17
131.24,4,10,37,10,8,5,1,7
131.25,7,21,47,56,14,10,8,11
131.25,4,2,5,45,11,3,2,5
131.25,5,15,64,72,9,4,5,9
131.26,8,32,116,28,27,18,11,13
131.26,9,11,42,0,2,4,3,0
131.27,14,32,33,64,24,18,8,0
131.28,18,14,35,55,24,2,3,0
131.28,5,3,52,6,5,4,3,6
131.28,7,16,45,3,9,5,4,6
131.29,22,31,68,41,10,20,12,19
131.29,1,16,55,101,8,5,4,7
131.3,2,16,127,84,1,6,2,6
131.31,4,18,99,33,1,3,2,5
131.31,22,22,36,23,11,6,3,6
131.31,15,7,42,3,1,2,0,1
131.32,4,2,27,13,4,2,2,5
131.32,8,5,17,30,1,5,1,1
131.33,34,25,5,59,21,14,11,7
131.34,2,5,31,3,3,0,1,15
131.34,12,9,10,2,12,3,5,7
131.34,7,13,68,52,17,6,2,1
131.35,2,7,54,38,14,5,6,3
131.35,4,2,18,5,2,3,1,4
131.36,11,17,16,51,12,8,2,8
131.37,8,16,4,48,19,11,5,7
131.37,12,15,19,35,24,11,8,7
131.38,2,17,18,89,18,14,0,13
131.38,6,5,54,21,15,5,1,1
131.38,9,4,50,40,3,3,1,2
131.39,4,6,29,23,1,4,1,3
131.4,6,23,74,74,19,16,5,8
131.4,1,5,21,10,6,3,3,1
131.41,4,3,5,10,7,2,3,1
131.41,2,10,23,40,12,4,6,2
131.41,1,9,2,11,0,1,3,2
131.42,6,8,21,15,1,3,5,0
131.43,9,10,36,15,9,6,5,2
131.43,16,9,36,2,18,9,7,2
131.44,0,3,1,9,4,0,5,2
131.44,3,2,8,5,6,3,1,1
131.44,1,5,22,24,2,4,2,0
131.45,1,3,36,19,11,0,1,5
131.46,4,3,42,50,1,4,0,3
131.46,1,9,13,50,18,5,2,2
131.47,11,22,73,47,22,10,9,2
131.47,1,1,89,41,1,4,1,6
131.47,5,9,62,20,9,2,0,1
131.48,4,16,46,52,12,6,1,2
131.49,4,10,13,17,6,5,2,4
131.49,7,6,28,7,11,2,1,7
131.5,2,5,23,56,10,0,6,9
131.5,5,13,33,106,20,7,3,0
131.5,4,2,39,0,1,3,0,2
131.51,5,5,36,1,1,4,0,3
131.51,19,10,13,11,9,7,4,13
131.52,20,2,27,13,9,1,3,2
131.53,81,12,36,1,2,3,7,16
131.53,21,2,24,25,2,4,3,2
131.53,66,19,1,74,7,8,12,19
131.54,25,18,32,21,17,16,5,8
131.54,44,19,37,21,14,16,6,10
131.55,12,6,11,19,6,8,5,0
131.56,26,20,62,118,23,8,4,2
131.56,32,35,100,73,27,10,8,17
131.56,11,42,48,92,30,22,11,1
131.57,7,10,42,57,14,6,1,25
131.57,61,17,31,8,1,5,3,14
131.58,29,28,62,58,5,7,0,5
131.59,52,9,13,8,3,2,5,3
131.59,57,25,6,50,6,11,8,27
131.59,17,12,62,88,22,5,6,4
131.6,17,22,79,47,27,5,1,4
131.6,82,25,71,36,10,12,13,25
131.61,87,38,54,61,8,14,15,56
131.62,77,34,28,29,29,19,19,3
131.62,110,44,20,24,3,20,28,93
131.62,75,6,8,63,20,1,0,8
131.63,2,1,28,3,8,2,4,37
131.63,127,2,45,76,8,21,36,100
131.64,100,66,64,37,47,25,32,127
131.65,114,30,70,43,72,31,53,84
131.65,95,34,31,85,7,27,43,64
131.66,7,24,26,17,7,3,4,3
131.66,17,7,17,48,15,11,10,17
131.66,51,18,33,33,2,6,11,13
131.67,59,30,72,100,12,21,43,127
131.68,0,25,37,63,17,4,7,40
131.68,15,8,3,35,5,27,21,5
131.69,66,69,61,93,16,3,0,114
131.69,63,45,61,23,8,5,18,128
131.69,12,21,73,19,6,7,24,120
131.7,17,36,40,31,15,2,26,63
131.71,34,33,45,81,11,17,37,25
131.71,36,45,27,7,27,1,5,127
131.72,40,10,75,12,22,3,0,4
131.72,62,55,127,100,4,18,44,94
131.72,24,50,128,89,25,0,27,25
131.73,11,44,87,73,9,5,11,1
131.74,20,27,39,59,21,12,43,117
131.74,22,5,66,64,16,2,16,66
131.75,95,44,14,20,48,19,28,50
131.75,44,28,26,69,18,15,26,75
131.75,24,76,18,23,47,32,23,7
131.76,4,45,3,40,0,20,28,93
131.76,1,30,47,86,12,10,16,1
131.77,127,3,33,68,11,5,17,17
131.78,67,37,45,28,15,13,13,60
131.78,4,10,39,31,16,6,31,127
131.78,30,28,8,28,4,7,44,94
131.79,108,19,10,10,12,21,31,31
131.79,99,22,29,18,9,0,6,73
131.8,28,1,47,45,3,2,9,69
131.81,11,21,68,61,37,14,40,75
131.81,38,45,7,51,39,10,1,9
131.81,21,6,25,40,20,1,1,36
131.82,23,0,64,29,20,5,2,19
131.82,37,15,16,8,4,2,5,28
131.83,32,10,12,64,19,11,7,11
131.84,34,20,11,54,15,6,13,66
131.84,20,12,28,11,21,12,35,56
131.84,42,16,47,89,10,18,40,21
131.85,31,8,75,128,9,8,9,33
131.85,13,16,12,30,7,3,5,43
131.86,14,15,52,13,3,10,24,80
131.87,104,30,0,11,8,8,1,5
131.87,127,60,34,22,38,18,25,60
131.88,119,48,52,28,25,1,19,128
131.88,18,23,55,39,9,18,5,35
131.88,4,15,52,9,3,4,12,13
131.89,127,7,13,44,10,3,10,41
131.9,76,8,31,28,22,23,12,11
131.9,107,56,38,49,4,17,50,34
131.91,71,39,9,23,85,7,26,90
131.91,128,22,21,21,2,28,43,119
131.91,102,33,5,0,22,6,12,36
131.92,15,42,52,56,11,14,26,77
131.93,2,16,30,14,11,2,1,49
131.93,31,18,7,3,4,14,5,64
131.94,11,44,13,11,19,6,2,2
131.94,2,24,9,6,2,6,9,10
131.94,54,17,42,34,1,0,2,48
131.95,21,5,1,23,1,1,4,30
131.96,20,5,15,30,4,5,10,46
131.96,16,1,18,11,5,4,11,12
131.97,17,1,10,12,10,6,4,34
131.97,10,11,17,3,15,4,6,16
131.97,47,13,37,21,17,8,8,3
131.98,30,2,0,3,9,3,0,20
131.99,17,5,12,0,1,3,2,16
131.99,63,18,8,2,3,6,8,6
132,55,6,7,14,1,6,1,18
132,19,7,16,17,3,4,2,4
132,61,22,9,8,8,2,12,38
132.01,22,2,8,7,2,7,8,29
132.01,19,14,9,6,2,5,1,11
132.02,81,10,30,0,6,1,48,12
132.03,15,9,26,60,16,17,49,15
132.03,35,21,14,27,5,1,8,29
132.03,34,32,17,5,9,14,6,15
132.04,48,42,17,30,30,30,5,3
132.04,35,12,31,21,10,12,1,23
132.05,18,9,55,4,1,3,13,22
132.06,19,16,31,12,4,11,9,5
132.06,18,21,8,9,3,21,1,12
132.06,19,21,32,7,10,11,9,2
132.07,57,9,87,45,7,10,4,14
132.07,58,3,94,42,15,4,0,23
132.08,11,5,71,16,11,11,8,8
132.09,20,1,19,12,2,1,8,2
132.09,17,26,25,44,26,17,14,10
132.09,20,7,54,62,9,5,8,17
132.1,12,11,20,23,17,12,14,5
132.1,7,32,106,114,32,20,17,17
132.11,11,21,65,30,8,13,0,17
132.12,6,10,44,31,8,5,4,5
132.12,6,7,27,71,16,12,8,4
132.12,9,3,25,4,2,10,3,12
132.13,1,13,53,18,2,0,5,0
132.13,4,11,33,36,6,0,10,9
132.14,33,10,16,6,4,10,4,11
132.15,33,9,51,1,11,11,13,4
132.15,2,0,40,41,3,1,5,2
132.16,6,4,30,9,2,7,2,17
132.16,12,7,19,10,5,8,3,11
132.16,0,18,64,61,22,14,5,10
132.17,5,22,20,26,16,22,8,4
132.18,5,8,2,23,0,3,5,12
132.18,34,0,30,18,7,0,14,39
132.19,20,13,40,53,1,3,4,4
132.19,5,18,77,76,22,6,2,8
132.19,6,24,92,62,29,13,4,8
132.2,10,9,38,13,1,8,1,6
132.21,6,5,37,4,1,4,2,8
132.21,11,5,70,7,1,4,1,1
132.22,34,20,39,73,19,5,1,0
132.22,0,24,32,85,13,8,2,7
132.22,7,18,54,76,9,4,5,10
132.23,15,12,29,24,4,2,5,6
132.24,14,5,9,9,6,3,5,9
132.24,12,6,18,2,8,5,2,4
132.25,21,16,38,52,13,5,7,3
132.25,46,22,22,15,12,8,12,14
132.25,2,2,9,14,7,6,4,14
132.26,2,5,34,30,2,1,2,7
132.26,7,5,37,16,3,3,3,0
132.27,8,4,3,68,7,4,3,1
132.28,35,32,71,82,41,7,6,11
132.28,29,22,92,82,20,8,8,34
132.28,26,45,108,116,38,25,19,45
132.29,14,7,48,38,4,5,0,8
132.29,2,0,25,2,5,6,2,5
132.3,7,1,22,15,2,5,2,6
132.31,3,10,19,62,9,3,0,6
132.31,4,12,3,17,10,7,1,5
132.31,2,7,58,67,9,1,2,0
132.32,4,24,62,78,23,13,11,0
132.32,18,2,67,28,3,5,3,7
132.33,10,1,15,35,3,1,1,1
132.34,6,24,72,61,29,13,10,6
132.34,11,16,67,6,9,6,4,1
132.34,0,18,11,37,15,8,6,5
132.35,10,23,17,122,23,15,7,9
132.35,4,11,12,47,11,4,2,2
132.36,16,27,61,94,25,3,6,6
132.37,10,0,29,53,6,5,3,1
132.37,3,2,17,8,3,4,0,4
132.38,3,12,29,20,20,7,5,3
132.38,3,10,2,6,4,0,2,3
132.38,3,3,34,23,6,4,0,0
132.39,4,2,38,22,11,8,1,1
132.4,4,16,58,50,13,3,4,2
132.4,3,8,6,19,1,4,2,1
132.41,4,1,14,6,1,2,2,3
132.41,0,5,7,13,6,0,3,2
132.41,12,13,17,26,12,6,2,1
132.42,10,10,16,92,1,3,2,1
132.43,24,24,33,89,31,14,5,6
132.43,3,9,11,24,1,4,1,1
132.44,0,3,15,17,3,0,2,0
132.44,18,14,51,13,5,0,0,3
132.44,2,0,23,9,5,6,1,0
132.45,17,10,13,72,3,3,1,1
132.46,4,30,86,103,22,16,5,5
132.46,12,1,11,53,0,2,1,22
132.47,16,11,33,18,9,0,0,11
132.47,13,3,40,12,11,6,0,0
132.47,2,10,59,41,8,3,2,6
132.48,18,5,1,31,14,5,1,4
132.49,22,23,18,17,25,10,5,14
132.49,1,3,13,56,2,9,2,2
132.5,3,2,6,33,4,4,2,1
132.5,15,4,1,14,6,2,2,5
132.5,31,13,34,61,19,10,1,1
132.51,64,16,6,17,14,3,8,3
132.51,3,4,23,12,7,1,1,4
132.52,42,6,21,13,1,6,2,1
132.53,8,16,12,11,7,5,8,4
132.53,71,10,16,27,11,12,6,12
132.53,46,34,10,7,0,2,7,18
132.54,15,5,39,28,2,0,5,15
132.54,78,26,28,3,2,4,3,11
132.55,38,10,79,65,3,12,10,12
132.56,5,12,66,37,1,8,11,25
132.56,26,12,5,1,7,1,0,5
132.56,1,34,30,18,0,9,1,11
132.57,40,4,6,10,7,12,4,10
132.57,96,11,46,24,12,3,0,5
132.58,69,29,96,65,9,8,0,11
132.59,73,11,41,30,10,10,7,9
132.59,21,3,52,11,8,4,0,14
132.59,40,14,100,11,3,9,0,3
132.6,42,16,68,14,31,13,7,13
132.6,51,19,20,14,22,12,14,18
132.61,84,23,91,46,18,16,15,37
132.62,98,25,34,2,11,10,1,28
132.62,86,11,17,9,42,20,33,83
132.62,86,51,12,17,14,45,33,23
132.63,71,10,24,0,12,12,11,76
132.63,115,37,19,12,9,23,24,108
132.64,73,15,18,18,12,3,19,8
132.65,14,44,22,14,6,7,1,27
132.65,70,2,15,3,7,2,5,74
132.66,59,19,30,15,3,12,17,75
132.66,127,42,37,9,13,21,25,36
132.66,88,26,19,5,22,4,7,7
132.67,99,37,98,9,3,7,3,53
132.68,91,50,48,18,13,6,14,41
132.68,64,32,43,17,33,16,11,62
132.69,66,54,49,9,18,2,11,54
132.69,44,52,25,4,17,5,3,13
132.69,72,27,78,8,5,15,12,100
132.7,54,23,39,12,18,12,11,37
132.71,56,21,5,8,2,19,33,16
132.71,1,5,30,4,1,1,7,56
132.72,128,54,34,33,25,28,31,128
132.72,52,25,57,3,15,4,29,95
132.72,127,47,22,9,2,28,45,127
132.73,128,25,22,2,11,6,40,107
132.74,45,13,1,11,27,4,8,54
132.74,12,4,35,14,10,7,7,1
132.75,23,12,77,14,6,7,1,18
132.75,24,22,25,4,13,7,4,31
132.75,98,43,40,15,5,12,19,15
132.76,125,36,45,11,25,2,11,20
132.76,40,68,29,7,41,0,4,16
132.77,15,3,15,17,17,17,26,67
132.78,31,14,67,2,2,8,9,19
132.78,89,6,50,2,6,2,8,60
132.78,86,44,8,12,6,4,7,8
132.79,97,16,15,3,6,1,2,10
132.79,68,15,45,1,2,5,2,2
132.8,103,24,23,6,5,5,6,31
132.81,1,28,29,0,3,7,2,2
132.81,65,55,43,7,20,3,3,25
132.81,3,66,13,4,1,12,19,26
132.82,44,7,14,2,2,1,0,4
132.82,81,3,15,6,2,4,2,2
132.83,87,58,4,18,14,5,5,30
132.84,79,100,2,34,17,11,9,24
132.84,29,17,1,11,3,5,1,10
132.84,32,5,0,3,2,10,4,8
132.85,125,43,10,9,9,10,15,58
132.85,89,25,16,5,2,0,7,1
132.86,53,2,16,18,19,4,8,12
132.87,48,16,26,10,11,3,7,6
132.87,50,18,31,3,9,1,2,8
132.88,33,14,33,8,1,5,2,4
132.88,33,1,23,1,3,2,7,9
132.88,0,5,32,0,5,3,1,5
132.89,26,5,12,15,9,2,2,11
132.9,19,7,8,5,0,8,1,17
132.9,3,7,5,2,4,2,1,16
132.91,1,1,9,1,4,4,4,4
132.91,4,7,13,3,2,7,1,0
132.91,46,8,9,9,11,7,10,14
132.92,79,22,16,15,12,8,13,14
132.93,5,1,24,38,10,6,5,24
132.93,9,17,3,20,0,1,10,4
132.94,19,0,13,20,5,5,7,9
132.94,34,18,41,27,0,5,8,17
132.94,16,8,41,9,4,3,0,16
132.95,9,2,56,38,8,3,4,10
132.96,35,51,55,97,40,22,19,30
132.96,11,1,36,17,8,12,2,1
132.97,2,0,14,11,8,5,6,1
132.97,32,43,127,96,30,17,18,22
132.97,12,21,46,87,25,19,4,7
132.98,40,41,6,60,36,15,16,16
132.99,15,3,77,31,4,2,3,7
132.99,2,24,38,67,11,3,4,6
133,6,12,82,34,15,2,1,4
133,2,22,17,22,23,8,8,5
133,6,6,48,52,3,7,2,1
133.01,13,12,3,5,9,13,10,10
133.01,9,21,78,70,18,9,6,5
133.02,26,34,18,63,25,9,11,13
133.03,17,38,118,79,32,11,8,12
133.03,11,7,46,31,12,10,3,10
133.03,1,18,64,29,5,0,0,5
133.04,8,25,112,108,20,6,2,3
133.04,4,4,67,41,3,3,3,0
133.05,8,17,15,71,11,7,3,4
133.06,4,9,18,31,8,6,7,1
133.06,5,16,61,103,13,8,2,0
133.06,4,17,3,9,15,14,7,4
133.07,7,13,12,12,13,10,6,5
133.07,12,14,50,36,14,6,2,7
133.08,3,2,17,59,2,2,1,2
133.09,2,3,19,33,6,1,4,1
133.09,8,13,67,31,6,0,3,4
133.09,7,6,127,49,2,12,3,2
133.1,3,5,59,73,4,9,4,2
133.1,2,9,18,34,3,9,0,5
133.11,8,15,13,40,21,17,2,13
133.12,5,3,18,56,16,6,5,1
133.12,4,14,117,65,17,8,6,0
133.12,1,1,41,2,3,0,6,3
133.13,7,7,53,64,15,1,6,3
133.13,2,6,67,16,5,1,0,0
133.14,2,11,86,2,3,1,0,0
133.15,8,4,67,23,3,9,7,11
133.15,5,13,29,86,12,7,0,0
133.16,12,13,62,128,16,10,0,4
133.16,11,6,83,18,1,4,4,4
133.16,6,6,87,2,4,5,0,3
133.17,0,5,4,35,0,8,0,1
133.18,7,29,27,65,20,13,4,2
133.18,8,3,46,88,2,1,3,3
133.19,18,27,18,53,30,11,10,2
133.19,9,17,48,97,22,11,7,1
133.19,2,15,10,21,13,11,10,2
133.2,30,21,1,44,17,18,6,10
133.21,16,20,55,93,26,13,8,5
133.21,1,19,43,27,16,25,10,10
133.22,11,33,31,12,30,34,17,3
133.22,8,17,27,52,12,3,4,1
133.22,25,32,25,31,30,9,9,3
133.23,39,71,48,55,66,28,20,13
133.24,4,18,61,101,8,9,1,7
133.24,5,16,30,7,9,2,3,4
133.25,16,40,90,118,32,13,8,25
133.25,20,26,47,64,8,10,13,39
133.25,1,14,57,105,20,9,6,13
133.26,7,7,30,26,9,7,1,6
133.26,14,6,3,23,9,1,1,1
133.27,8,19,41,37,11,8,8,14
133.28,25,35,123,128,32,9,8,10
133.28,17,21,43,1,23,12,7,2
133.28,19,19,37,25,19,10,7,2
133.29,5,1,32,5,0,4,5,3
133.29,1,5,46,12,1,3,1,6
133.3,12,28,88,70,23,17,9,8
133.31,28,51,128,88,43,22,13,13
133.31,3,0,48,9,0,5,2,0
133.31,24,22,32,94,34,9,7,6
133.32,6,5,16,59,12,5,6,4
133.32,12,7,14,11,13,12,4,11
133.33,22,33,61,127,36,18,11,11
133.34,19,26,79,107,29,7,6,3
133.34,9,16,51,82,17,7,7,4
133.34,1,2,45,43,5,0,2,3
133.35,7,5,27,8,5,0,0,3
133.35,4,15,40,53,0,7,7,6
133.36,7,11,35,16,4,1,2,8
133.37,7,10,30,69,21,5,1,1
133.37,1,1,27,4,0,5,3,0
133.38,3,15,54,95,14,11,5,1
133.38,2,9,28,50,9,2,3,2
133.38,2,2,84,8,3,7,4,3
133.39,2,9,44,3,2,3,4,2
133.4,9,15,10,18,13,3,1,2
133.4,4,8,10,111,7,1,2,3
133.41,12,15,5,93,17,9,6,8
133.41,9,13,38,101,17,5,7,1
133.41,4,2,16,12,2,0,0,2
133.42,4,13,28,23,10,5,3,2
133.43,1,1,35,29,5,7,3,2
133.43,2,7,13,50,4,3,1,2
133.44,2,6,39,32,7,1,2,1
133.44,4,21,44,103,18,14,6,6
133.44,14,37,80,75,37,27,11,13
133.45,3,2,14,29,3,0,2,2
133.46,6,10,41,45,6,0,2,0
133.46,11,2,12,11,3,3,6,2
133.47,6,12,19,25,19,18,7,2
133.47,18,7,10,27,1,6,1,0
133.47,3,9,54,53,4,1,2,1
133.48,11,6,64,24,7,11,4,4
133.49,16,7,37,27,4,0,2,5
133.49,13,0,30,24,9,10,1,1
133.5,9,6,6,4,13,11,5,6
133.5,13,6,37,41,9,7,8,4
133.5,3,3,18,28,3,0,4,3
133.51,2,6,67,81,6,5,1,1
133.51,0,1,29,64,3,7,3,1
133.52,36,32,25,16,19,15,9,6
133.53,35,16,26,46,14,4,9,8
133.53,3,12,1,3,8,6,2,3
133.53,20,17,32,67,17,6,0,1
133.54,37,6,45,39,27,5,3,9
133.54,15,11,30,26,1,7,4,1
133.55,58,3,21,3,4,8,5,11
133.56,70,17,14,4,2,5,1,4
133.56,65,2,17,27,7,0,2,9
133.56,66,12,4,9,6,15,8,13
133.57,80,12,4,16,2,2,2,9
133.57,110,38,18,20,23,16,12,21
133.58,21,29,54,27,6,10,3,8
133.59,35,5,22,26,3,4,6,6
133.59,9,9,26,4,5,9,12,12
133.59,120,30,4,15,13,10,6,36
133.6,52,7,1,5,31,3,9,17
133.6,85,45,20,9,3,12,24,39
133.61,26,18,17,14,2,4,6,14
133.62,70,31,26,10,3,3,1,1
133.62,66,51,28,0,25,13,12,18
133.62,16,82,81,12,25,20,12,8
133.63,85,58,12,23,11,25,22,116
133.63,50,27,16,25,8,10,1,43
133.64,127,82,89,17,22,20,17,71
133.65,33,10,46,8,15,14,1,20
133.65,115,34,15,7,29,20,13,65
133.66,12,11,37,19,32,23,23,12
133.66,89,40,65,6,3,29,26,109
133.66,86,58,56,10,24,12,22,109
133.67,67,13,16,18,34,1,1,33
133.68,37,3,21,3,14,12,10,65
133.68,17,39,45,2,6,2,1,5
133.69,94,67,42,2,0,8,8,29
133.69,44,52,22,14,19,0,7,21
133.69,19,5,13,7,22,4,1,11
133.7,28,4,7,16,13,8,12,21
133.71,29,23,2,12,10,9,6,12
133.71,6,15,1,2,12,12,18,16
133.72,30,4,3,7,9,1,5,3
133.72,44,4,34,0,1,2,4,15
133.72,8,0,50,12,2,4,4,11
133.73,35,12,34,6,3,2,2,21
133.74,127,17,7,7,6,17,10,20
133.74,6,31,19,5,4,5,11,14
133.75,79,48,17,8,10,8,10,22
133.75,2,11,7,3,3,6,4,8
133.75,47,67,22,5,17,10,10,17
133.76,8,5,12,9,3,9,8,16
133.76,15,12,31,5,7,2,3,13
133.77,28,15,56,7,1,5,10,1
133.78,35,21,13,2,6,3,5,6
133.78,15,8,10,2,4,4,4,7
133.78,86,21,22,11,4,0,1,8
133.79,18,25,7,1,10,2,4,4
133.79,91,18,2,6,10,8,4,18
133.8,25,36,29,8,2,5,11,21
133.81,32,12,5,0,4,4,10,14
133.81,63,20,10,12,7,5,3,10
133.81,2,25,7,1,0,8,12,15
133.82,39,38,10,18,1,7,3,26
133.82,25,16,12,5,23,16,26,108
133.83,15,57,16,1,3,9,2,6
133.84,87,37,18,18,16,12,9,23
133.84,15,12,11,2,9,3,1,5
133.84,33,1,9,1,6,2,6,32
133.85,52,22,22,9,11,2,7,33
133.85,18,45,30,24,26,6,4,0
133.86,5,20,9,26,39,7,4,2
133.87,65,32,31,7,2,1,3,3
133.87,20,10,26,4,5,2,3,60
133.88,18,7,9,4,13,1,3,24
133.88,31,26,17,7,8,4,1,6
133.88,0,1,28,3,4,2,1,12
133.89,6,16,1,2,4,2,3,11
133.9,28,36,34,18,14,9,11,25
133.9,12,11,13,8,3,3,0,17
133.91,17,5,4,1,3,2,7,13
133.91,17,16,10,4,1,0,1,2
133.91,36,16,14,4,7,8,4,1
133.92,5,4,11,3,3,1,2,9
133.93,19,3,4,1,0,4,1,14
133.93,40,8,5,0,1,2,0,20
133.94,11,1,2,6,6,5,2,4
133.94,14,9,8,4,7,2,1,7
133.94,39,11,4,3,5,2,6,10
133.95,44,4,15,2,3,1,1,5
133.96,15,6,34,5,2,1,1,6
133.96,20,9,3,0,2,6,7,0
133.97,14,5,5,2,4,1,3,4
133.97,3,10,2,4,7,3,1,5
133.97,7,1,2,6,4,2,3,10
133.98,40,19,18,5,8,5,3,2
133.99,38,9,2,6,10,12,12,18
133.99,0,3,18,17,3,1,0,4
134,9,8,41,7,0,2,2,0
134,0,17,19,55,11,11,6,4
134,13,4,23,74,7,1,3,1
134.01,1,7,36,38,2,4,2,3
134.01,15,4,70,83,2,7,3,7
134.02,20,0,53,71,4,0,2,3
134.03,2,1,17,57,6,7,1,0
134.03,8,0,58,30,2,3,0,2
134.03,10,3,59,9,3,0,2,1
134.04,16,10,28,30,1,1,19,8
134.04,3,2,18,20,4,6,47,4
134.05,9,4,5,4,6,21,73,21
134.06,6,27,68,40,11,6,89,19
134.06,5,3,127,32,1,18,9,22
134.06,29,11,75,45,4,2,17,17
134.07,21,25,94,6,19,19,37,31
134.07,4,23,68,2,14,8,20,1
134.08,4,13,44,60,7,21,11,13
134.09,10,1,0,84,1,10,1,5
134.09,1,5,60,53,4,7,11,12
134.09,6,6,17,0,3,0,19,5
134.1,9,6,4,9,5,6,27,5
134.1,6,7,24,46,2,11,19,10
134.11,7,5,10,87,13,8,18,6
134.12,2,5,17,38,4,4,5,9
134.12,1,3,30,5,12,2,7,5
134.12,1,11,12,91,16,3,8,1
134.13,10,15,68,128,19,11,17,4
134.13,12,11,19,55,19,2,4,4
134.14,14,26,87,122,37,18,11,12
134.15,22,52,93,88,61,25,12,10
134.15,4,16,106,106,13,1,20,11
134.16,9,18,47,80,11,6,22,11
134.16,12,15,11,25,7,5,8,4
134.16,2,11,8,27,17,11,4,1
134.17,4,4,23,14,2,4,3,2
134.18,9,11,62,92,16,4,2,2
134.18,4,16,25,72,20,12,10,7
134.19,10,27,111,112,24,11,7,4
134.19,10,25,112,44,15,2,0,1
134.19,2,1,18,23,1,3,16,1
134.2,5,6,9,80,7,2,31,11
134.21,17,3,38,35,3,8,9,6
134.21,19,1,16,1,3,3,7,0
134.22,12,24,93,114,23,14,12,4
134.22,33,71,128,128,71,34,16,12
134.22,5,13,85,76,12,7,3,2
134.23,16,25,50,62,31,15,3,2
134.24,8,14,58,32,22,15,13,1
134.24,2,0,33,27,6,4,3,2
134.25,1,6,14,16,4,1,28,1
134.25,2,1,42,28,2,3,25,4
134.25,2,7,47,17,13,12,1,1
134.26,15,17,11,20,14,6,11,6
134.26,19,20,73,56,26,16,13,5
134.27,6,2,31,60,6,2,11,3
134.28,0,2,0,20,11,7,4,2
134.28,2,0,26,20,13,9,30,4
134.28,3,4,22,29,6,1,39,4
134.29,1,6,48,38,1,1,3,1
134.29,8,3,29,9,5,1,2,0
134.3,3,27,103,72,18,9,5,3
134.31,2,12,54,18,5,6,4,2
134.31,1,7,1,33,1,3,3,1
134.31,16,33,48,82,32,20,14,7
134.32,10,23,66,59,28,5,5,3
134.32,1,2,48,23,2,3,1,2
134.33,1,4,66,9,8,5,0,0
134.34,5,5,14,75,17,6,0,1
134.34,2,8,31,43,5,9,6,3
134.34,9,9,7,25,3,1,3,3
134.35,9,25,58,127,30,13,16,6
134.35,12,18,68,73,18,12,8,4
134.36,4,19,5,100,25,21,17,5
134.37,7,13,28,32,12,4,6,12
134.37,3,3,25,22,1,2,3,1
134.38,5,13,21,45,18,13,2,2
134.38,6,2,10,1,0,6,3,2
134.38,5,14,47,24,12,14,2,9
134.39,4,0,21,32,1,5,2,0
134.4,8,11,39,26,6,6,4,3
134.4,4,0,38,43,5,7,3,2
134.41,3,3,23,16,3,1,2,3
134.41,8,7,31,55,18,9,7,4
134.41,3,5,42,39,15,5,1,2
134.42,1,2,54,6,2,6,1,0
134.43,1,15,51,56,12,6,0,1
134.43,1,28,9,32,31,20,8,7
134.44,1,1,25,60,4,6,1,0
134.44,4,16,17,55,12,7,1,2
134.44,4,5,12,1,5,2,2,0
134.45,1,1,73,65,18,12,1,1
134.46,9,14,26,58,32,8,37,1
134.46,2,17,56,68,2,9,49,12
134.47,9,16,3,10,1,1,5,3
134.47,5,19,32,13,1,1,5,3
134.47,9,6,68,39,8,4,11,0
134.48,8,1,12,10,1,2,10,4
134.49,2,11,47,34,2,2,4,4
134.49,3,14,37,22,1,6,37,6
134.5,0,0,44,100,3,9,50,3
134.5,3,5,11,38,4,5,38,1
134.5,2,2,16,6,4,1,16,1
134.51,1,5,51,3,3,4,0,4
134.51,1,1,49,30,2,2,6,1
134.52,5,3,13,12,7,5,0,4
134.53,10,19,14,65,21,1,0,6
134.53,6,13,98,26,6,10,5,3
134.53,5,12,35,39,15,1,5,1
134.54,1,3,28,0,1,1,5,2
134.54,4,0,16,12,2,2,9,0
134.55,3,5,54,10,10,5,14,5
134.56,11,12,21,58,7,2,11,5
134.56,6,4,6,28,2,2,18,8
134.56,1,1,5,0,2,2,12,9
134.57,5,5,17,6,7,1,9,3
134.57,23,7,32,6,4,3,4,0
134.58,11,0,41,12,4,2,9,1
134.59,62,24,65,2,3,8,2,8
134.59,5,2,12,21,19,4,3,3
134.59,36,27,96,1,7,13,8,15
134.6,92,11,14,9,12,1,0,16
134.6,68,16,5,28,2,7,11,19
134.61,96,47,21,54,11,18,5,53
134.62,63,17,77,24,18,12,16,29
134.62,88,44,24,36,20,24,13,94
134.62,77,54,2,7,26,12,15,39
134.63,74,93,18,22,25,26,28,48
134.63,27,33,5,7,2,11,2,39
134.64,64,39,47,15,1,14,16,21
134.65,115,88,28,9,22,28,22,127
134.65,47,9,8,1,1,9,4,49
134.66,122,107,23,31,15,35,25,14
134.66,128,77,64,5,26,36,29,116
134.66,83,13,7,16,15,0,22,37
134.67,127,58,39,4,13,29,24,34
134.68,66,69,22,55,13,24,8,6
134.68,48,31,16,30,12,5,15,60
134.69,12,6,9,29,22,15,7,44
134.69,75,53,97,11,14,12,4,24
134.69,27,3,5,19,16,15,10,31
134.7,101,12,25,0,11,19,27,33
134.71,20,13,41,2,18,10,11,36
134.71,64,24,20,14,6,4,12,95
134.72,19,9,26,25,16,7,3,4
134.72,3,16,11,26,8,7,1,44
134.72,61,34,2,7,8,6,3,15
134.73,37,31,38,4,5,1,5,3
134.74,39,4,6,3,20,9,12,19
134.74,22,12,10,18,2,1,4,7
134.75,32,32,22,13,9,1,2,15
134.75,38,21,42,4,4,1,5,9
134.75,49,6,37,4,8,3,12,36
134.76,88,8,23,10,12,9,11,63
134.76,33,10,4,13,20,8,3,47
134.77,85,45,16,21,53,21,31,39
134.78,60,83,14,13,7,17,9,15
134.78,53,3,8,8,16,3,24,48
134.78,37,23,10,4,6,1,6,4
134.79,70,24,22,26,16,13,11,41
134.79,14,37,27,7,2,7,1,38
134.8,21,16,84,14,5,3,12,5
134.81,84,43,12,10,17,15,23,85
134.81,2,6,36,6,0,1,3,31
134.81,29,15,37,9,7,5,4,21
134.82,7,10,36,13,19,5,5,15
134.82,14,4,56,3,3,3,3,16
134.83,92,35,11,11,23,12,15,44
134.84,26,13,0,5,19,2,3,16
134.84,17,15,21,3,7,0,3,22
134.84,67,12,5,4,8,5,6,15
134.85,101,29,2,13,18,16,28,107
134.85,63,55,43,29,29,23,47,112
134.86,11,37,13,4,0,14,17,25
134.87,41,39,16,7,10,1,7,42
134.87,35,18,5,9,16,6,14,7
134.88,31,34,14,3,3,10,6,18
134.88,33,3,22,13,11,3,1,12
134.88,16,36,15,9,13,2,6,29
134.89,53,23,20,7,9,4,7,53
134.9,20,0,23,21,1,2,11,43
134.9,5,9,14,12,8,1,3,9
134.91,24,7,21,27,36,8,8,4
134.91,26,7,18,13,12,6,9,12
134.91,45,9,13,16,21,5,6,22
134.92,65,31,8,14,28,2,2,5
134.93,85,81,0,4,1,9,5,10
134.93,65,45,8,6,1,0,5,87
134.94,34,11,2,3,6,1,12,77
134.94,52,10,8,2,11,0,7,19
134.94,25,41,24,5,9,10,11,34
134.95,58,19,27,14,9,12,15,14
134.96,53,17,1,6,1,4,7,3
134.96,17,16,3,3,1,8,10,57
134.97,23,10,4,2,0,6,13,23
134.97,16,7,4,16,13,5,5,28
134.97,12,25,10,12,15,1,0,8
134.98,79,47,9,5,5,2,6,29
134.99,12,10,5,4,2,9,9,11
134.99,49,14,52,7,10,2,4,23
135,3,46,52,6,25,1,1,18
135,5,90,25,10,8,7,2,11
135,2,51,29,25,25,5,1,1
135.01,70,38,54,6,2,3,9,2
135.01,3,13,15,2,0,2,3,5
135.02,8,18,29,11,0,2,0,9
135.03,16,19,4,3,5,5,5,10
135.03,26,15,0,5,9,3,1,1
135.03,7,0,16,5,2,7,5,7
135.04,36,46,31,3,3,8,6,0
135.04,16,21,24,0,3,5,4,15
135.05,7,22,2,4,1,1,5,11
135.06,20,14,7,0,1,1,1,6
135.06,35,2,27,9,5,9,4,17
135.06,39,7,22,6,6,5,4,12
135.07,3,8,1,11,6,8,8,2
135.07,4,6,0,3,2,3,2,3
135.08,7,8,11,2,2,0,2,3
135.09,20,3,1,2,5,0,1,9
135.09,8,0,19,3,3,5,3,1
135.09,13,8,1,6,7,7,9,11
135.1,4,14,9,8,4,8,12,9
135.1,8,8,3,5,7,6,4,4
135.11,6,8,3,2,2,7,0,6
135.12,31,4,16,6,1,7,2,10
135.12,41,4,9,7,3,1,8,9
135.12,10,0,35,16,1,7,1,0
135.13,25,18,9,47,15,12,10,9
135.13,8,2,6,9,2,1,2,4
135.14,5,1,40,21,4,5,6,6
135.15,13,14,31,39,4,2,1,3
135.15,14,6,97,111,13,9,5,7
135.16,2,4,96,42,5,2,4,3
135.16,43,47,9,88,36,27,18,35
135.16,19,16,52,75,9,3,4,8
135.17,5,14,30,45,10,6,3,0
135.18,19,18,37,68,16,17,5,15
135.18,26,13,10,13,13,10,0,4
135.19,10,30,34,63,22,13,1,10
135.19,13,24,39,102,21,13,17,6
135.19,33,26,22,64,15,17,15,16
135.2,19,21,62,118,34,7,7,10
135.21,6,7,34,31,2,10,28,4
135.21,13,8,65,20,15,20,30,19
135.22,13,2,28,29,2,3,3,6
135.22,1,12,14,29,5,12,1,13
135.22,4,40,107,72,23,27,9,4
135.23,2,8,58,75,8,4,7,11
135.24,12,11,36,34,1,4,2,4
135.24,17,44,37,30,15,7,8,1
135.25,5,22,36,18,5,9,4,9
135.25,7,50,4,12,15,10,4,4
135.25,2,35,67,25,0,2,4,4
135.26,12,10,11,63,11,11,2,3
135.26,3,16,13,22,17,12,26,19
135.27,1,1,10,94,18,11,7,8
135.28,1,21,46,67,18,23,17,3
135.28,7,29,7,67,6,1,4,6
135.28,23,25,74,48,20,28,15,1
135.29,10,22,5,70,21,14,13,10
135.29,4,18,43,1,14,10,5,3
135.3,1,6,55,5,2,2,6,21
135.31,7,8,0,20,2,11,3,7
135.31,42,1,78,126,13,3,0,4
135.31,46,20,5,9,9,16,9,5
135.32,4,42,15,70,5,7,3,8
135.32,25,10,9,17,0,3,10,14
135.33,17,6,74,71,11,8,8,12
135.34,27,6,51,75,4,3,2,11
135.34,11,28,16,25,15,15,17,0
135.34,11,18,72,32,7,3,9,8
135.35,5,41,43,43,17,8,8,1
135.35,6,8,20,36,5,7,13,6
135.36,16,24,50,3,11,11,19,4
135.37,22,13,56,37,10,8,6,4
135.37,5,31,59,53,12,5,10,2
135.38,9,5,22,29,1,1,6,7
135.38,5,13,83,23,5,0,6,1
135.38,7,1,61,39,9,5,4,4
135.39,2,7,11,4,11,10,0,2
135.4,16,48,59,49,4,2,5,16
135.4,7,6,13,18,18,11,7,13
135.41,10,39,25,67,30,17,14,15
135.41,5,1,41,37,1,7,5,9
135.41,6,6,47,69,2,2,7,4
135.42,2,2,21,35,2,5,2,6
135.43,11,2,29,18,6,1,9,8
135.43,21,7,2,43,0,1,5,16
135.44,7,2,57,52,9,2,12,1
135.44,4,4,44,21,4,9,7,1
135.44,7,15,19,42,3,4,4,7
135.45,2,26,14,21,2,1,1,0
135.46,2,11,16,103,10,3,7,6
135.46,6,5,26,81,19,14,3,1
135.47,2,6,25,2,9,5,1,2
135.47,9,7,46,55,7,4,2,2
135.47,8,9,13,68,3,5,1,2
135.48,8,1,13,29,2,6,2,4
135.49,2,38,43,4,8,4,1,6
135.49,6,6,5,35,4,4,1,2
135.5,16,25,34,46,1,5,3,2
135.5,38,55,79,95,45,32,10,10
135.5,9,15,54,93,20,10,4,1
135.51,9,2,11,27,7,2,2,9
135.51,2,5,51,74,9,1,4,1
135.52,3,2,71,30,4,2,2,2
135.53,1,3,17,12,2,4,1,0
135.53,1,1,8,3,12,2,4,6
135.53,22,36,85,128,48,24,12,17
135.54,3,11,9,58,20,8,8,1
135.54,1,4,6,14,7,4,8,3
135.55,1,12,21,46,7,4,3,2
135.56,9,24,29,27,14,2,4,4
135.56,11,7,33,5,11,1,4,1
135.56,38,3,29,32,5,2,2,2
135.57,2,3,54,59,5,4,5,4
135.57,20,39,111,97,36,20,13,8
135.58,14,14,36,75,13,1,6,6
135.59,12,3,11,25,6,0,1,2
135.59,6,9,2,3,3,1,3,4
135.59,5,7,25,19,2,2,1,1
135.6,8,4,68,46,9,5,2,2
135.6,0,7,54,39,3,1,2,0
135.61,1,1,30,44,2,1,1,8
135.62,10,2,24,17,12,7,2,3
135.62,0,11,62,8,14,7,6,1
135.62,22,4,2,7,4,2,2,0
135.63,17,12,3,34,14,10,6,3
135.63,6,5,4,5,2,1,5,3
135.64,4,23,9,28,20,12,11,14
135.65,44,10,17,7,4,5,3,18
135.65,15,17,24,64,19,13,9,4
135.66,20,8,17,15,7,3,3,6
135.66,34,9,11,31,9,3,1,1
135.66,9,3,3,29,10,3,0,15
135.67,14,13,2,52,8,3,1,4
135.68,0,11,30,90,8,3,4,4
135.68,9,10,37,13,8,9,7,3
135.69,10,7,49,54,6,2,2,2
135.69,10,1,11,29,3,3,0,4
135.69,8,6,6,5,1,1,0,2
135.7,10,1,39,38,12,5,3,2
135.71,5,0,41,38,17,12,5,4
135.71,6,0,23,33,2,2,3,2
135.72,7,1,2,24,1,5,3,0
135.72,1,1,10,1,2,2,1,2
135.72,32,8,51,19,6,5,2,1
135.73,12,1,39,22,5,3,1,1
135.74,55,15,11,9,0,3,0,7
135.74,2,10,2,61,17,3,3,8
135.75,11,4,47,33,1,1,1,0
135.75,24,5,3,9,5,8,7,5
135.75,10,6,6,1,12,5,3,8
135.76,0,5,42,1,8,5,9,7
135.76,21,5,0,3,3,6,0,4
135.77,6,3,12,9,2,4,8,3
135.78,3,15,2,15,17,8,9,11
135.78,20,13,26,10,3,3,2,42
135.78,22,1,18,21,1,0,5,1
135.79,23,2,21,12,3,4,8,10
135.79,68,17,1,15,10,3,3,4
135.8,51,18,73,25,9,12,19,31
135.81,5,4,96,19,7,1,5,56
135.81,43,2,0,1,0,6,6,38
135.81,20,5,40,21,6,3,14,54
135.82,68,4,31,4,5,2,0,7
135.82,69,1,8,10,4,1,2,37
135.83,23,32,19,8,1,1,17,93
135.84,46,43,38,6,16,0,8,63
135.84,23,1,61,26,12,18,14,60
135.84,70,7,32,42,4,3,8,90
135.85,116,25,70,16,13,10,8,49
135.85,61,47,6,100,12,8,1,5
135.86,28,5,8,6,9,6,3,6
135.87,99,38,23,1,7,8,10,7
135.87,20,29,23,7,2,10,13,3
135.88,49,18,6,35,5,9,6,35
135.88,19,11,58,1,38,4,1,16
135.88,26,35,4,1,17,3,8,32
135.89,14,54,66,15,15,3,7,3
135.9,49,3,31,3,1,3,11,55
135.9,11,11,46,13,2,1,1,78
135.91,50,11,15,8,8,6,11,93
135.91,47,7,22,12,6,12,14,114
135.91,27,24,0,2,32,12,19,82
135.92,102,28,6,2,17,6,1,45
135.93,83,29,28,16,3,3,15,51
135.93,128,81,39,21,5,4,4,51
135.94,125,47,30,12,4,11,19,27
135.94,22,3,39,19,17,13,5,61
135.94,57,3,31,17,10,16,30,95
135.95,14,16,37,23,34,7,0,3
135.96,26,6,32,6,5,0,7,39
135.96,23,10,22,6,22,8,7,19
135.97,45,27,16,8,7,1,2,40
135.97,80,11,16,3,3,3,1,14
135.97,24,6,9,11,5,4,3,7
135.98,5,5,31,16,5,0,5,13
135.99,6,4,33,18,14,1,3,16
135.99,35,14,8,4,1,5,8,21
136,52,37,32,2,1,0,8,48
136,17,50,5,5,1,6,7,16
136,0,68,36,11,17,5,17,11
136.01,102,25,11,6,2,4,7,21
136.01,22,9,0,6,10,0,8,46
136.02,35,18,23,3,2,3,7,21
136.03,27,10,14,4,1,2,4,36
136.03,36,13,3,2,1,5,19,8
136.03,26,10,23,21,19,4,6,2
136.04,26,0,42,6,4,5,7,11
136.04,34,17,2,2,0,5,1,16
136.05,10,16,4,6,2,0,4,4
136.06,18,11,29,21,15,1,1,1
136.06,22,14,17,12,19,3,3,2
136.06,55,17,4,5,2,5,3,18
136.07,26,14,20,2,5,0,1,16
136.07,16,14,21,1,1,0,1,29
136.08,0,0,7,3,6,2,4,16
136.09,21,15,6,7,2,1,0,2
136.09,5,4,1,1,1,1,4,3
136.09,5,4,22,2,6,1,0,17
136.1,40,21,6,6,8,4,11,24
136.1,12,20,2,3,2,2,4,13
136.11,8,4,2,5,5,3,7,13
136.12,13,3,0,2,4,1,2,12
136.12,4,6,1,2,6,3,7,18
136.12,25,9,12,0,1,2,3,11
136.13,24,3,20,9,0,3,0,4
136.13,7,6,14,4,0,1,7,26
136.14,16,11,3,5,5,6,5,12
136.15,7,7,12,5,3,2,1,7
136.15,17,1,5,10,2,0,3,4
136.16,0,7,3,31,4,9,4,6
136.16,10,3,4,15,3,4,2,7
136.16,1,2,33,0,7,4,10,4
136.17,30,14,3,31,12,5,6,5
136.18,9,20,10,30,12,11,11,20
136.18,23,11,77,54,5,1,3,9
136.19,11,2,75,27,12,5,0,2
136.19,11,1,113,98,9,5,5,2
136.19,6,13,101,86,7,2,6,7
136.2,6,10,12,30,9,8,2,1
136.21,32,35,34,57,36,20,21,45
136.21,12,17,28,34,9,6,6,3
136.22,1,15,88,98,8,2,0,16
136.22,6,8,4,39,15,6,7,0
136.22,3,8,37,35,10,5,6,12
136.23,5,15,96,88,19,5,10,10
136.24,2,3,48,14,6,9,0,2
136.24,2,1,37,42,0,1,2,6
136.25,3,14,46,43,13,3,2,1
136.25,8,4,34,4,7,1,1,5
136.25,13,17,26,39,12,8,6,12
136.26,1,8,6,2,1,4,2,8
136.26,15,8,40,55,11,1,4,1
136.27,10,8,80,15,7,2,0,1
136.28,11,18,97,44,20,9,5,2
136.28,1,3,36,6,4,1,1,7
136.28,9,9,17,12,12,2,3,11
136.29,4,11,44,46,14,6,5,2
136.29,8,4,41,39,0,1,4,0
136.3,12,7,52,6,6,2,5,12
136.31,7,2,82,25,10,1,2,0
136.31,2,1,30,12,7,10,1,1
136.31,9,22,74,128,22,17,7,9
136.32,2,6,80,37,12,8,6,3
136.32,2,11,30,48,19,11,6,7
136.33,0,1,35,6,3,2,0,4
136.34,0,2,27,43,7,4,1,1
136.34,1,3,69,64,15,6,4,0
136.34,4,3,10,10,13,5,5,3
136.35,2,7,1,16,3,8,3,6
136.35,2,4,8,14,7,4,0,3
136.36,8,22,71,89,28,14,6,4
136.37,9,23,106,29,20,9,4,7
136.37,0,8,48,17,12,6,3,1
136.38,2,3,47,50,5,1,1,2
136.38,2,11,49,48,7,0,4,1
136.38,0,24,29,92,31,13,9,1
136.39,16,59,124,116,48,19,25,13
136.4,7,11,58,80,8,5,3,3
136.4,8,15,64,127,14,3,5,2
136.41,7,8,53,75,11,4,0,1
136.41,3,7,10,4,5,5,4,2
136.41,3,3,20,17,3,5,2,1
136.42,0,4,37,2,3,6,5,0
136.43,3,5,2,17,6,1,5,3
136.43,1,10,0,6,7,7,2,2
136.44,6,8,23,3,4,5,6,4
136.44,2,9,40,35,1,6,5,3
136.44,7,15,5,87,11,7,7,4
136.45,5,10,21,21,12,7,5,3
136.46,4,4,17,5,1,5,3,1
136.46,5,10,60,58,3,11,9,9
136.47,4,1,44,36,4,1,0,2
136.47,5,14,85,93,0,3,2,4
136.47,6,7,18,56,13,7,3,2
136.48,2,10,48,18,12,6,0,1
136.49,3,3,108,31,1,2,1,2
136.49,1,4,18,11,8,2,2,2
136.5,2,1,6,22,15,5,4,0
136.5,3,5,10,22,1,1,1,5
136.5,1,0,29,7,7,3,0,10
136.51,4,7,73,32,4,1,3,3
136.51,3,10,71,33,2,1,0,4
136.52,6,12,80,62,13,0,2,4
136.53,2,2,12,15,5,2,1,1
136.53,1,1,22,5,2,0,4,2
136.53,4,5,67,46,13,4,4,3
136.54,10,8,100,44,15,9,9,4
136.54,10,5,57,3,1,2,4,2
136.55,4,1,44,22,1,3,7,2
136.56,8,17,16,51,24,11,7,3
136.56,15,27,50,84,21,15,7,1
136.56,0,2,22,20,5,3,3,4
136.57,1,2,24,12,3,0,1,0
136.57,2,1,18,30,8,2,1,1
136.58,5,10,2,31,6,6,1,0
136.59,4,5,4,1,0,5,2,2
136.59,1,2,30,4,2,1,0,3
136.59,6,14,8,34,16,10,8,5
136.6,3,2,18,7,1,1,1,1
136.6,2,4,25,7,4,5,3,2
136.61,15,26,101,82,15,5,5,4
136.62,0,1,28,18,7,4,7,6
136.62,0,6,5,5,11,10,4,1
136.62,9,15,11,31,18,10,10,1
136.63,3,8,36,21,14,6,7,2
136.63,8,9,46,10,4,1,4,1
136.64,4,6,28,77,3,9,1,3
136.65,9,10,53,58,21,8,5,2
136.65,9,23,14,20,16,22,9,7
136.66,3,2,26,36,3,1,0,0
136.66,7,13,12,40,14,9,5,4
136.66,3,6,36,33,7,0,5,3
136.67,3,4,32,16,1,1,2,3
136.68,4,7,9,22,6,5,2,1
136.68,1,4,5,13,3,1,1,2
136.69,3,5,6,20,4,2,2,1
136.69,2,2,31,21,2,0,0,1
136.69,2,4,8,2,2,1,3,3
136.7,1,3,12,23,5,4,1,2
136.71,3,6,5,1,0,2,2,1
136.71,3,4,16,19,5,3,0,1
136.72,8,23,70,110,21,18,10,7
136.72,19,36,36,128,38,23,14,17
136.72,2,1,30,5,1,1,3,0
136.73,3,8,5,46,6,4,1,1
136.74,7,8,18,14,3,2,3,2
136.74,4,5,68,2,12,9,2,7
136.75,6,3,80,2,2,1,6,5
136.75,4,2,13,66,7,5,4,0
136.75,21,44,82,107,43,21,13,12
136.76,11,9,15,61,6,5,3,4
136.76,1,0,2,33,2,3,1,2
136.77,10,16,8,40,12,16,4,8
136.78,14,2,6,15,0,6,6,4
136.78,8,9,23,39,13,4,5,6
136.78,47,11,6,22,4,10,6,7
136.79,5,7,10,33,10,8,2,3
136.79,2,7,13,21,1,6,8,4
136.8,32,14,28,8,9,9,8,10
136.81,35,16,5,23,4,2,0,5
136.81,24,10,28,24,3,3,9,11
136.81,83,22,17,28,7,7,7,10
136.82,4,2,63,18,5,6,1,3
136.82,11,1,14,4,4,4,1,2
136.83,23,9,6,19,3,1,2,5
136.84,21,9,16,14,7,2,2,2
136.84,17,1,20,11,2,3,2,1
136.84,4,1,21,7,0,1,6,4
136.85,16,14,33,22,10,6,4,7
136.85,18,8,8,12,7,6,5,4
136.86,25,11,4,7,2,9,1,7
136.87,65,16,4,8,5,7,2,19
136.87,30,4,15,5,2,7,8,24
136.88,96,62,19,16,14,15,17,24
136.88,85,7,6,0,4,2,22,19
136.88,57,34,4,11,5,17,13,48
136.89,27,24,14,19,6,7,8,36
136.9,82,36,1,15,0,2,30,60
136.9,37,21,30,5,19,6,1,91
136.91,115,57,5,5,3,30,22,120
136.91,76,24,23,6,11,18,21,79
136.91,70,21,70,46,2,6,9,22
136.92,22,2,29,2,8,7,25,19
136.93,109,46,2,30,18,32,22,124
136.93,18,32,8,10,5,8,1,17
136.94,74,30,50,0,14,14,6,14
136.94,128,75,23,6,1,9,9,78
136.94,17,46,35,15,10,18,10,11
136.95,83,32,4,7,22,22,43,58
136.96,107,53,8,1,5,0,11,50
136.96,31,39,12,26,7,11,4,19
136.97,128,61,1,22,23,32,56,124
136.97,20,51,30,11,12,23,1,61
136.97,42,12,15,2,2,4,6,4
136.98,14,2,2,7,5,0,14,54
136.99,51,25,11,9,9,15,19,52
136.99,66,23,31,4,40,23,39,34
137,84,28,8,12,3,6,12,53
137,35,4,2,2,8,7,2,9
137,66,36,21,15,14,15,28,31
137.01,81,74,10,2,5,10,15,43
137.01,127,40,24,9,1,0,5,17
137.02,0,23,18,6,8,1,20,8
137.03,68,43,6,7,22,7,0,13
137.03,17,24,7,3,10,15,16,6
137.03,32,6,3,22,0,2,2,25
137.04,5,7,14,20,4,6,13,12
137.04,6,9,18,17,3,4,8,44
137.05,40,5,19,15,1,6,7,24
137.06,8,16,3,9,1,5,0,31
137.06,31,25,12,9,7,5,25,79
137.06,21,8,6,5,3,7,0,21
137.07,3,16,10,12,10,7,27,20
137.07,8,4,18,4,7,1,6,0
137.08,48,12,16,2,3,6,3,15
137.09,1,7,4,6,8,3,3,7
137.09,37,9,6,4,14,11,10,8
137.09,30,24,14,6,6,10,15,40
137.1,63,18,2,3,12,5,15,31
137.1,13,6,13,7,2,8,5,10
137.11,22,14,2,4,6,7,11,12
137.12,6,3,17,8,3,2,7,11
137.12,27,14,19,37,5,11,12,11
137.12,29,5,15,21,6,4,5,16
137.13,0,1,34,5,5,3,6,11
137.13,13,8,21,9,5,5,7,18
137.14,16,14,6,2,9,18,16,15
137.15,2,11,3,6,5,6,3,0
137.15,3,5,25,12,3,2,4,2
137.16,6,1,27,8,0,8,12,34
137.16,1,4,15,3,9,8,20,30
137.16,41,21,26,6,3,9,44,17
137.17,15,3,11,8,2,4,8,16
137.18,12,10,7,9,7,0,0,5
137.18,4,3,1,32,8,6,20,11
137.19,11,8,34,42,2,10,14,9
137.19,0,17,80,68,17,8,17,3
137.19,8,6,81,9,10,5,10,12
137.2,7,4,33,3,1,5,11,11
137.21,9,17,9,56,16,12,9,2
137.21,13,19,23,38,10,11,2,12
137.22,7,4,14,17,1,9,5,14
137.22,3,10,11,4,5,11,9,11
137.22,8,19,42,83,19,9,5,7
137.23,7,13,13,4,4,2,5,14
137.24,6,9,3,13,1,5,2,4
137.24,21,24,38,119,23,9,13,5
137.25,15,15,56,52,11,5,10,7
137.25,39,15,16,27,4,5,0,13
137.25,7,17,16,71,20,13,11,11
137.26,10,26,74,100,29,14,7,4
137.26,16,40,111,128,48,18,4,11
137.27,19,15,112,102,9,5,6,3
137.28,2,5,46,23,7,4,4,9
137.28,6,11,38,10,10,6,3,8
137.28,3,8,3,4,9,3,2,1
137.29,0,25,77,91,18,7,9,3
137.29,5,9,45,63,9,3,5,2
137.3,16,10,2,6,4,2,2,3
137.31,8,5,12,21,1,1,1,4
137.31,10,7,13,36,3,5,4,4
137.31,14,28,82,100,24,12,7,6
137.32,10,6,18,9,3,3,3,2
137.32,1,3,9,10,3,4,7,2
137.33,19,26,90,87,20,14,9,5
137.34,8,15,84,3,4,5,6,1
137.34,1,1,2,10,6,4,4,5
137.34,5,4,1,6,4,2,3,2
137.35,12,14,48,20,13,4,4,2
137.35,8,22,37,127,33,13,7,0
137.36,27,43,116,117,49,21,14,5
137.37,5,3,61,17,1,3,4,1
137.37,1,2,30,27,6,2,1,1
137.38,3,5,53,55,4,3,3,2
137.38,2,3,22,22,3,0,1,1
137.38,1,8,12,18,2,3,1,1
137.39,6,11,19,38,10,2,1,2
137.4,5,5,3,3,11,4,3,8
137.4,4,5,11,24,2,2,2,3
137.41,2,1,33,14,8,8,5,8
137.41,7,6,8,21,5,1,2,6
137.41,1,2,39,14,3,1,0,2
137.42,4,2,51,56,2,1,3,0
137.43,4,6,27,47,0,5,3,0
137.43,7,10,34,33,6,2,2,2
137.44,1,4,19,13,10,3,0,3
137.44,2,2,43,1,8,5,0,4
137.44,12,21,55,71,22,17,5,3
137.45,1,2,5,4,6,1,3,2
137.46,1,1,2,8,3,5,4,0
137.46,3,8,36,44,9,3,4,3
137.47,0,2,16,11,6,3,0,3
137.47,5,5,48,7,5,5,3,1
137.47,2,1,3,44,0,12,2,7
137.48,5,0,40,4,6,5,1,2
137.49,0,1,33,45,12,3,4,0
137.49,7,1,34,26,9,6,5,4
137.5,10,10,23,66,19,9,5,5
137.5,5,3,31,11,9,1,0,0
137.5,0,12,46,38,13,11,8,3
137.51,0,2,46,31,10,3,9,2
137.51,4,10,94,47,0,1,4,6
137.52,0,5,51,29,4,2,4,3
137.53,5,8,55,29,4,4,40,9
137.53,3,9,45,5,7,4,12,7
137.53,15,10,10,13,8,14,79,38
137.54,1,2,15,12,3,3,6,17
137.54,8,2,13,6,3,5,25,42
137.55,0,1,7,0,2,7,21,2
137.56,1,7,6,6,4,2,17,11
137.56,3,11,7,48,10,7,7,1
137.56,5,13,14,54,13,11,1,8
137.57,5,15,62,66,18,6,0,2
137.57,15,29,63,72,28,8,8,3
137.58,5,8,38,9,2,1,2,6
137.59,8,14,20,58,10,2,3,9
137.59,7,7,8,0,2,8,11,9
137.59,11,21,41,64,26,11,19,10
137.6,8,21,49,117,22,14,9,2
137.6,17,28,33,71,27,11,28,3
137.61,2,4,40,6,9,2,0,10
137.62,5,10,38,63,9,8,19,9
137.62,1,3,15,3,8,6,8,7
137.62,12,13,0,26,16,2,59,11
137.63,10,10,30,23,5,9,85,19
137.63,1,2,9,21,4,1,28,3
137.64,7,8,5,9,8,8,30,13
137.65,1,5,10,15,3,6,12,11
137.65,3,5,26,25,1,5,20,9
137.66,3,2,10,14,4,1,7,0
137.66,2,8,42,49,12,7,0,1
137.66,12,25,98,74,30,13,15,3
137.67,11,26,35,76,25,19,3,2
137.68,5,11,25,21,17,3,6,2
137.68,3,1,12,7,1,0,12,4
137.69,2,4,2,1,3,1,15,5
137.69,1,3,2,22,7,5,13,3
137.69,7,9,3,16,7,1,1,1
137.7,2,5,13,19,9,1,3,5
137.71,2,8,57,21,2,4,11,6
137.71,0,1,4,17,7,7,1,2
137.72,3,0,7,13,1,3,8,2
137.72,5,8,18,29,5,0,4,4
137.72,1,6,32,48,4,5,13,2
137.73,1,1,1,18,1,7,30,7
137.74,11,19,38,93,16,11,61,7
137.74,28,44,91,111,40,28,100,27
137.75,3,2,4,61,7,1,11,1
137.75,1,5,4,17,2,0,11,4
137.75,1,4,36,32,6,1,7,1
137.76,3,1,6,2,10,9,27,5
137.76,6,23,84,58,17,10,11,1
137.77,5,13,14,46,15,10,5,5
137.78,16,32,40,72,29,13,20,6
137.78,2,4,46,2,3,2,15,1
137.78,1,0,6,15,2,3,19,2
137.79,12,22,45,64,22,11,15,6
137.79,3,2,21,19,6,2,17,6
137.8,4,9,35,28,9,5,6,4
137.81,5,9,33,16,12,3,5,1
137.81,3,1,5,23,1,8,1,4
137.81,7,13,45,61,8,5,15,3
137.82,4,5,10,8,4,7,12,3
137.82,10,3,5,9,5,3,0,3
137.83,18,1,4,20,12,1,10,1
137.84,4,5,5,9,0,4,15,6
137.84,73,20,4,10,13,9,9,8
137.84,8,2,3,9,6,2,1,2
137.85,5,2,14,30,3,4,1,2
137.85,26,12,24,24,8,8,2,7
137.86,13,1,3,4,2,4,8,5
137.87,2,5,11,2,3,5,8,3
137.87,8,5,9,21,11,4,1,0
137.88,6,1,23,19,11,7,7,2
137.88,13,8,7,5,3,1,1,2
137.88,6,4,3,4,6,2,4,4
137.89,2,4,6,15,16,4,2,3
137.9,10,7,16,12,1,2,1,2
137.9,17,13,4,15,2,1,2,3
137.91,0,7,16,9,0,1,2,1
137.91,11,5,11,15,5,2,2,4
137.91,1,7,1,1,8,1,1,3
137.92,5,8,1,14,14,2,5,7
137.93,4,0,8,2,12,2,4,0
137.93,6,1,19,4,4,1,4,4
137.94,31,6,3,11,4,6,5,5
137.94,35,7,7,13,2,0,7,4
137.94,3,10,0,4,6,3,5,0
137.95,51,7,28,10,1,10,10,17
137.96,14,7,47,14,4,6,5,4
137.96,6,30,76,65,12,2,4,2
137.97,30,9,10,4,0,0,4,11
137.97,31,7,10,11,10,7,6,12
137.97,4,14,7,18,2,4,4,3
137.98,4,6,13,17,3,4,5,2
137.99,7,1,18,16,4,5,9,7
137.99,2,5,1,11,5,8,5,1
138,6,5,6,1,2,5,2,1
138,21,4,23,27,1,2,4,2
138,64,9,12,8,3,4,1,2
138.01,72,15,7,5,10,4,7,4
138.01,52,11,18,19,2,3,2,6
138.02,58,29,5,7,0,2,5,3
138.03,5,27,12,1,1,8,7,9
138.03,9,30,5,13,14,2,3,19
138.03,37,27,34,40,29,1,1,29
138.04,66,2,8,5,5,13,12,24
138.04,31,18,16,22,6,1,1,20
138.05,60,3,4,21,4,8,12,23
138.06,66,21,1,17,20,1,6,19
138.06,73,32,13,17,25,6,9,9
138.06,50,28,2,8,31,1,9,48
138.07,100,39,10,5,5,1,6,6
138.07,102,29,14,0,7,8,21,26
138.08,94,1,8,5,5,3,8,12
138.09,71,29,5,13,2,6,2,31
138.09,107,70,22,17,6,14,37,103
138.09,23,28,45,9,12,3,1,24
138.1,12,9,2,25,28,3,2,75
138.1,6,4,8,12,26,9,13,47
138.11,5,26,16,0,17,3,3,53
138.12,51,4,64,5,6,2,2,19
138.12,88,10,19,2,27,2,4,18
138.12,128,57,23,6,30,17,4,5
138.13,89,43,60,11,24,14,18,70
138.13,21,26,37,16,44,13,17,87
138.14,56,33,32,8,10,6,3,30
138.15,34,26,38,6,9,8,12,21
138.15,53,5,19,4,8,2,0,4
138.16,28,10,1,4,14,5,9,53
138.16,36,47,12,18,7,3,5,5
138.16,36,27,101,13,19,4,11,31
138.17,24,108,128,51,42,9,6,14
138.18,53,62,127,28,34,26,26,50
138.18,0,16,8,6,26,20,20,15
138.19,44,36,8,6,10,15,9,22
138.19,79,35,4,8,17,18,23,34
138.19,96,5,0,10,15,1,0,58
138.2,25,30,3,1,3,3,3,1
138.21,36,41,46,16,6,2,2,21
138.21,40,37,19,6,4,7,13,23
138.22,47,2,4,2,17,7,13,1
138.22,10,5,2,9,19,6,1,20
138.22,14,8,23,6,5,1,1,3
138.23,12,25,2,11,3,4,4,26
138.24,19,7,23,2,3,1,2,22
138.24,9,3,10,0,1,5,4,10
138.25,19,9,30,2,1,4,7,5
138.25,4,11,14,2,6,4,3,4
138.25,57,15,7,2,4,3,3,21
138.26,64,18,4,1,7,5,11,18
138.26,24,19,20,9,5,4,8,14
138.27,10,2,11,3,3,1,3,4
138.28,11,11,9,1,4,8,22,16
138.28,3,3,4,1,3,3,1,9
138.28,10,0,2,0,6,4,18,5
138.29,13,8,7,6,5,0,4,5
138.29,21,7,6,0,1,8,7,5
138.3,1,9,1,1,13,5,4,6
138.31,3,1,5,4,2,1,5,5
138.31,20,14,2,2,6,7,14,2
138.31,25,7,2,2,4,7,19,0
138.32,8,3,9,12,15,3,0,1
138.32,5,4,18,26,25,2,1,3
138.33,2,1,4,1,0,4,5,4
138.34,5,6,2,2,2,2,6,5
138.34,3,1,3,3,4,1,3,6
138.34,9,1,8,11,15,5,3,2
138.35,5,3,10,1,5,6,4,2
138.35,8,6,8,16,4,1,4,10
138.36,7,4,13,8,6,4,11,11
138.37,4,4,20,9,8,6,6,3
138.37,5,10,1,72,6,6,0,2
138.38,14,25,21,93,21,17,1,14
138.38,6,3,49,36,8,6,8,12
138.38,11,12,33,58,4,8,3,15
138.39,12,35,103,88,31,17,23,15
138.4,29,18,100,40,2,7,18,10
138.4,9,11,49,38,24,6,20,6
138.41,7,11,50,22,5,1,32,28
138.41,19,11,6,69,21,21,93,37
138.41,5,36,120,127,37,8,14,12
138.42,19,1,25,82,6,6,4,11
138.43,3,21,9,65,27,16,4,5
138.43,2,29,52,70,25,23,43,21
138.44,15,33,110,83,21,9,17,1
138.44,5,13,26,32,7,19,4,11
138.44,39,15,91,33,11,5,10,4
138.45,3,25,81,128,26,10,2,12
138.46,1,26,127,66,11,2,14,11
138.46,22,29,65,127,35,19,20,15
138.47,5,19,96,78,25,11,17,3
138.47,15,31,52,39,22,18,15,15
138.47,1,2,3,15,2,1,2,1
138.48,4,0,46,25,2,2,6,11
138.49,20,42,127,127,34,15,0,0
138.49,20,26,75,43,22,8,4,11
138.5,9,2,45,21,4,3,4,5
138.5,1,3,78,19,5,1,4,2
138.5,4,20,39,89,28,7,1,2
138.51,18,43,84,68,41,17,6,6
138.51,5,8,67,36,1,2,0,4
138.52,7,12,26,25,11,9,10,2
138.53,7,15,25,45,9,1,1,4
138.53,7,17,12,26,23,8,14,7
138.53,1,2,7,32,0,2,3,1
138.54,4,1,37,6,1,5,1,5
138.54,6,2,71,46,3,2,4,1
138.55,6,16,100,59,7,6,2,3
138.56,10,15,64,43,7,5,5,3
138.56,3,7,19,18,3,2,2,1
138.56,2,1,15,9,6,2,0,0
138.57,3,10,19,24,8,4,3,2
138.57,2,4,23,23,7,5,3,0
138.58,16,32,113,128,29,13,11,0
138.59,1,5,35,23,2,1,2,3
138.59,2,2,28,17,2,2,1,1
138.59,3,9,36,37,4,2,1,4
138.6,4,9,32,4,1,1,2,5
138.6,4,9,5,7,8,5,0,3
138.61,5,17,51,47,12,6,8,3
138.62,10,16,66,27,9,5,11,2
138.62,2,9,32,25,10,1,16,1
138.62,7,11,12,8,15,11,27,7
138.63,1,8,15,53,3,4,5,0
138.63,8,13,42,37,7,5,3,1
138.64,5,2,23,2,6,2,0,1
138.65,0,5,39,29,4,0,11,1
138.65,0,7,58,42,0,1,17,1
138.66,1,2,30,22,1,2,5,3
138.66,10,5,76,51,3,2,7,2
138.66,8,6,34,11,10,5,11,5
138.67,11,34,94,90,39,20,14,6
138.68,1,5,36,23,4,2,7,2
138.68,7,14,47,25,5,0,4,1
138.69,5,12,42,85,7,2,4,3
138.69,5,3,6,52,4,4,5,0
138.69,4,7,51,5,1,6,9,6
138.7,5,6,5,3,0,4,1,0
138.71,6,7,3,17,5,2,5,2
138.71,3,11,72,71,13,1,2,5
138.72,3,3,12,19,5,6,3,0
138.72,2,3,19,19,7,9,1,5
138.72,0,3,21,7,1,2,3,4
138.73,11,22,73,62,14,2,10,0
138.74,12,17,30,44,23,10,10,4
138.74,3,9,72,11,5,3,27,5
138.75,7,8,93,25,1,6,2,3
138.75,4,1,70,45,12,3,4,0
138.75,5,6,13,50,7,8,2,2
138.76,2,5,77,52,1,4,9,6
138.76,11,22,17,94,25,14,9,3
138.77,5,9,4,8,12,9,8,2
138.78,0,5,27,17,7,1,1,1
138.78,0,5,14,8,4,2,0,1
138.78,3,1,26,6,2,2,7,4
138.79,3,0,1,20,1,3,0,1
138.79,7,16,43,21,16,5,11,6
138.8,3,8,26,1,6,2,2,4
138.81,0,3,12,21,3,1,2,1
138.81,5,15,35,89,17,8,6,5
138.81,4,10,17,50,18,9,3,4
138.82,5,1,2,4,19,2,1,4
138.82,1,3,1,5,4,1,0,1
138.83,7,12,63,97,19,5,8,0
138.84,10,12,51,62,14,4,8,0
138.84,13,18,38,68,12,14,6,5
138.84,1,1,21,16,2,3,0,1
138.85,6,15,5,23,12,12,1,4
138.85,3,4,83,39,2,5,2,5
138.86,4,8,74,48,5,5,5,1
138.87,5,5,6,26,2,4,1,0
138.87,1,0,10,22,3,2,1,0
138.88,2,1,21,3,3,0,4,2
138.88,2,3,20,10,2,1,3,1
138.88,0,1,5,4,3,7,2,2
138.89,4,8,3,34,14,5,4,5
138.9,2,1,2,11,8,6,3,2
138.9,2,8,36,62,4,5,1,2
138.91,4,5,15,56,10,6,0,2
138.91,2,11,8,17,6,3,3,4
138.91,1,2,5,3,0,3,2,1
138.92,4,6,1,29,13,4,2,1
138.93,2,4,7,21,9,2,5,1
138.93,6,11,17,23,16,4,6,2
138.94,5,8,31,39,7,5,1,1
138.94,11,18,19,58,15,10,5,5
138.94,2,0,1,2,0,1,1,2
138.95,2,0,5,3,0,3,0,1
138.96,2,2,21,4,3,3,1,2
138.96,5,6,30,53,3,4,3,1
138.97,18,30,91,70,26,12,9,10
138.97,2,1,26,4,7,12,3,3
138.97,1,1,14,4,4,7,6,3
138.98,5,8,15,15,12,11,6,3
138.99,9,8,6,49,9,4,0,7
138.99,4,11,22,51,17,5,9,15
139,24,9,17,28,10,7,6,4
139,4,7,21,13,2,9,1,0
139,1,0,5,1,1,1,2,4
139.01,4,3,12,4,2,6,2,9
139.01,13,2,16,0,7,6,3,2
139.02,12,6,4,18,3,0,6,3
139.03,20,0,11,1,16,9,8,3
139.03,72,11,8,54,9,1,3,9
139.03,6,17,19,25,10,9,5,1
139.04,1,3,6,28,1,5,1,18
139.04,39,17,37,4,6,0,9,32
139.05,73,12,17,4,5,3,3,54
139.06,94,12,53,79,26,1,16,75
139.06,58,27,63,14,20,4,1,22
139.06,33,3,43,33,14,9,5,2
139.07,37,17,11,10,16,17,21,27
139.07,51,23,4,1,5,7,10,69
139.08,86,25,19,13,4,15,22,82
139.09,43,45,26,4,4,15,17,23
139.09,39,11,56,10,3,10,0,4
139.09,81,12,3,15,8,4,11,16
139.1,23,23,0,6,5,14,10,43
139.1,15,9,22,17,6,8,0,4
139.11,19,6,18,0,4,14,18,42
139.12,6,3,27,14,4,4,2,0
139.12,12,3,2,4,2,7,5,15
139.12,17,5,13,5,1,2,4,14
139.13,19,6,6,1,0,1,1,5
139.13,15,4,4,24,5,4,5,1
139.14,21,5,24,16,30,3,5,6
139.15,11,7,16,13,18,4,4,3
139.15,15,5,4,13,15,4,3,11
139.16,3,4,20,8,7,2,4,1
139.16,11,14,6,1,7,7,5,6
139.16,29,18,37,2,8,2,6,16
139.17,22,9,69,9,5,2,3,5
139.18,103,12,22,1,1,1,6,20
139.18,43,11,8,2,8,1,0,12
139.19,27,5,45,7,0,4,6,4
139.19,100,5,39,2,3,4,6,10
139.19,82,8,9,3,1,0,7,18
139.2,7,9,11,1,2,3,0,27
139.21,26,5,4,13,8,1,2,2
139.21,23,11,27,7,2,2,1,11
139.22,20,8,15,16,13,11,9,11
139.22,23,22,5,4,2,6,1,10
139.22,30,27,6,4,16,5,5,3
139.23,36,7,9,0,6,10,3,13
139.24,17,6,3,8,17,11,9,7
139.24,21,7,18,11,5,7,7,5
139.25,24,19,30,0,3,3,2,15
139.25,1,11,34,2,14,1,4,46
139.25,58,15,80,10,14,4,1,13
139.26,101,49,86,2,6,12,9,21
139.26,5,15,18,28,8,4,1,5
139.27,31,12,32,14,1,0,2,8
139.28,57,18,5,14,10,3,3,16
139.28,79,33,8,18,4,6,3,33
139.28,99,9,9,10,0,4,3,4
139.29,63,45,19,22,19,16,16,45
139.29,8,21,13,9,4,2,8,2
139.3,49,30,9,5,2,4,3,62
139.31,84,22,18,4,9,4,1,72
139.31,7,2,20,4,5,1,2,20
139.31,58,13,35,9,4,1,7,13
139.32,38,2,9,3,0,1,6,6
139.32,74,18,19,4,3,3,5,36
139.33,28,3,1,11,6,3,2,27
139.34,12,18,20,5,7,3,6,13
139.34,46,26,17,37,5,3,1,10
139.34,18,22,27,16,11,0,6,8
139.35,48,6,18,10,7,6,0,1
139.35,12,5,28,8,2,3,1,1
139.36,6,7,18,15,2,0,3,17
139.37,24,7,2,7,3,5,6,4
139.37,43,16,4,6,10,1,0,5
139.38,90,30,12,9,1,0,6,19
139.38,10,1,2,4,1,3,3,24
139.38,9,7,3,4,0,0,3,13
139.39,39,6,3,4,2,8,4,10
139.4,11,4,5,8,0,1,3,8
139.4,17,11,0,4,2,2,0,1
139.41,0,7,2,5,3,4,1,6
139.41,40,2,7,4,2,7,2,6
139.41,43,16,5,8,0,6,2,2
139.42,6,3,2,7,6,2,3,3
139.43,7,14,3,2,3,6,6,6
139.43,4,11,1,5,3,3,0,2
139.44,3,8,3,3,0,3,0,3
139.44,3,6,2,8,7,5,0,5
139.44,2,1,2,3,13,3,1,2
139.45,13,5,6,0,7,3,6,6
139.46,19,2,19,9,4,7,6,1
139.46,8,1,4,4,6,0,2,3
139.47,22,2,4,6,8,3,1,0
139.47,31,3,2,0,1,8,3,2
139.47,2,19,1,2,3,8,4,7
139.48,34,21,2,3,2,2,1,0
139.49,12,13,6,3,3,1,4,1
139.49,18,3,4,4,4,3,3,4
139.5,21,10,4,4,1,2,1,0
139.5,4,11,4,1,7,6,5,4
139.5,3,0,3,0,1,5,3,3
139.51,8,1,0,4,7,0,2,2
139.51,9,3,0,3,5,2,0,3
139.52,1,4,1,1,1,5,1,0
139.53,7,1,3,5,4,4,4,1
139.53,6,2,6,1,0,4,1,2
139.53,4,9,6,7,6,7,5,6
139.54,7,4,6,11,1,1,4,6
139.54,14,8,7,17,1,0,3,6
139.55,1,7,9,2,4,1,1,0
139.56,3,3,0,3,2,0,1,1
139.56,5,4,16,14,4,6,1,4
139.56,10,4,22,27,6,5,2,7
139.57,6,20,38,55,20,7,5,3
139.57,11,13,27,4,5,8,1,3
139.58,13,7,58,60,1,0,1,3
139.59,29,20,91,103,20,9,7,14
139.59,55,40,98,77,23,15,10,23
139.59,38,12,73,29,25,18,8,2
139.6,37,2,58,84,14,2,1,14
139.6,8,10,12,102,8,9,4,28
139.61,1,4,71,41,7,4,2,4
139.62,14,10,60,31,1,1,3,7
139.62,8,23,71,74,13,3,3,1
139.62,30,14,30,1,10,1,8,34
139.63,34,16,81,111,26,10,5,22
139.63,2,22,25,74,20,14,4,1
139.64,5,12,63,85,17,7,3,8
139.65,10,33,71,105,42,26,10,17
139.65,53,11,117,10,6,14,10,13
139.66,7,27,34,73,21,9,9,12
139.66,3,10,32,52,2,5,2,13
139.66,9,31,73,76,30,17,10,6
139.67,12,10,66,31,6,4,2,2
139.68,16,26,33,91,35,16,8,6
139.68,9,15,24,96,13,9,4,3
139.69,5,17,12,42,15,10,6,7
139.69,25,23,48,70,21,9,5,5
139.69,11,1,60,58,17,10,1,1
139.7,4,10,57,102,19,10,10,4
139.71,5,11,59,21,11,5,0,1
139.71,5,8,54,35,14,4,4,0
139.72,16,29,41,128,28,17,12,12
139.72,1,0,43,34,0,2,1,1
139.72,1,2,7,11,1,2,1,1
139.73,7,12,29,4,7,8,3,1
139.74,3,1,13,7,13,1,2,1
139.74,2,5,11,12,19,12,8,6
139.75,7,8,34,46,8,3,2,3
139.75,8,0,13,6,6,5,0,1
139.75,7,7,30,1,10,2,3,3
139.76,1,13,60,6,13,5,1,3
139.76,8,15,47,37,13,7,7,7
139.77,0,4,2,21,10,1,6,5
139.78,1,8,26,34,3,8,3,1
139.78,0,3,2,8,4,1,2,1
139.78,4,7,10,1,4,1,1,3
139.79,12,20,79,62,20,10,8,4
139.79,19,29,82,54,28,7,6,6
139.8,2,14,38,36,15,11,8,4
139.81,4,10,52,23,0,3,2,1
139.81,4,7,66,50,0,2,1,2
139.81,9,21,51,74,16,9,6,9
139.82,7,8,16,15,5,3,4,4
139.82,11,25,51,82,21,10,7,4
139.83,26,59,110,124,49,32,19,14
139.84,6,5,62,43,3,4,0,0
139.84,2,7,19,42,9,5,2,1
139.84,0,3,25,16,5,2,3,12
139.85,3,11,4,22,4,3,3,0
139.85,2,10,38,44,7,5,5,5
139.86,4,3,13,9,5,4,4,3
139.87,2,1,8,3,3,0,4,5
139.87,1,1,8,0,2,3,3,1
139.88,7,12,18,96,15,2,2,3
139.88,7,13,24,27,13,8,3,5
139.88,6,5,0,5,4,3,0,4
139.89,2,1,13,28,0,1,2,1
139.9,9,22,51,78,22,12,3,1
139.9,15,31,94,34,28,5,9,8
139.91,7,21,26,77,27,14,6,6
139.91,3,17,58,41,21,4,6,0
139.91,3,9,53,39,8,2,2,2
139.92,5,8,16,35,13,5,1,1
139.93,2,1,21,21,7,2,5,1
139.93,1,3,16,20,3,1,2,0
139.94,5,5,18,6,4,3,0,4
139.94,5,6,13,6,1,0,0,4
139.94,22,15,52,1,10,8,9,27
139.95,30,1,18,0,6,2,4,68
139.96,93,32,8,17,9,13,20,73
139.96,12,12,1,2,4,11,22,49
139.97,11,5,23,1,5,0,1,4
139.97,25,16,41,13,7,6,12,26
139.97,46,5,11,44,7,1,9,56
139.98,21,10,30,7,1,2,1,3
139.99,20,12,60,97,18,4,4,9
139.99,7,19,33,36,22,9,3,18
140,3,8,19,29,7,0,2,3
140,12,16,35,62,12,9,8,3
140,6,9,0,21,4,0,7,1
140.01,17,0,42,36,2,0,5,26
140.01,1,9,51,19,10,2,6,7
140.02,5,10,69,51,5,5,4,16
140.03,4,20,118,15,2,1,3,2
140.03,14,3,57,7,1,8,6,22
140.03,2,4,32,24,5,3,1,2
140.04,10,8,32,11,3,2,0,10
140.04,10,8,32,20,9,2,6,10
140.05,9,8,30,19,6,2,2,16
140.06,10,2,3,3,3,2,2,7
140.06,1,6,20,17,7,5,4,6
140.06,5,9,26,29,8,9,2,7
140.07,6,3,0,9,1,1,3,0
140.07,25,11,41,13,6,1,2,1
140.08,26,10,31,15,8,0,5,3
140.09,35,19,11,12,16,2,3,6
140.09,7,3,26,4,18,5,8,4
140.09,29,16,3,9,2,5,1,45
140.1,39,10,31,16,8,4,11,1
140.1,16,7,20,1,10,2,8,28
140.11,9,29,73,13,17,6,9,16
140.12,23,20,49,20,5,0,2,6
140.12,97,18,10,2,5,4,0,9
140.12,36,26,3,2,4,4,13,50
140.13,13,13,13,12,6,0,11,16
140.13,101,68,7,23,24,42,36,83
140.14,122,22,8,10,27,20,23,42
140.15,52,9,13,18,35,1,6,43
140.15,75,19,32,1,1,26,41,84
140.16,92,50,20,14,31,17,24,91
140.16,42,6,8,15,15,6,7,29
140.16,0,2,60,13,3,14,19,67
140.17,52,9,13,2,10,9,11,24
140.18,11,7,55,10,2,4,13,47
140.18,95,62,40,10,2,3,4,26
140.19,63,30,47,30,7,1,1,39
140.19,38,5,5,12,0,2,2,7
140.19,23,2,13,29,1,5,1,22
140.2,13,21,7,21,6,4,1,8
140.21,40,8,9,21,5,2,7,4
140.21,46,26,4,39,18,8,6,31
140.22,4,22,1,55,6,14,19,75
140.22,3,4,29,26,12,14,29,100
140.22,79,16,12,41,8,21,15,37
140.23,17,27,41,29,12,7,7,4
140.24,5,14,7,15,9,8,13,32
140.24,29,1,14,8,16,6,3,90
140.25,59,4,3,31,9,9,19,81
140.25,93,38,19,5,4,2,1,11
140.25,9,6,3,10,3,2,2,25
140.26,36,17,32,34,18,9,4,4
140.26,32,25,1,9,8,3,13,55
140.27,9,5,11,5,11,5,4,9
140.28,47,34,31,5,5,5,12,29
140.28,39,26,34,7,5,6,0,2
140.28,105,36,15,12,10,3,5,17
140.29,127,62,41,31,23,9,10,34
140.29,46,2,96,29,0,5,3,17
140.3,71,6,14,38,41,7,12,31
140.31,44,51,2,8,2,17,21,86
140.31,57,3,2,9,11,3,4,6
140.31,76,17,25,5,2,2,2,18
140.32,40,28,7,16,9,10,13,31
140.32,60,4,9,10,1,8,3,20
140.33,23,3,39,5,6,4,3,9
140.34,10,6,6,19,10,3,6,11
140.34,41,11,7,7,1,2,6,3
140.34,10,3,7,2,5,2,2,5
140.35,7,1,14,2,4,8,8,2
140.35,27,0,9,4,4,1,3,1
140.36,27,18,7,6,4,3,5,21
140.37,27,12,2,1,3,3,3,14
140.37,13,5,5,3,6,1,2,3
140.38,6,3,17,29,4,1,5,13
140.38,4,5,18,53,2,2,1,3
140.38,14,1,10,28,8,0,0,5
140.39,22,1,4,16,2,4,1,5
140.4,2,3,19,21,3,4,1,8
140.4,30,18,6,44,19,9,7,3
140.41,50,24,41,15,18,14,10,0
140.41,10,27,60,103,25,20,11,3
140.41,3,4,31,19,3,3,2,6
140.42,13,13,44,73,14,12,8,13
140.43,11,32,17,116,35,25,16,8
140.43,26,77,90,72,64,29,21,9
140.44,9,3,78,64,9,8,3,1
140.44,17,6,26,94,7,1,0,2
140.44,14,20,114,109,21,13,1,12
140.45,6,18,38,24,17,6,5,1
140.46,7,22,24,128,32,10,1,11
140.46,2,0,123,79,16,5,5,18
140.47,17,53,120,113,49,29,28,47
140.47,5,16,127,98,11,9,3,10
140.47,31,4,30,45,6,2,2,9
140.48,57,12,53,29,4,3,0,28
140.49,47,4,6,79,34,10,19,48
140.49,36,42,10,69,53,18,20,4
140.5,26,32,63,30,17,21,11,34
140.5,8,10,36,27,7,1,1,5
140.5,38,62,72,109,38,26,16,19
140.51,44,10,20,83,5,1,2,12
140.51,9,8,44,21,18,8,0,7
140.52,11,10,3,23,13,13,6,4
140.53,4,16,40,14,7,7,0,2
140.53,54,66,113,127,52,25,20,10
140.53,27,17,89,99,28,12,7,12
140.54,22,28,49,72,13,11,14,60
140.54,4,9,44,1,2,1,1,22
140.55,3,0,11,8,11,3,5,5
140.56,3,5,11,22,7,6,3,3
140.56,7,11,62,23,6,5,0,6
140.56,5,2,28,1,19,5,4,2
140.57,1,9,53,12,8,0,2,4
140.57,5,14,19,37,9,6,4,5
140.58,11,4,20,35,2,1,4,6
140.59,15,8,3,35,5,2,4,2
140.59,15,24,84,88,15,5,4,6
140.59,14,25,96,65,24,11,14,14
140.6,6,0,10,45,4,0,1,7
140.6,8,6,70,20,3,0,4,4
140.61,9,4,67,13,12,6,5,5
140.62,7,1,4,15,0,3,4,8
140.62,10,4,24,8,1,5,3,7
140.62,3,6,32,23,9,8,1,1
140.63,0,4,10,26,1,0,2,3
140.63,3,24,36,39,9,6,4,1
140.64,13,13,5,29,11,13,10,3
140.65,15,12,26,52,0,7,5,4
140.65,12,12,64,70,1,3,0,2
140.66,3,9,100,117,15,4,3,0
140.66,4,7,26,66,12,8,5,3
140.66,17,5,6,23,4,6,3,5
140.67,8,5,28,11,2,6,4,1
140.68,5,4,39,57,16,7,3,2
140.68,2,4,34,37,3,2,7,0
140.69,3,12,56,59,6,4,6,1
140.69,1,12,83,89,1,3,2,8
140.69,1,19,92,52,11,10,5,4
140.7,5,20,127,54,8,5,2,3
140.71,4,13,100,28,0,0,0,11
140.71,20,1,48,18,7,7,5,29
140.72,21,30,108,105,20,11,8,6
140.72,24,35,128,107,23,10,9,4
140.72,0,3,10,1,9,1,2,5
140.73,4,3,6,0,6,5,1,12
140.74,2,10,18,7,5,0,1,0
140.74,1,6,22,5,6,1,3,2
140.75,8,6,78,1,2,1,1,1
140.75,2,1,1,19,1,3,0,1
140.75,5,2,35,5,3,7,0,3
140.76,1,4,43,33,4,1,0,4
140.76,1,0,93,15,12,17,8,8
140.77,12,5,17,54,22,5,4,2
140.78,1,4,10,12,2,6,3,2
140.78,1,4,28,10,5,9,2,1
140.78,10,17,23,67,15,6,7,5
140.79,0,5,19,12,6,5,6,2
140.79,4,0,64,21,20,8,5,1
140.8,4,7,104,53,5,9,1,2
140.81,3,4,41,32,5,1,1,3
140.81,3,6,7,14,3,6,0,7
140.81,5,8,27,25,9,3,1,3
140.82,1,1,32,4,2,3,4,4
140.82,1,8,0,2,1,0,2,2
140.83,3,6,9,5,11,10,5,4
140.84,2,5,41,26,10,8,3,4
140.84,2,5,26,64,2,4,5,3
140.84,8,24,63,67,29,8,8,5
140.85,4,5,15,4,7,4,1,1
140.85,8,6,10,41,27,11,10,6
140.86,1,8,25,2,4,2,3,1
140.87,12,15,11,15,9,9,6,7
140.87,4,7,34,26,11,0,2,2
140.88,3,4,33,28,5,1,0,0
140.88,1,11,11,25,8,8,2,1
140.88,3,3,4,25,6,6,5,4
140.89,4,5,61,4,7,2,2,1
140.9,4,3,89,29,5,2,3,0
140.9,10,18,120,10,8,3,2,2
140.91,63,11,18,17,3,3,2,4
140.91,12,8,3,37,6,9,4,3
140.91,16,17,14,74,25,10,7,7
140.92,1,1,12,45,7,4,0,1
140.93,6,17,93,95,33,11,11,11
140.93,57,22,24,7,1,2,2,2
140.94,10,10,39,2,8,1,1,4
140.94,9,1,3,40,5,1,1,4
140.94,16,23,23,56,14,6,5,8
140.95,6,10,5,32,5,3,1,4
140.96,22,20,99,100,21,16,8,3
140.96,28,19,65,25,10,1,4,5
140.97,48,18,5,6,7,8,5,21
140.97,63,39,68,19,13,6,15,32
140.97,7,6,37,14,1,5,1,21
140.98,100,19,31,15,8,11,16,12
140.99,15,5,35,4,0,1,0,29
140.99,45,23,11,5,8,6,13,31
141,43,3,36,17,1,0,15,89
141,18,10,28,3,7,12,2,46
141,13,2,28,45,5,3,19,71
141.01,55,27,60,60,16,12,15,19
141.01,13,10,4,41,17,5,4,14
141.02,53,13,21,17,6,7,17,61
141.03,5,9,6,19,16,10,11,127
141.03,16,15,5,10,2,3,12,101
141.03,35,13,23,5,3,3,10,35
141.04,7,10,3,14,5,4,6,64
141.04,12,1,1,3,1,0,2,8
141.05,5,2,5,34,6,3,1,13
141.06,10,3,14,12,10,1,1,8
141.06,9,1,14,2,13,3,1,5
141.06,20,14,11,6,1,0,0,8
141.07,10,18,22,15,4,2,1,14
141.07,28,13,13,18,4,2,6,36
141.08,16,24,1,2,5,2,2,17
141.09,19,17,1,5,7,2,1,3
141.09,63,30,8,3,3,0,1,15
141.09,78,10,2,8,2,3,8,18
141.1,4,12,2,4,4,2,4,10
141.1,11,12,4,9,3,1,4,6
141.11,48,4,19,24,12,12,15,38
141.12,6,32,21,3,5,2,7,11
141.12,68,22,2,17,14,15,25,81
141.12,14,9,1,2,0,3,0,10
141.13,30,8,7,5,4,8,5,31
141.13,48,6,9,2,2,15,18,63
141.14,5,12,0,10,11,7,1,6
141.15,19,5,5,3,14,0,6,35
141.15,8,3,1,6,6,10,5,20
141.16,12,8,16,10,10,10,11,45
141.16,15,1,11,13,8,3,4,47
141.16,13,8,16,10,3,2,11,26
141.17,4,7,43,12,5,1,2,87
141.18,31,14,15,14,9,6,15,85
141.18,61,17,53,26,1,2,8,69
141.19,29,2,28,10,7,0,21,106
141.19,57,23,11,4,9,6,1,22
141.19,68,12,8,11,11,1,7,85
141.2,39,16,15,10,6,7,9,5
141.21,36,9,3,3,9,12,31,82
141.21,37,1,38,27,5,6,4,29
141.22,78,23,16,23,27,16,37,112
141.22,4,5,29,1,6,15,25,88
141.22,3,2,28,13,8,5,1,62
141.23,84,11,12,19,14,13,25,74
141.24,17,43,30,0,5,9,18,71
141.24,84,66,20,6,7,11,13,16
141.25,17,4,15,11,0,6,6,8
141.25,68,18,19,14,7,5,9,10
141.25,86,4,12,14,5,12,10,98
141.26,65,28,55,28,20,15,24,42
141.26,25,33,19,3,4,7,2,3
141.27,65,5,2,7,14,7,12,41
141.28,64,36,9,11,11,2,9,15
141.28,15,27,18,7,6,9,10,3
141.28,12,28,39,19,13,12,5,1
141.29,61,43,13,15,2,14,11,38
141.29,62,10,8,24,10,9,23,57
141.3,38,13,15,5,10,6,6,44
141.31,1,6,10,5,5,7,27,102
141.31,65,24,19,14,7,9,14,3
141.31,27,32,5,8,2,3,6,0
141.32,122,24,5,12,2,7,14,87
141.32,53,28,5,4,1,5,3,33
141.33,70,6,7,3,9,8,16,62
141.34,10,14,5,5,2,6,5,20
141.34,52,17,19,7,7,6,15,12
141.34,24,14,20,7,3,4,0,2
141.35,6,4,14,5,2,1,5,27
141.35,5,3,24,7,2,1,1,6
141.36,2,11,9,20,2,5,0,15
141.37,13,10,9,8,1,2,2,5
141.37,27,3,16,4,3,1,3,9
141.38,29,12,5,10,6,4,8,5
141.38,20,5,13,15,2,3,6,16
141.38,5,15,4,24,7,3,1,15
141.39,11,4,0,12,7,11,0,3
141.4,12,9,32,54,8,3,2,26
141.4,10,5,9,14,6,2,4,3
141.41,25,5,5,27,3,5,2,17
141.41,22,9,40,50,2,7,5,3
141.41,4,5,40,46,10,14,5,19
141.42,18,13,43,42,11,10,3,0
141.43,22,1,35,5,7,8,8,21
141.43,8,0,17,30,2,0,6,16
141.44,4,18,43,79,11,8,3,3
141.44,6,8,39,35,5,1,2,0
141.44,6,4,36,1,6,3,2,14
141.45,12,12,10,0,8,2,7,11
141.46,2,6,31,93,7,2,1,2
141.46,0,7,26,58,5,2,1,2
141.47,6,1,20,49,1,3,1,1
141.47,6,1,27,59,0,1,1,1
141.47,5,6,6,50,10,7,6,5
141.48,3,3,33,16,4,5,4,10
141.49,0,3,35,53,13,11,5,10
141.49,1,1,12,22,2,3,5,3
141.5,4,2,35,1,0,1,0,5
141.5,5,1,3,1,2,2,2,6
141.5,3,20,13,79,23,9,5,4
141.51,9,5,49,51,4,4,6,8
141.51,8,10,65,50,4,5,1,0
141.52,4,3,20,0,5,5,5,4
141.53,9,8,23,30,3,8,2,1
141.53,0,14,45,67,18,6,7,4
141.53,14,29,64,35,24,14,10,6
141.54,10,21,65,87,11,3,4,1
141.54,29,31,85,99,14,5,5,2
141.55,11,17,109,37,4,6,1,9
141.56,15,10,56,31,14,4,1,2
141.56,54,24,2,11,6,11,14,2
141.56,7,9,34,46,4,1,4,22
141.57,13,15,46,62,13,1,9,11
141.57,1,11,41,1,13,11,4,14
141.58,11,15,20,35,9,14,10,2
141.59,15,18,30,9,9,8,6,2
141.59,0,4,24,10,0,1,2,5
141.59,12,30,0,31,30,16,15,12
141.6,3,3,24,39,0,1,5,10
141.6,7,22,62,113,23,6,0,14
141.61,1,16,21,17,11,2,2,9
141.62,1,10,9,43,19,10,5,4
141.62,10,5,9,7,4,7,1,3
141.62,12,10,48,48,15,5,3,9
141.63,5,20,56,92,20,10,8,4
141.63,1,19,127,91,17,5,2,6
141.64,1,14,93,59,5,5,2,5
141.65,11,14,68,10,3,4,1,7
141.65,15,7,40,9,3,2,5,6
141.66,14,10,7,54,5,4,2,9
141.66,9,11,10,11,3,1,2,2
141.66,5,9,32,70,8,7,3,1
141.67,2,5,61,62,4,3,4,3
141.68,6,30,83,112,28,14,9,0
141.68,16,34,80,83,28,14,8,7
141.69,18,35,41,117,44,14,12,5
141.69,4,13,99,67,20,4,0,2
141.69,14,20,70,17,19,13,2,4
141.7,5,5,1,18,6,7,2,1
141.71,6,7,27,70,19,4,0,2
141.71,5,11,32,56,12,6,2,4
141.72,1,1,18,12,3,3,0,7
141.72,7,3,11,36,1,4,9,1
141.72,15,7,21,8,2,6,2,0
141.73,1,1,30,9,8,1,5,7
141.74,12,1,11,19,13,9,1,2
141.74,9,4,31,10,6,4,3,2
141.75,1,12,1,61,16,5,5,1
141.75,2,3,13,61,5,5,3,0
141.75,25,22,106,64,24,8,6,5
141.76,21,11,18,33,13,2,2,20
141.76,25,8,60,17,4,2,10,7
141.77,41,9,1,17,0,10,2,31
141.78,10,8,6,14,10,4,2,9
141.78,4,7,44,71,18,14,14,8
141.78,18,8,17,61,0,1,1,11
141.79,43,9,45,23,13,6,6,8
141.79,43,12,36,40,1,10,11,18
141.8,4,3,23,24,5,3,2,4
141.81,2,11,30,23,7,4,7,4
141.81,11,14,5,95,21,10,4,3
141.81,14,4,33,11,1,0,2,6
141.82,2,4,31,1,8,6,1,3
141.82,4,3,65,92,5,2,2,0
141.83,4,5,62,94,11,2,1,2
141.84,13,4,57,21,5,3,0,8
141.84,10,5,63,15,6,8,2,10
141.84,8,4,18,26,1,2,4,3
141.85,6,11,36,62,11,4,3,0
141.85,10,6,13,30,13,10,1,2
141.86,6,15,44,34,14,2,7,2
